3 0.547396 0.608333 0.055208 0.101852
3 0.457813 0.392593 0.053125 0.111111
1 0.371354 0.262963 0.013542 0.018519
1 0.394271 0.253704 0.013542 0.018519
7 0.807292 0.751852 0.020833 0.051852
7 0.656250 0.733333 0.014583 0.037037
3 0.371875 0.192593 0.012500 0.025926
1 0.359375 0.165741 0.010417 0.012963
3 0.354167 0.199074 0.018750 0.042593
3 0.343750 0.171296 0.014583 0.031481
2 0.318229 0.132407 0.005208 0.009259
1 0.308854 0.137037 0.007292 0.011111
1 0.302604 0.267593 0.011458 0.016667
1 0.303125 0.282407 0.012500 0.016667
1 0.304167 0.301852 0.014583 0.022222
1 0.306250 0.316667 0.014583 0.022222
