1 0.447396 0.187037 0.007292 0.011111
1 0.445312 0.233333 0.009375 0.011111
1 0.446354 0.246296 0.009375 0.011111
1 0.444792 0.262037 0.010417 0.016667
1 0.482292 0.198148 0.006250 0.011111
1 0.484375 0.204630 0.006250 0.016667
1 0.426563 0.257407 0.009375 0.018519
1 0.527083 0.377778 0.020833 0.029630
1 0.461458 0.182407 0.006250 0.009259
1 0.468229 0.189815 0.005208 0.009259
1 0.448437 0.206481 0.007292 0.009259
1 0.410417 0.276852 0.012500 0.020370
1 0.430729 0.186111 0.005208 0.012963
5 0.483333 0.312037 0.010417 0.024074
7 0.650000 0.674074 0.027083 0.037037
7 0.563542 0.959259 0.014583 0.055556
7 0.578125 0.675926 0.010417 0.025926
7 0.569792 0.535185 0.006250 0.025926
7 0.545833 0.540741 0.010417 0.029630
7 0.525000 0.449074 0.008333 0.027778
7 0.509375 0.475000 0.008333 0.027778
7 0.514583 0.394444 0.006250 0.018519
7 0.506250 0.325000 0.008333 0.012963
7 0.508854 0.304630 0.007292 0.016667
7 0.498437 0.306481 0.007292 0.012963
7 0.395833 0.336111 0.006250 0.016667
7 0.405208 0.350000 0.004167 0.018519
7 0.380729 0.372222 0.009375 0.018519
7 0.367708 0.429630 0.008333 0.022222
7 0.395833 0.371296 0.006250 0.020370
7 0.398438 0.384259 0.007292 0.024074
7 0.433333 0.637037 0.010417 0.044444
0 0.276042 0.587963 0.022917 0.027778
7 0.205729 0.595370 0.036458 0.035185
0 0.740625 0.678704 0.025000 0.031481
