0 0.761719 0.785648 0.090104 0.084259
0 0.802604 0.538889 0.048958 0.062963
0 0.850781 0.637500 0.053646 0.084259
0 0.858594 0.743519 0.054688 0.079630
0 0.642188 0.670833 0.053125 0.093519
0 0.601562 0.574537 0.033333 0.080556
0 0.590104 0.496296 0.031250 0.068519
0 0.578385 0.431481 0.027604 0.057407
0 0.567187 0.380556 0.026042 0.051852
0 0.545312 0.306944 0.021875 0.041667
0 0.730990 0.450000 0.044271 0.055556
0 0.694271 0.389352 0.034375 0.047222
0 0.670833 0.338426 0.031250 0.045370
0 0.648177 0.287037 0.025521 0.037037
0 0.627344 0.255093 0.023438 0.028704
0 0.601562 0.225926 0.017708 0.025926
0 0.389062 0.965278 0.039583 0.069444
0 0.039323 0.976852 0.056771 0.046296
0 0.225000 0.891667 0.044792 0.111111
0 0.079948 0.843981 0.051562 0.117593
0 0.180208 0.750463 0.048958 0.106481
0 0.106250 0.730556 0.043750 0.098148
0 0.128385 0.620370 0.040104 0.088889
0 0.271094 0.547685 0.028646 0.060185
0 0.214062 0.524074 0.030208 0.059259
0 0.146354 0.531019 0.037500 0.071296
0 0.164323 0.465278 0.034896 0.067593
0 0.182031 0.408333 0.028646 0.053704
0 0.041146 0.481481 0.058333 0.059259
0 0.092448 0.425000 0.044271 0.059259
0 0.059896 0.413889 0.034375 0.053704
0 0.080208 0.372222 0.030208 0.048148
0 0.202604 0.360648 0.026042 0.045370
0 0.307292 0.365741 0.021875 0.038889
0 0.297135 0.295833 0.019271 0.036111
0 0.331250 0.237500 0.020833 0.030556
0 0.295052 0.239815 0.019271 0.029630
0 0.293490 0.186111 0.016146 0.027778
0 0.217708 0.313889 0.023958 0.042593
0 0.232031 0.262037 0.024479 0.044444
0 0.242969 0.231019 0.020313 0.036111
0 0.251823 0.202778 0.019271 0.029630
0 0.101823 0.332407 0.030729 0.046296
0 0.117188 0.299537 0.029167 0.041667
0 0.133333 0.269444 0.023958 0.037037
0 0.159375 0.221296 0.020833 0.031481
0 0.171354 0.198611 0.020833 0.028704
0 0.183073 0.175926 0.020313 0.029630
0 0.193490 0.156481 0.019271 0.027778
0 0.201042 0.142130 0.015625 0.025000
0 0.208594 0.127315 0.017188 0.025000
0 0.215885 0.113426 0.014063 0.023148
0 0.224479 0.099074 0.012500 0.020370
0 0.232031 0.083796 0.014063 0.023148
0 0.289062 0.102778 0.014583 0.024074
0 0.328125 0.093056 0.013542 0.023148
0 0.349479 0.095833 0.012500 0.021296
0 0.329688 0.062963 0.011458 0.016667
0 0.318750 0.018056 0.011458 0.019444
0 0.236979 0.074537 0.011458 0.019444
0 0.241667 0.064815 0.012500 0.018519
0 0.248698 0.054630 0.011979 0.018519
0 0.252865 0.045370 0.011979 0.018519
0 0.257292 0.036111 0.011458 0.018519
0 0.262500 0.025000 0.011458 0.018519
0 0.267708 0.018981 0.010417 0.017593
0 0.272656 0.012500 0.011979 0.017593
0 0.343750 0.006481 0.010417 0.012963
0 0.372917 0.005556 0.009375 0.011111
0 0.099479 0.092593 0.028125 0.020370
0 0.122396 0.094907 0.018750 0.019444
0 0.111198 0.106019 0.017188 0.023148
0 0.094531 0.098611 0.025521 0.021296
0 0.091927 0.106019 0.023438 0.019444
0 0.097396 0.128241 0.020833 0.025000
0 0.079948 0.116667 0.027604 0.020370
0 0.067969 0.122222 0.027604 0.020370
0 0.065104 0.133333 0.031250 0.020370
0 0.054167 0.141204 0.036458 0.025000
0 0.043750 0.154167 0.036458 0.021296
0 0.037500 0.164352 0.040625 0.023148
0 0.027344 0.175000 0.040104 0.022222
0 0.018750 0.182870 0.035417 0.023148
0 0.014063 0.192130 0.028125 0.025000
0 0.009375 0.201852 0.018750 0.024074
0 0.008854 0.246296 0.017708 0.037037
0 0.030729 0.211574 0.026042 0.030556
0 0.057812 0.088889 0.022917 0.016667
0 0.052344 0.097685 0.020313 0.025000
0 0.032031 0.110648 0.030729 0.019444
0 0.019531 0.118519 0.033854 0.022222
0 0.013802 0.133333 0.027604 0.022222
