0 0.753676 0.894771 0.067647 0.152941
0 0.658824 0.778431 0.045588 0.121569
0 0.533456 0.748366 0.043382 0.111111
0 0.690074 0.641176 0.046324 0.095425
0 0.388603 0.534641 0.078676 0.060131
0 0.351471 0.407843 0.050000 0.099346
0 0.416176 0.381699 0.060294 0.052288
0 0.421324 0.348366 0.048529 0.037908
0 0.427941 0.287582 0.051471 0.036601
0 0.447794 0.320261 0.044118 0.052288
0 0.539706 0.412418 0.027941 0.058824
0 0.598897 0.389542 0.028676 0.057516
0 0.595588 0.339216 0.026471 0.048366
0 0.589338 0.299346 0.028676 0.049673
0 0.581985 0.196732 0.016912 0.030065
0 0.579412 0.171242 0.019118 0.028758
0 0.576103 0.145098 0.016912 0.028758
0 0.569118 0.113725 0.014706 0.028758
0 0.570588 0.099346 0.016176 0.020915
2 0.504412 0.103922 0.019118 0.048366
0 0.465074 0.110458 0.028676 0.024837
0 0.482353 0.098039 0.016176 0.026144
0 0.455515 0.130065 0.024265 0.032680
0 0.448162 0.182353 0.034559 0.030065
0 0.445221 0.225490 0.041912 0.040523
2 0.408456 0.254902 0.071324 0.054902
