0 0.032721 0.939869 0.065441 0.099346
0 0.095588 0.960784 0.127941 0.078431
0 0.183824 0.808497 0.101471 0.100654
0 0.828309 0.930065 0.084559 0.121569
0 0.958456 0.945098 0.083088 0.107190
0 0.765441 0.794118 0.058824 0.079739
0 0.187500 0.673856 0.085294 0.053595
0 0.259191 0.575163 0.056618 0.047059
0 0.259559 0.548366 0.060294 0.045752
2 0.265074 0.515033 0.059559 0.052288
0 0.270221 0.475817 0.049265 0.031373
0 0.288603 0.458824 0.043382 0.031373
0 0.284191 0.447059 0.043382 0.026144
0 0.287132 0.422222 0.038971 0.026144
0 0.296324 0.413725 0.038235 0.027451
0 0.312500 0.398693 0.033824 0.023529
0 0.317279 0.391503 0.033088 0.022222
0 0.359191 0.369935 0.028676 0.023529
0 0.325735 0.366667 0.030882 0.022222
0 0.379779 0.357516 0.013971 0.024837
0 0.354412 0.340523 0.027941 0.016993
0 0.346324 0.331373 0.032353 0.016993
0 0.762132 0.509804 0.055147 0.041830
0 0.701103 0.465359 0.044853 0.028758
0 0.654779 0.443137 0.021324 0.026144
0 0.640441 0.425490 0.038235 0.030065
2 0.634559 0.386275 0.027941 0.043137
0 0.627941 0.383660 0.033824 0.022222
0 0.616544 0.366013 0.030147 0.018301
0 0.608088 0.360784 0.029412 0.018301
0 0.577206 0.381699 0.017647 0.026144
2 0.501838 0.454902 0.022794 0.052288
0 0.507353 0.368627 0.013235 0.020915
0 0.526838 0.368627 0.013971 0.020915
0 0.520588 0.347712 0.013235 0.018301
0 0.550735 0.355556 0.011765 0.020915
0 0.506985 0.332680 0.011029 0.019608
0 0.537132 0.341176 0.013971 0.018301
0 0.637132 0.322876 0.025735 0.015686
0 0.538971 0.318954 0.010294 0.015686
0 0.564706 0.318954 0.019118 0.015686
0 0.590074 0.288235 0.009559 0.011765
0 0.448162 0.296732 0.011029 0.015686
0 0.480882 0.283660 0.008824 0.015686
0 0.433824 0.289542 0.008824 0.014379
0 0.372426 0.267320 0.021324 0.016993
0 0.391176 0.275817 0.008824 0.013072
2 0.386029 0.260784 0.013235 0.014379
0 0.388603 0.260784 0.013971 0.014379
0 0.415441 0.264052 0.008824 0.013072
0 0.419853 0.254248 0.007353 0.011765
0 0.486397 0.243791 0.006618 0.009150
0 0.497426 0.242484 0.006618 0.009150
0 0.487500 0.240523 0.005882 0.007843
0 0.475000 0.247059 0.005882 0.010458
0 0.474632 0.243137 0.006618 0.007843
0 0.429044 0.239216 0.006618 0.010458
0 0.445956 0.228758 0.012500 0.010458
0 0.431618 0.228758 0.011765 0.010458
0 0.425368 0.226797 0.012500 0.009150
0 0.473897 0.228105 0.011029 0.009150
0 0.536765 0.258170 0.013235 0.011765
0 0.551103 0.239869 0.006618 0.009150
1 0.541912 0.240523 0.008824 0.018301
