2 0.284926 0.947059 0.071324 0.105882
1 0.662868 0.947712 0.066912 0.104575
1 0.832721 0.961438 0.133088 0.077124
4 0.234191 0.767974 0.088971 0.077124
1 0.224632 0.656209 0.103676 0.075817
1 0.252206 0.606536 0.092647 0.078431
1 0.211765 0.460784 0.079412 0.056209
1 0.198897 0.405229 0.069853 0.049673
4 0.395221 0.471895 0.021324 0.049673
2 0.598529 0.303268 0.025000 0.052288
4 0.762868 0.618301 0.027206 0.067974
0 0.761029 0.596732 0.035294 0.032680
4 0.722059 0.501307 0.048529 0.037908
1 0.684559 0.453595 0.072059 0.054902
4 0.679044 0.418301 0.043382 0.026144
1 0.579779 0.243137 0.030147 0.033987
3 0.567279 0.171242 0.019853 0.039216
1 0.619118 0.237908 0.041176 0.026144
3 0.489338 0.160784 0.018382 0.041830
1 0.485662 0.288889 0.021324 0.041830
1 0.433824 0.237908 0.022059 0.041830
1 0.466544 0.079085 0.009559 0.014379
1 0.469118 0.064706 0.008824 0.014379
1 0.382353 0.161438 0.032353 0.022222
1 0.347426 0.158170 0.033088 0.023529
1 0.337500 0.354902 0.063235 0.040523
7 0.300368 0.249673 0.018382 0.020915
7 0.280147 0.264052 0.023529 0.026144
