0 0.707353 0.832026 0.063235 0.126797
0 0.664706 0.664706 0.045588 0.082353
0 0.641176 0.560784 0.041176 0.065359
0 0.611765 0.477124 0.038235 0.052288
0 0.608456 0.427451 0.034559 0.039216
0 0.487500 0.398693 0.027941 0.047059
0 0.481985 0.337908 0.024265 0.040523
0 0.490809 0.292157 0.021324 0.043137
0 0.525000 0.299346 0.020588 0.036601
0 0.561765 0.345098 0.042647 0.036601
0 0.607721 0.347712 0.044853 0.036601
0 0.195956 0.567320 0.090441 0.049673
0 0.333824 0.543791 0.051471 0.073203
0 0.304044 0.650327 0.050735 0.069281
0 0.361397 0.782353 0.044853 0.121569
0 0.827941 0.760784 0.048529 0.091503
0 0.892279 0.902614 0.087500 0.137255
0 0.770588 0.589542 0.045588 0.073203
0 0.740809 0.523529 0.038971 0.064052
0 0.718015 0.461438 0.031618 0.057516
0 0.684926 0.373856 0.033088 0.041830
0 0.801103 0.522222 0.041912 0.050980
0 0.802574 0.430065 0.044853 0.078431
0 0.706985 0.348366 0.052206 0.032680
0 0.660662 0.330065 0.022794 0.032680
0 0.620221 0.323529 0.021324 0.027451
0 0.338235 0.371895 0.030882 0.040523
0 0.332353 0.254902 0.039706 0.026144
0 0.366176 0.287582 0.023529 0.044444
0 0.335662 0.230065 0.036029 0.028758
0 0.319485 0.214379 0.028676 0.023529
0 0.408088 0.169935 0.013235 0.018301
0 0.506618 0.120915 0.008824 0.014379
0 0.500368 0.089542 0.008088 0.014379
0 0.505882 0.082353 0.007353 0.010458
0 0.501471 0.069281 0.007353 0.010458
0 0.538603 0.137255 0.012500 0.023529
0 0.424632 0.122222 0.008088 0.014379
0 0.426838 0.116340 0.008088 0.010458
0 0.433824 0.100000 0.008824 0.011765
0 0.527941 0.096078 0.008824 0.014379
0 0.522794 0.082353 0.007353 0.013072
0 0.533088 0.122876 0.011765 0.013072
0 0.533824 0.112418 0.010294 0.013072
0 0.609926 0.228105 0.037500 0.024837
0 0.636029 0.281046 0.026471 0.031373
