7 0.695956 0.967320 0.031618 0.065359
1 0.488971 0.983660 0.061765 0.032680
7 0.566544 0.982353 0.025735 0.035294
0 0.495588 0.853595 0.045588 0.075817
4 0.851103 0.531373 0.061029 0.058824
1 0.954044 0.445752 0.090441 0.067974
7 0.769853 0.638562 0.041176 0.037908
7 0.805882 0.391503 0.032353 0.030065
7 0.697794 0.510458 0.042647 0.037908
0 0.156985 0.915686 0.033088 0.079739
0 0.537132 0.639869 0.041912 0.058824
1 0.287132 0.464706 0.109559 0.077124
2 0.537868 0.476471 0.084559 0.103268
1 0.639338 0.423529 0.093382 0.073203
7 0.713603 0.287582 0.015441 0.036601
7 0.707353 0.280392 0.016176 0.032680
7 0.679044 0.277124 0.018382 0.028758
7 0.678309 0.266013 0.013971 0.037908
0 0.559191 0.389542 0.034559 0.033987
7 0.579412 0.342484 0.029412 0.039216
7 0.633824 0.199346 0.019118 0.027451
7 0.607721 0.195425 0.021324 0.027451
1 0.562500 0.152288 0.023529 0.043137
1 0.512500 0.140523 0.020588 0.035294
1 0.552206 0.095425 0.019118 0.033987
7 0.511397 0.036601 0.003676 0.013072
1 0.455882 0.151634 0.025000 0.044444
1 0.448897 0.252941 0.030147 0.061438
1 0.393015 0.242484 0.033088 0.066667
2 0.402941 0.179739 0.036765 0.098039
1 0.388971 0.069281 0.020588 0.028758
1 0.397059 0.050980 0.019118 0.028758
1 0.406985 0.023529 0.016912 0.028758
1 0.411765 0.014379 0.016176 0.023529
1 0.417647 0.007190 0.013235 0.014379
7 0.437132 0.016993 0.005147 0.015686
7 0.448897 0.009150 0.005147 0.013072
7 0.369485 0.035948 0.013971 0.011765
0 0.365809 0.058824 0.006618 0.018301
7 0.355147 0.072549 0.014706 0.016993
4 0.345221 0.099346 0.019853 0.023529
7 0.336029 0.116340 0.014706 0.018301
7 0.340441 0.117647 0.014706 0.015686
7 0.282353 0.105229 0.007353 0.037908
0 0.254044 0.169281 0.021324 0.024837
0 0.253309 0.166013 0.018382 0.020915
7 0.260294 0.231373 0.017647 0.026144
0 0.259191 0.224183 0.015441 0.032680
7 0.259191 0.216340 0.022794 0.032680
7 0.203676 0.204575 0.023529 0.032680
7 0.219118 0.287582 0.025000 0.026144
0 0.220221 0.280392 0.021324 0.024837
7 0.201103 0.265359 0.022794 0.031373
4 0.206618 0.317647 0.022059 0.054902
4 0.095221 0.239216 0.018382 0.036601
7 0.066912 0.227451 0.023529 0.026144
1 0.014338 0.308497 0.028676 0.065359
7 0.288235 0.392157 0.032353 0.039216
