1 0.925521 0.510185 0.028125 0.046296
1 0.909375 0.440278 0.021875 0.034259
1 0.881510 0.369907 0.016146 0.023148
2 0.927344 0.337037 0.014063 0.024074
1 0.924219 0.310648 0.013021 0.017593
1 0.890104 0.297685 0.012500 0.017593
3 0.907813 0.283333 0.016667 0.033333
6 0.944531 0.287963 0.015104 0.027778
1 0.946354 0.259722 0.010417 0.013889
4 0.988802 0.356944 0.008854 0.017593
1 0.930469 0.241204 0.008854 0.012037
1 0.946354 0.230093 0.008333 0.010185
1 0.936979 0.218056 0.007292 0.008333
1 0.923958 0.212963 0.007292 0.009259
1 0.930208 0.192130 0.005208 0.006481
1 0.948177 0.193056 0.005729 0.006481
1 0.945052 0.207407 0.006771 0.007407
1 0.962500 0.207870 0.006250 0.008333
2 0.937500 0.200926 0.005208 0.009259
1 0.281771 0.951389 0.105208 0.097222
1 0.072917 0.849074 0.127083 0.133333
1 0.147917 0.876389 0.110417 0.132407
1 0.392969 0.827778 0.082812 0.127778
2 0.299219 0.819907 0.086979 0.136111
1 0.268490 0.757407 0.089063 0.101852
1 0.220052 0.722222 0.072396 0.090741
1 0.454167 0.737963 0.075000 0.111111
1 0.373698 0.740278 0.071354 0.095370
1 0.354687 0.672222 0.066667 0.079630
1 0.322396 0.642593 0.066667 0.074074
1 0.433854 0.665741 0.061458 0.085185
2 0.483594 0.610185 0.050521 0.077778
1 0.516146 0.672222 0.056250 0.075926
2 0.432031 0.595370 0.061979 0.092593
2 0.387500 0.577315 0.050000 0.073148
1 0.552865 0.612963 0.046354 0.062963
1 0.525000 0.577315 0.044792 0.056481
1 0.483073 0.559259 0.045312 0.053704
1 0.457292 0.531481 0.043750 0.048148
1 0.456771 0.487500 0.035417 0.043519
2 0.583854 0.568981 0.042708 0.071296
2 0.520833 0.516667 0.038542 0.062963
1 0.492188 0.500926 0.041667 0.048148
1 0.516927 0.443056 0.030729 0.041667
1 0.528646 0.469444 0.034375 0.040741
1 0.552344 0.492593 0.033854 0.042593
1 0.566406 0.525000 0.036979 0.050000
1 0.622396 0.544907 0.038542 0.050926
1 0.645573 0.512963 0.034896 0.044444
1 0.597917 0.494907 0.036458 0.043519
1 0.562500 0.443056 0.034375 0.039815
2 0.583594 0.462037 0.030729 0.051852
1 0.587500 0.421296 0.029167 0.033333
1 0.601823 0.442593 0.025521 0.037037
1 0.621615 0.465278 0.029687 0.039815
1 0.665365 0.480556 0.032813 0.042593
1 0.646094 0.444444 0.028646 0.035185
1 0.624219 0.423611 0.027604 0.034259
1 0.616146 0.396296 0.026042 0.031481
1 0.611458 0.369907 0.021875 0.030556
1 0.636719 0.380093 0.022396 0.028704
1 0.643490 0.407407 0.025521 0.031481
1 0.666667 0.423611 0.023958 0.032407
1 0.691667 0.450000 0.028125 0.042593
1 0.705990 0.431019 0.024479 0.034259
1 0.685156 0.405093 0.022396 0.030556
2 0.664323 0.379167 0.021354 0.036111
1 0.654167 0.365741 0.023958 0.025926
1 0.724219 0.410185 0.023438 0.038889
1 0.697917 0.387500 0.022917 0.028704
2 0.685417 0.363426 0.020833 0.034259
1 0.673698 0.351852 0.018229 0.022222
1 0.678385 0.336574 0.019271 0.025000
2 0.727604 0.390741 0.021875 0.031481
1 0.716927 0.368519 0.020313 0.025926
1 0.700000 0.354167 0.017708 0.025000
1 0.692448 0.331019 0.017188 0.021296
1 0.744010 0.383796 0.019271 0.028704
1 0.729167 0.356019 0.017708 0.023148
1 0.753385 0.371296 0.019271 0.025926
1 0.714583 0.344444 0.017708 0.022222
1 0.710417 0.319444 0.015625 0.024074
2 0.723177 0.329167 0.015104 0.028704
1 0.763542 0.358333 0.016667 0.025926
2 0.740885 0.338426 0.017188 0.028704
2 0.733854 0.319444 0.012500 0.025926
1 0.725000 0.305093 0.014583 0.019444
1 0.771354 0.348148 0.016667 0.024074
1 0.781771 0.338426 0.015625 0.023148
2 0.753385 0.326389 0.013021 0.026852
1 0.784896 0.327315 0.014583 0.021296
1 0.796094 0.320833 0.014063 0.021296
1 0.800260 0.311574 0.013021 0.019444
1 0.809635 0.302315 0.015104 0.021296
1 0.763802 0.320370 0.014063 0.022222
1 0.771615 0.312037 0.013021 0.018519
1 0.778385 0.301852 0.014063 0.020370
1 0.742188 0.315278 0.013542 0.017593
1 0.751042 0.308333 0.012500 0.018519
1 0.757031 0.300926 0.011979 0.018519
1 0.736979 0.295833 0.014583 0.021296
1 0.745573 0.290741 0.010937 0.016667
3 0.801302 0.269444 0.014063 0.031481
1 0.812240 0.280556 0.014063 0.020370
7 0.392969 0.506481 0.016146 0.025926
4 0.675521 0.313426 0.008333 0.013889
