5 0.616927 0.963889 0.023438 0.072222
1 0.527083 0.874537 0.037500 0.082407
1 0.488542 0.754630 0.032292 0.064815
1 0.517708 0.716204 0.029167 0.058333
7 0.642448 0.791204 0.021354 0.034259
7 0.613021 0.799074 0.021875 0.038889
1 0.295052 0.952778 0.045312 0.094444
1 0.365625 0.950463 0.047917 0.099074
1 0.383333 0.855556 0.041667 0.083333
1 0.395833 0.780556 0.035417 0.066667
7 0.018229 0.974537 0.028125 0.034259
7 0.026562 0.962037 0.032292 0.035185
7 0.061979 0.898611 0.035417 0.032407
0 0.073698 0.875926 0.036979 0.044444
7 0.112240 0.814352 0.014063 0.043519
7 0.228125 0.670833 0.022917 0.023148
7 0.239583 0.644444 0.021875 0.022222
7 0.447656 0.687963 0.009896 0.038889
7 0.540365 0.638889 0.010937 0.037037
4 0.563281 0.612963 0.022396 0.029630
1 0.408594 0.654167 0.020313 0.052778
1 0.409375 0.582870 0.016667 0.036111
1 0.465625 0.583796 0.020833 0.041667
0 0.423177 0.636111 0.004687 0.020370
7 0.438542 0.641204 0.006250 0.025000
4 0.445573 0.618981 0.009896 0.032407
7 0.450781 0.538889 0.007812 0.022222
7 0.500781 0.512963 0.004687 0.014815
2 0.463281 0.487963 0.016146 0.037037
7 0.509115 0.479630 0.004687 0.016667
7 0.493229 0.474537 0.006250 0.013889
7 0.479427 0.467593 0.004687 0.012963
7 0.436458 0.477778 0.005208 0.018519
5 0.495573 0.450463 0.006771 0.023148
1 0.513021 0.439815 0.015625 0.024074
0 0.435937 0.412500 0.003125 0.015741
7 0.486979 0.428704 0.003125 0.011111
1 0.431771 0.391204 0.011458 0.021296
1 0.436979 0.375000 0.006250 0.014815
1 0.379948 0.337037 0.020313 0.014815
2 0.364583 0.333333 0.013542 0.016667
1 0.356250 0.322685 0.017708 0.017593
1 0.377344 0.325926 0.017188 0.011111
7 0.465365 0.402315 0.004687 0.015741
7 0.483854 0.409722 0.004167 0.019444
7 0.471615 0.394907 0.004687 0.017593
7 0.488802 0.399074 0.003646 0.012963
7 0.445312 0.377778 0.003125 0.012963
7 0.450000 0.362963 0.003125 0.009259
1 0.475000 0.365741 0.008333 0.016667
1 0.479427 0.352778 0.019271 0.016667
1 0.448958 0.322222 0.007292 0.014815
5 0.427865 0.370833 0.007812 0.021296
1 0.432812 0.342593 0.010417 0.014815
1 0.491406 0.324537 0.008854 0.013889
5 0.496094 0.340278 0.007812 0.013889
1 0.490104 0.312037 0.009375 0.012963
7 0.468490 0.343056 0.002604 0.008333
7 0.473698 0.329630 0.001563 0.007407
7 0.470052 0.332870 0.003646 0.008333
7 0.473438 0.311574 0.002083 0.006481
0 0.454167 0.318056 0.005208 0.010185
7 0.444010 0.318519 0.001563 0.009259
7 0.480729 0.312037 0.004167 0.007407
7 0.449479 0.300463 0.003125 0.008333
4 0.472656 0.293519 0.006771 0.012963
7 0.464323 0.290278 0.003646 0.012037
7 0.445312 0.297222 0.003125 0.007407
7 0.442969 0.279630 0.002604 0.007407
7 0.448177 0.284722 0.002604 0.008333
7 0.446354 0.281944 0.002083 0.006481
7 0.465365 0.275000 0.002604 0.007407
7 0.469010 0.267593 0.002604 0.007407
7 0.462760 0.267593 0.002604 0.005556
7 0.456510 0.267593 0.002604 0.005556
