0 0.190809 0.902614 0.118382 0.176471
0 0.346324 0.690196 0.058824 0.146405
0 0.396691 0.418301 0.037500 0.057516
0 0.031250 0.764052 0.062500 0.103268
0 0.037868 0.703268 0.075735 0.099346
0 0.037500 0.701961 0.075000 0.099346
0 0.042279 0.616340 0.084559 0.100654
0 0.080882 0.556863 0.113235 0.075817
0 0.513603 0.272549 0.028676 0.048366
0 0.445956 0.199346 0.025735 0.040523
0 0.023529 0.330719 0.047059 0.060131
0 0.038971 0.309804 0.060294 0.052288
0 0.057721 0.278431 0.061029 0.041830
0 0.831250 0.500654 0.096324 0.078431
