0 0.398958 0.402778 0.010417 0.020370
0 0.430729 0.393519 0.015625 0.016667
0 0.403646 0.421296 0.013542 0.020370
0 0.413542 0.452778 0.010417 0.024074
0 0.394271 0.474074 0.013542 0.029630
0 0.299479 0.870370 0.034375 0.081481
0 0.268229 0.969444 0.034375 0.061111
0 0.553125 0.758333 0.029167 0.057407
0 0.539583 0.594444 0.014583 0.029630
0 0.501563 0.495370 0.015625 0.024074
0 0.472396 0.464815 0.011458 0.022222
0 0.467187 0.429630 0.009375 0.018519
0 0.477083 0.391667 0.010417 0.020370
0 0.482292 0.417593 0.008333 0.016667
2 0.464583 0.406481 0.014583 0.027778
0 0.496354 0.457407 0.015625 0.022222
0 0.497917 0.433333 0.008333 0.014815
0 0.418229 0.355556 0.009375 0.014815
0 0.418229 0.341667 0.009375 0.012963
0 0.418750 0.333333 0.010417 0.011111
0 0.418750 0.321296 0.006250 0.012963
0 0.419792 0.312037 0.010417 0.012963
0 0.418750 0.306481 0.008333 0.012963
0 0.401562 0.364815 0.011458 0.014815
0 0.403646 0.352778 0.009375 0.012963
0 0.402604 0.336111 0.009375 0.012963
0 0.405208 0.323148 0.008333 0.012963
0 0.406771 0.308333 0.007292 0.012963
0 0.405729 0.300000 0.007292 0.014815
0 0.419271 0.299074 0.007292 0.012963
0 0.419271 0.288889 0.007292 0.007407
0 0.421354 0.271296 0.007292 0.012963
0 0.414583 0.281481 0.004167 0.014815
0 0.421354 0.280556 0.007292 0.009259
0 0.457292 0.350000 0.006250 0.014815
0 0.452604 0.326852 0.009375 0.012963
0 0.461979 0.312963 0.007292 0.014815
0 0.453125 0.288889 0.006250 0.011111
0 0.456771 0.281481 0.007292 0.011111
