1 0.498437 0.385185 0.009375 0.014815
7 0.521354 0.404630 0.005208 0.009259
5 0.511458 0.403704 0.008333 0.014815
1 0.463021 0.400926 0.013542 0.020370
1 0.460417 0.420370 0.012500 0.018519
1 0.453646 0.443519 0.013542 0.020370
7 0.472917 0.419444 0.004167 0.009259
0 0.475521 0.437963 0.003125 0.005556
5 0.460938 0.463889 0.007292 0.012963
1 0.541667 0.472222 0.016667 0.029630
7 0.482292 0.486111 0.006250 0.016667
1 0.548958 0.515741 0.016667 0.031481
1 0.546354 0.499074 0.017708 0.027778
7 0.514062 0.527778 0.007292 0.018519
5 0.364063 0.634259 0.030208 0.042593
7 0.176042 0.863889 0.031250 0.053704
7 0.205208 0.800926 0.031250 0.035185
0 0.152604 0.860185 0.026042 0.038889
7 0.385937 0.671296 0.011458 0.027778
1 0.566146 0.585185 0.036458 0.081481
1 0.541146 0.920370 0.048958 0.100000
1 0.621354 0.892593 0.046875 0.088889
7 0.413542 0.704630 0.008333 0.035185
7 0.486458 0.715741 0.010417 0.038889
7 0.530208 0.694444 0.010417 0.033333
7 0.588021 0.783333 0.013542 0.040741
