2 0.373162 0.711765 0.086029 0.226144
1 0.724632 0.753595 0.159559 0.205229
1 0.456985 0.883660 0.105147 0.232680
1 0.434191 0.508497 0.053676 0.122876
1 0.518015 0.450327 0.047794 0.108497
1 0.457353 0.327451 0.039706 0.087582
1 0.517647 0.313725 0.039706 0.078431
1 0.584191 0.233333 0.031618 0.056209
1 0.671691 0.347059 0.046324 0.074510
1 0.523162 0.221569 0.030147 0.058824
1 0.475000 0.244444 0.035294 0.062745
1 0.480147 0.191503 0.029412 0.064052
1 0.484559 0.145098 0.027941 0.047059
1 0.523897 0.145752 0.025735 0.050980
1 0.523162 0.100000 0.019853 0.037908
2 0.530147 0.024183 0.016176 0.037908
2 0.461397 0.056209 0.019853 0.049673
1 0.490074 0.058824 0.016912 0.033987
1 0.417647 0.130065 0.048529 0.040523
1 0.434191 0.085621 0.046324 0.040523
1 0.613971 0.022222 0.032353 0.026144
1 0.626838 0.041176 0.028676 0.022222
1 0.630147 0.059477 0.033824 0.027451
1 0.642647 0.073203 0.032353 0.028758
1 0.654412 0.094118 0.035294 0.023529
1 0.645588 0.108497 0.039706 0.031373
1 0.657721 0.118954 0.040441 0.033987
2 0.725000 0.306536 0.063235 0.066667
1 0.727941 0.256863 0.072059 0.056209
1 0.737500 0.239869 0.067647 0.053595
1 0.703676 0.214379 0.057353 0.044444
1 0.680147 0.204575 0.052941 0.048366
1 0.664706 0.170588 0.048529 0.035294
0 0.101103 0.388235 0.033088 0.047059
7 0.909926 0.709150 0.052206 0.061438
7 0.945588 0.646405 0.048529 0.061438
7 0.656250 0.423529 0.018382 0.052288
2 0.633088 0.311111 0.010294 0.047059
7 0.591176 0.166013 0.010294 0.033987
4 0.579412 0.068627 0.008824 0.024837
4 0.490441 0.091503 0.011765 0.028758
0 0.434926 0.281699 0.012500 0.045752
1 0.447794 0.007843 0.030882 0.015686
1 0.460662 0.014379 0.031618 0.020915
1 0.596324 0.005229 0.017647 0.010458
