0 0.630729 0.588426 0.045833 0.050926
2 0.185677 0.406481 0.048438 0.062963
0 0.173177 0.375926 0.025521 0.018519
0 0.208333 0.413426 0.030208 0.026852
0 0.787240 0.436111 0.030729 0.035185
2 0.538542 0.415278 0.044792 0.032407
0 0.538802 0.384259 0.013021 0.025926
0 0.663542 0.436111 0.036458 0.022222
0 0.676823 0.428241 0.034896 0.028704
0 0.696615 0.420370 0.035937 0.029630
0 0.383854 0.428704 0.040625 0.031481
0 0.403125 0.406019 0.039583 0.030556
1 0.458333 0.417593 0.058333 0.053704
0 0.459635 0.443519 0.039062 0.025926
0 0.504167 0.439815 0.039583 0.029630
