0 0.183073 0.308796 0.039062 0.036111
0 0.237760 0.318056 0.031771 0.028704
0 0.283594 0.325000 0.031771 0.024074
0 0.334635 0.362963 0.033854 0.027778
0 0.444010 0.146296 0.004687 0.007407
2 0.439323 0.152315 0.005729 0.012037
2 0.437240 0.155093 0.006771 0.013889
0 0.435677 0.160648 0.005729 0.012037
0 0.506771 0.165741 0.004167 0.007407
0 0.508333 0.170370 0.005208 0.009259
0 0.509115 0.175000 0.005729 0.011111
0 0.511719 0.181481 0.005729 0.009259
0 0.463021 0.168056 0.004167 0.008333
0 0.520052 0.225000 0.015104 0.012963
0 0.464583 0.183796 0.005208 0.008333
0 0.458594 0.203241 0.006771 0.012037
0 0.451823 0.198611 0.006771 0.012037
0 0.427604 0.208796 0.011458 0.008333
0 0.425260 0.212500 0.010937 0.010185
0 0.526823 0.250000 0.017188 0.012963
0 0.457552 0.271296 0.009896 0.018519
0 0.540104 0.273611 0.009375 0.015741
0 0.599740 0.295833 0.010937 0.021296
0 0.580729 0.295370 0.012500 0.020370
0 0.487240 0.343519 0.014063 0.024074
0 0.484896 0.425000 0.017708 0.027778
0 0.383073 0.598148 0.028646 0.059259
0 0.247396 0.919444 0.094792 0.114815
