1 0.877574 0.286928 0.056618 0.048366
1 0.826838 0.293464 0.068382 0.050980
1 0.679779 0.324837 0.066912 0.048366
1 0.765441 0.339869 0.064706 0.047059
1 0.849265 0.347059 0.063235 0.048366
1 0.762500 0.391503 0.073529 0.061438
7 0.677941 0.353595 0.014706 0.032680
1 0.677206 0.414379 0.072059 0.060131
1 0.637500 0.639216 0.101471 0.096732
1 0.850368 0.487582 0.080147 0.067974
1 0.795221 0.536601 0.069853 0.116340
7 0.783088 0.575163 0.025000 0.049673
1 0.706250 0.541830 0.088971 0.074510
7 0.687132 0.525490 0.027206 0.047059
2 0.592279 0.430065 0.069853 0.078431
1 0.461765 0.466013 0.091176 0.069281
6 0.432353 0.535948 0.172059 0.154248
0 0.734559 0.963399 0.017647 0.070588
4 0.717279 0.871895 0.068382 0.088889
4 0.461029 0.882353 0.047059 0.054902
0 0.400735 0.867974 0.042647 0.062745
7 0.395221 0.857516 0.038971 0.073203
4 0.348529 0.751634 0.058824 0.104575
7 0.330882 0.666013 0.038235 0.048366
7 0.236029 0.534641 0.030882 0.041830
1 0.137132 0.599346 0.109559 0.087582
1 0.021324 0.502614 0.042647 0.084967
7 0.026471 0.446405 0.017647 0.043137
7 0.051471 0.639869 0.029412 0.045752
7 0.298897 0.498039 0.033088 0.039216
7 0.277206 0.490196 0.036765 0.036601
7 0.123529 0.441176 0.027941 0.035294
7 0.062132 0.371242 0.013971 0.033987
1 0.040809 0.294771 0.033088 0.053595
7 0.004044 0.322222 0.008088 0.032680
1 0.071691 0.229412 0.028676 0.040523
1 0.011397 0.189542 0.022794 0.041830
4 0.120221 0.312418 0.016912 0.047059
7 0.004412 0.118301 0.008824 0.022222
1 0.021324 0.121569 0.023529 0.033987
1 0.030147 0.095425 0.020588 0.028758
2 0.037868 0.067320 0.019853 0.043137
7 0.185294 0.175163 0.019118 0.020915
7 0.183824 0.159477 0.014706 0.023529
1 0.050735 0.036601 0.016176 0.023529
1 0.073529 0.147712 0.023529 0.036601
1 0.103309 0.143137 0.018382 0.032680
1 0.092279 0.118954 0.024265 0.026144
1 0.069118 0.090850 0.020588 0.024837
1 0.072059 0.072549 0.017647 0.024837
1 0.072059 0.058824 0.017647 0.023529
1 0.068382 0.110458 0.022059 0.035294
2 0.098529 0.062092 0.014706 0.030065
6 0.085294 0.032680 0.027941 0.047059
1 0.121691 0.041176 0.015441 0.024837
1 0.157353 0.149673 0.038235 0.032680
