1 0.233456 0.930065 0.180147 0.139869
1 0.338971 0.687582 0.073529 0.154248
1 0.336029 0.565359 0.054412 0.113725
1 0.240441 0.535294 0.073529 0.121569
1 0.350735 0.477124 0.066176 0.099346
7 0.229412 0.420915 0.032353 0.047059
7 0.304779 0.386275 0.028676 0.037908
5 0.355515 0.425490 0.049265 0.056209
1 0.378676 0.367974 0.070588 0.079739
1 0.371691 0.335948 0.040441 0.065359
1 0.375000 0.291503 0.052941 0.047059
1 0.378676 0.271242 0.050000 0.045752
1 0.387132 0.250980 0.047794 0.041830
1 0.372426 0.224837 0.022794 0.039216
1 0.375735 0.204575 0.020588 0.035294
1 0.359559 0.154902 0.023529 0.032680
1 0.390441 0.154248 0.017647 0.028758
1 0.385662 0.131373 0.019853 0.024837
7 0.636029 0.665359 0.026471 0.086275
1 0.660294 0.481699 0.045588 0.077124
1 0.633456 0.416340 0.041912 0.066667
3 0.774265 0.500000 0.129412 0.132026
7 0.724632 0.408497 0.038971 0.040523
1 0.594118 0.358824 0.057353 0.064052
1 0.586765 0.310458 0.048529 0.064052
1 0.573162 0.275817 0.030147 0.036601
1 0.582353 0.219608 0.029412 0.033987
1 0.469485 0.183007 0.018382 0.031373
1 0.515809 0.162745 0.018382 0.030065
1 0.537868 0.141830 0.016912 0.022222
2 0.513971 0.123529 0.035294 0.027451
6 0.397426 0.077124 0.037500 0.033987
2 0.396324 0.086928 0.022059 0.022222
2 0.409926 0.093464 0.012500 0.022222
1 0.394853 0.099346 0.023529 0.018301
1 0.391544 0.117647 0.028676 0.026144
1 0.403676 0.122876 0.027941 0.020915
1 0.380515 0.111765 0.030147 0.022222
1 0.472426 0.076471 0.011029 0.016993
5 0.504044 0.145098 0.006618 0.015686
7 0.625368 0.251634 0.015441 0.024837
7 0.664338 0.323529 0.024265 0.030065
7 0.656250 0.311111 0.022794 0.028758
7 0.428676 0.177778 0.005882 0.020915
0 0.564706 0.170588 0.014706 0.019608
0 0.533456 0.223529 0.006618 0.023529
