1 0.260937 0.820370 0.053125 0.112963
2 0.327083 0.800000 0.052083 0.135185
1 0.394531 0.796296 0.045312 0.114815
1 0.561198 0.831019 0.051562 0.119444
1 0.635677 0.882407 0.060937 0.125926
6 0.686979 0.748611 0.118750 0.275000
1 0.599479 0.702315 0.043750 0.078704
1 0.487240 0.662037 0.032813 0.064815
1 0.536719 0.656944 0.035937 0.069444
1 0.619531 0.597222 0.036979 0.061111
1 0.570052 0.593056 0.032813 0.058333
1 0.390885 0.606481 0.030729 0.064815
2 0.345052 0.523148 0.039062 0.088889
1 0.355469 0.446759 0.025521 0.045370
1 0.394531 0.450463 0.022396 0.039815
1 0.431510 0.438889 0.020313 0.040741
1 0.409375 0.387500 0.018750 0.032407
1 0.440104 0.377315 0.017708 0.030556
1 0.395573 0.350926 0.016146 0.027778
1 0.382552 0.336111 0.016146 0.029630
1 0.438802 0.325000 0.014063 0.024074
1 0.418490 0.321296 0.015104 0.024074
1 0.429688 0.297685 0.013542 0.021296
1 0.446615 0.279630 0.010937 0.020370
1 0.737760 0.652778 0.071354 0.066667
1 0.712500 0.594907 0.063542 0.058333
1 0.701562 0.557870 0.067708 0.045370
2 0.694010 0.525926 0.070312 0.053704
1 0.678125 0.506481 0.058333 0.040741
1 0.675260 0.485648 0.052604 0.032407
6 0.599740 0.504167 0.059896 0.125000
1 0.550521 0.490741 0.025000 0.044444
1 0.516667 0.481019 0.023958 0.039815
1 0.479167 0.505093 0.025000 0.045370
1 0.478646 0.462963 0.021875 0.037037
1 0.477344 0.431019 0.020313 0.028704
1 0.511719 0.428241 0.021354 0.034259
1 0.583594 0.406481 0.021354 0.035185
1 0.505990 0.394444 0.016146 0.029630
6 0.476302 0.380093 0.025521 0.078704
6 0.522656 0.328704 0.026562 0.057407
1 0.531771 0.381481 0.018750 0.029630
1 0.502083 0.356019 0.015625 0.030556
1 0.475000 0.342593 0.015625 0.020370
1 0.475781 0.331481 0.013021 0.018519
1 0.498177 0.330093 0.014063 0.021296
1 0.496354 0.308796 0.013542 0.023148
1 0.510938 0.297685 0.013542 0.019444
1 0.527083 0.293519 0.013542 0.022222
6 0.475781 0.301852 0.019271 0.053704
1 0.484115 0.258333 0.009896 0.016667
1 0.491146 0.281944 0.011458 0.017593
1 0.507552 0.280093 0.010937 0.017593
1 0.502344 0.265278 0.010937 0.015741
1 0.518490 0.266204 0.010937 0.019444
1 0.263021 0.347685 0.037500 0.023148
1 0.266146 0.338426 0.037500 0.023148
1 0.266667 0.328704 0.034375 0.024074
1 0.275000 0.322685 0.035417 0.023148
1 0.288802 0.298148 0.033854 0.018519
1 0.297917 0.291667 0.031250 0.016667
1 0.302344 0.285185 0.028646 0.016667
1 0.305990 0.277315 0.025521 0.015741
1 0.314583 0.274074 0.025000 0.014815
1 0.319531 0.261574 0.025521 0.015741
1 0.322396 0.257870 0.028125 0.015741
1 0.326823 0.251389 0.023438 0.013889
1 0.317969 0.241667 0.021354 0.014815
1 0.326302 0.246759 0.019271 0.013889
1 0.351823 0.256019 0.013021 0.019444
1 0.373177 0.257870 0.015104 0.017593
1 0.378385 0.250463 0.016146 0.017593
1 0.381771 0.268056 0.011458 0.017593
1 0.394010 0.259722 0.010937 0.017593
6 0.400781 0.272685 0.020313 0.045370
1 0.428385 0.269907 0.010937 0.017593
1 0.442188 0.260648 0.010417 0.017593
1 0.573177 0.378704 0.017188 0.029630
1 0.566406 0.353241 0.018229 0.025000
1 0.559896 0.331944 0.015625 0.025000
1 0.556250 0.318981 0.013542 0.021296
1 0.552083 0.307407 0.012500 0.020370
1 0.547396 0.296296 0.013542 0.020370
1 0.544010 0.287500 0.015104 0.019444
1 0.546354 0.277778 0.011458 0.016667
1 0.547135 0.269444 0.018229 0.016667
1 0.571615 0.269444 0.021354 0.018519
1 0.409635 0.260648 0.010937 0.017593
1 0.421354 0.257407 0.011458 0.016667
1 0.422135 0.245833 0.009896 0.013889
1 0.407292 0.238889 0.008333 0.014815
1 0.433333 0.237963 0.008333 0.014815
1 0.417187 0.229167 0.009375 0.013889
1 0.425781 0.224074 0.007812 0.012963
1 0.436979 0.218981 0.008333 0.012037
1 0.449740 0.218981 0.007812 0.012037
6 0.411719 0.208796 0.015104 0.036111
1 0.480990 0.245833 0.008854 0.013889
1 0.495312 0.247222 0.010417 0.014815
1 0.508594 0.249074 0.009896 0.012963
1 0.504948 0.240741 0.007812 0.014815
1 0.501823 0.233796 0.010937 0.017593
1 0.490104 0.238889 0.009375 0.012963
1 0.473438 0.234722 0.008333 0.012037
1 0.480729 0.230556 0.009375 0.012963
1 0.486979 0.226389 0.007292 0.012037
1 0.471875 0.223148 0.008333 0.011111
1 0.488281 0.217130 0.007812 0.012037
1 0.475260 0.217130 0.007812 0.012037
1 0.481510 0.211111 0.007812 0.011111
1 0.470573 0.209722 0.006771 0.010185
1 0.455990 0.202778 0.007812 0.011111
1 0.647656 0.385185 0.023438 0.029630
1 0.692969 0.337500 0.021354 0.025000
1 0.574740 0.248148 0.018229 0.014815
1 0.422396 0.211574 0.007292 0.012037
1 0.421615 0.204630 0.006771 0.011111
1 0.434375 0.211574 0.007292 0.012037
1 0.433073 0.208796 0.006771 0.012037
1 0.448437 0.214352 0.006250 0.010185
1 0.429688 0.203241 0.006250 0.010185
1 0.446615 0.211111 0.006771 0.011111
1 0.444531 0.206944 0.006771 0.012037
1 0.441927 0.203241 0.006771 0.012037
1 0.438542 0.201389 0.006250 0.010185
1 0.436458 0.197222 0.006250 0.009259
1 0.434635 0.195370 0.006771 0.011111
1 0.448698 0.195833 0.006771 0.010185
1 0.459375 0.197222 0.006250 0.011111
1 0.473958 0.202778 0.007292 0.009259
1 0.468490 0.198611 0.006771 0.010185
2 0.495833 0.204167 0.007292 0.012037
1 0.489063 0.199074 0.007292 0.009259
1 0.483594 0.195370 0.006771 0.009259
0 0.706771 0.491204 0.009375 0.023148
7 0.678906 0.391204 0.006771 0.021296
0 0.645312 0.405093 0.006250 0.019444
7 0.658333 0.423148 0.006250 0.018519
0 0.610156 0.407870 0.005729 0.021296
0 0.236719 0.469444 0.006771 0.027778
0 0.239583 0.529167 0.009375 0.030556
0 0.215885 0.570833 0.020313 0.034259
1 0.301823 0.218981 0.016146 0.013889
7 0.269531 0.417130 0.006771 0.021296
0 0.302604 0.454167 0.006250 0.023148
0 0.319271 0.438889 0.006250 0.022222
7 0.339062 0.375000 0.004167 0.016667
0 0.314323 0.307870 0.004687 0.015741
0 0.322656 0.294907 0.003646 0.012037
0 0.320052 0.341204 0.003646 0.013889
0 0.312240 0.341204 0.002604 0.015741
0 0.277344 0.367130 0.007812 0.015741
0 0.134375 0.728241 0.033333 0.034259
0 0.117969 0.745370 0.032813 0.042593
0 0.117969 0.763426 0.032813 0.039815
0 0.079427 0.867130 0.043229 0.045370
0 0.107031 0.804167 0.033854 0.037963
0 0.057292 0.879167 0.045833 0.045370
0 0.041667 0.893056 0.033333 0.041667
0 0.027083 0.956481 0.040625 0.053704
0 0.039062 0.920833 0.044792 0.039815
