0 0.219271 0.516667 0.093750 0.061111
0 0.392708 0.452778 0.065625 0.055556
0 0.305729 0.373148 0.058333 0.051852
0 0.222917 0.368519 0.065625 0.046296
0 0.560417 0.605556 0.042708 0.101852
0 0.618750 0.478704 0.040625 0.070370
0 0.657813 0.401852 0.047917 0.061111
0 0.703125 0.435185 0.042708 0.064815
0 0.651042 0.821296 0.061458 0.166667
0 0.918750 0.803704 0.096875 0.138889
0 0.517969 0.904167 0.086979 0.191667
0 0.380208 0.725000 0.117708 0.100000
0 0.798958 0.357407 0.028125 0.053704
0 0.893229 0.418519 0.043750 0.057407
0 0.176563 0.740741 0.125000 0.094444
0 0.473438 0.321296 0.039583 0.048148
0 0.846875 0.512963 0.051042 0.064815
0 0.596354 0.163889 0.010417 0.022222
0 0.620833 0.167593 0.015625 0.018519
0 0.602083 0.101852 0.013542 0.009259
0 0.469792 0.185185 0.013542 0.016667
0 0.482292 0.201852 0.011458 0.016667
0 0.491667 0.212037 0.019792 0.018519
0 0.509375 0.235185 0.023958 0.024074
0 0.526042 0.257407 0.023958 0.031481
0 0.492188 0.158333 0.012500 0.022222
0 0.502604 0.171296 0.012500 0.018519
0 0.516667 0.182407 0.015625 0.018519
0 0.528646 0.198148 0.016667 0.016667
0 0.544792 0.214815 0.026042 0.024074
0 0.490104 0.180556 0.008333 0.007407
0 0.498958 0.188889 0.011458 0.024074
0 0.203646 0.304630 0.029167 0.051852
0 0.040625 0.325926 0.032292 0.050000
0 0.010417 0.328704 0.017708 0.040741
0 0.234896 0.302778 0.029167 0.048148
0 0.260417 0.296296 0.019792 0.035185
0 0.292187 0.295370 0.020833 0.033333
0 0.319792 0.288889 0.023958 0.031481
0 0.382812 0.281481 0.029167 0.027778
0 0.426563 0.260185 0.045833 0.029630
0 0.409896 0.221296 0.039583 0.022222
0 0.401042 0.209259 0.032292 0.024074
0 0.301563 0.224074 0.041667 0.024074
0 0.304688 0.207407 0.035417 0.020370
0 0.851562 0.293519 0.047917 0.029630
0 0.953646 0.305556 0.045833 0.031481
0 0.945833 0.289815 0.040625 0.029630
0 0.832292 0.263889 0.040625 0.022222
0 0.838542 0.275000 0.042708 0.022222
0 0.896354 0.279630 0.045833 0.031481
0 0.923958 0.255556 0.028125 0.020370
0 0.961979 0.231481 0.033333 0.020370
0 0.957292 0.256481 0.026042 0.029630
0 0.978125 0.270370 0.034375 0.031481
1 0.986979 0.233333 0.025000 0.072222
0 0.656771 0.202778 0.029167 0.029630
0 0.355208 0.287037 0.030208 0.027778
0 0.378646 0.155556 0.022917 0.016667
0 0.477083 0.166667 0.011458 0.024074
0 0.465104 0.154630 0.012500 0.014815
0 0.454167 0.146296 0.011458 0.020370
0 0.471875 0.140741 0.007292 0.016667
0 0.466667 0.136111 0.011458 0.022222
0 0.460938 0.124074 0.010417 0.012963
0 0.448958 0.133333 0.009375 0.020370
0 0.440104 0.125926 0.008333 0.020370
0 0.431771 0.114815 0.010417 0.020370
0 0.442708 0.113889 0.005208 0.014815
0 0.449479 0.115741 0.010417 0.018519
