1 0.468750 0.343519 0.006250 0.009259
3 0.465625 0.365741 0.006250 0.012963
1 0.460417 0.361111 0.006250 0.011111
2 0.478646 0.434259 0.011458 0.024074
7 0.488542 0.420370 0.004167 0.011111
7 0.493229 0.460185 0.005208 0.012963
1 0.489063 0.487963 0.015625 0.027778
3 0.429688 0.427778 0.015625 0.044444
7 0.444792 0.499074 0.006250 0.016667
7 0.545833 0.543519 0.012500 0.046296
1 0.540104 0.651852 0.030208 0.059259
0 0.436458 0.562963 0.006250 0.022222
1 0.463542 0.597222 0.022917 0.042593
4 0.503646 0.600000 0.015625 0.033333
7 0.443750 0.651852 0.008333 0.037037
4 0.427604 0.625000 0.013542 0.038889
1 0.419271 0.961111 0.051042 0.077778
4 0.148438 0.962037 0.046875 0.064815
7 0.719271 0.957407 0.048958 0.070370
7 0.842187 0.919444 0.040625 0.057407
