1 0.425000 0.090741 0.008333 0.014815
1 0.396354 0.098148 0.009375 0.014815
1 0.509375 0.161111 0.008333 0.025926
1 0.646875 0.650000 0.037500 0.070370
1 0.627083 0.390741 0.022917 0.037037
1 0.611979 0.358333 0.026042 0.027778
1 0.381771 0.250926 0.015625 0.024074
1 0.377604 0.387037 0.021875 0.037037
3 0.491146 0.714815 0.038542 0.170370
3 0.579688 0.481481 0.063542 0.185185
3 0.472396 0.337037 0.032292 0.118519
3 0.514583 0.213889 0.031250 0.068519
6 0.519271 0.281481 0.028125 0.062963
1 0.518229 0.162963 0.009375 0.014815
1 0.536458 0.193519 0.010417 0.012963
1 0.541146 0.211111 0.009375 0.022222
1 0.555208 0.234259 0.016667 0.016667
1 0.562500 0.246296 0.016667 0.022222
1 0.572396 0.262037 0.015625 0.024074
3 0.606771 0.325000 0.021875 0.046296
7 0.392188 0.684259 0.011458 0.046296
1 0.589063 0.303704 0.017708 0.040741
1 0.494792 0.135185 0.012500 0.014815
1 0.441146 0.141667 0.011458 0.016667
1 0.460938 0.116667 0.011458 0.014815
1 0.486458 0.120370 0.010417 0.014815
1 0.480208 0.112037 0.012500 0.012963
1 0.471354 0.103704 0.013542 0.011111
1 0.467187 0.094444 0.011458 0.011111
1 0.462500 0.087963 0.012500 0.012963
6 0.445312 0.095370 0.017708 0.024074
7 0.424479 0.439815 0.009375 0.024074
7 0.358854 0.146296 0.009375 0.007407
