1 0.434559 0.951634 0.070588 0.096732
2 0.817647 0.847712 0.088235 0.176471
1 0.773897 0.739869 0.072794 0.096732
7 0.803309 0.656863 0.034559 0.043137
1 0.726471 0.645098 0.075000 0.082353
1 0.715441 0.571895 0.075000 0.077124
1 0.688603 0.466013 0.071324 0.050980
1 0.665441 0.391503 0.044118 0.043137
1 0.618750 0.380392 0.027206 0.033987
7 0.605147 0.396078 0.007353 0.031373
0 0.617279 0.447712 0.008088 0.037908
7 0.650368 0.537255 0.011029 0.041830
1 0.550735 0.531373 0.033824 0.061438
4 0.548529 0.477124 0.022059 0.039216
1 0.491176 0.520915 0.039706 0.058824
1 0.604044 0.346405 0.018382 0.028758
1 0.605515 0.173856 0.012500 0.013072
1 0.616544 0.175817 0.011029 0.009150
1 0.593382 0.171242 0.014706 0.013072
1 0.568750 0.257516 0.013971 0.020915
1 0.586029 0.275163 0.029412 0.024837
1 0.587868 0.307843 0.021324 0.024837
1 0.484559 0.153595 0.007353 0.009150
1 0.502206 0.213072 0.010294 0.015686
1 0.500735 0.203922 0.010294 0.015686
1 0.481985 0.246405 0.012500 0.019608
1 0.481985 0.235948 0.012500 0.016993
1 0.478309 0.231373 0.009559 0.015686
1 0.482721 0.218301 0.012500 0.018301
1 0.483088 0.208497 0.011765 0.016993
1 0.480515 0.203268 0.011029 0.019608
1 0.456985 0.193464 0.013971 0.013072
1 0.451471 0.238562 0.013235 0.019608
1 0.442279 0.297386 0.016912 0.030065
1 0.498897 0.339869 0.019853 0.028758
2 0.379044 0.484967 0.033088 0.078431
1 0.363971 0.364706 0.026471 0.044444
1 0.303309 0.496078 0.056618 0.066667
4 0.090809 0.767974 0.046324 0.087582
7 0.034926 0.666667 0.016912 0.047059
1 0.034191 0.542484 0.068382 0.057516
1 0.121691 0.571895 0.061029 0.079739
7 0.093750 0.483007 0.027206 0.032680
7 0.094118 0.450327 0.022059 0.030065
0 0.095956 0.447059 0.021324 0.023529
7 0.122426 0.489542 0.015441 0.035294
7 0.126838 0.466013 0.021324 0.030065
1 0.173897 0.467320 0.041912 0.056209
4 0.203309 0.459477 0.028676 0.045752
7 0.208456 0.379739 0.022794 0.019608
1 0.224632 0.430719 0.038971 0.053595
4 0.243382 0.371242 0.013235 0.028758
1 0.247059 0.398693 0.029412 0.044444
1 0.273897 0.362745 0.030147 0.032680
1 0.290074 0.339869 0.024265 0.033987
1 0.248162 0.334641 0.044853 0.031373
1 0.274632 0.325490 0.028676 0.028758
1 0.270588 0.303268 0.041176 0.028758
1 0.307353 0.301961 0.036765 0.028758
1 0.315441 0.287582 0.039706 0.023529
1 0.423529 0.227451 0.013235 0.023529
6 0.425000 0.206536 0.022059 0.036601
1 0.437500 0.209150 0.013235 0.020915
7 0.439338 0.201307 0.009559 0.010458
