1 0.427941 0.903922 0.072059 0.192157
1 0.359926 0.720915 0.066912 0.126797
1 0.182721 0.660131 0.086029 0.130719
1 0.119118 0.922876 0.122059 0.154248
1 0.524265 0.288235 0.025000 0.050980
1 0.467279 0.266013 0.027206 0.040523
1 0.506985 0.215033 0.021324 0.035294
1 0.486765 0.176471 0.020588 0.026144
1 0.539338 0.179085 0.019853 0.031373
1 0.571691 0.172549 0.016912 0.028758
2 0.547426 0.151634 0.018382 0.033987
1 0.517279 0.129412 0.013971 0.023529
1 0.493750 0.144444 0.013971 0.024837
1 0.505147 0.100000 0.010294 0.022222
1 0.598162 0.307843 0.025735 0.048366
1 0.606250 0.351634 0.030147 0.054902
1 0.538235 0.078431 0.008824 0.015686
1 0.522794 0.074510 0.008824 0.015686
1 0.504779 0.084314 0.008088 0.014379
1 0.506985 0.072549 0.009559 0.016993
1 0.507353 0.060131 0.008824 0.013072
1 0.465074 0.118954 0.015441 0.026144
1 0.470956 0.058824 0.009559 0.015686
1 0.467279 0.075163 0.009559 0.016993
1 0.461765 0.093464 0.011765 0.016993
1 0.456250 0.101307 0.011029 0.024837
1 0.448529 0.109804 0.013235 0.023529
1 0.441544 0.124837 0.013971 0.022222
1 0.434559 0.139216 0.016176 0.024837
1 0.418750 0.165359 0.021324 0.035294
1 0.409926 0.226797 0.025735 0.040523
1 0.373162 0.257516 0.027206 0.047059
1 0.364338 0.354248 0.037500 0.062745
1 0.327941 0.338562 0.042647 0.060131
6 0.327941 0.243137 0.058824 0.115033
6 0.343015 0.173856 0.040441 0.075817
1 0.394118 0.201961 0.026471 0.043137
1 0.392647 0.167320 0.020588 0.028758
1 0.369118 0.158824 0.019118 0.030065
1 0.377941 0.141830 0.022059 0.024837
1 0.407353 0.137255 0.017647 0.028758
1 0.418382 0.124837 0.014706 0.030065
1 0.426471 0.113072 0.014706 0.027451
1 0.428676 0.105229 0.013235 0.024837
1 0.439338 0.095425 0.011029 0.023529
1 0.440074 0.084967 0.011029 0.020915
1 0.451103 0.073203 0.008088 0.018301
1 0.454412 0.066013 0.007353 0.016993
1 0.457721 0.054902 0.008088 0.015686
6 0.400368 0.108497 0.031618 0.054902
6 0.413603 0.084314 0.025735 0.043137
6 0.433824 0.056209 0.020588 0.049673
1 0.279044 0.269935 0.034559 0.050980
1 0.245588 0.311765 0.038235 0.053595
1 0.220956 0.350327 0.052206 0.052288
1 0.256618 0.379739 0.047059 0.056209
1 0.490809 0.394118 0.036029 0.069281
1 0.444118 0.394118 0.033824 0.077124
7 0.587500 0.728758 0.019118 0.071895
7 0.619118 0.668627 0.020588 0.061438
0 0.731250 0.745752 0.046324 0.043137
0 0.205882 0.199346 0.010294 0.019608
0 0.081618 0.325490 0.017647 0.028758
7 0.130147 0.254902 0.014706 0.023529
0 0.273529 0.159477 0.005882 0.018301
0 0.264338 0.165359 0.008088 0.016993
7 0.251838 0.165359 0.006618 0.016993
0 0.158088 0.262092 0.010294 0.022222
0 0.143750 0.276471 0.013971 0.022222
1 0.056250 0.558824 0.108088 0.103268
1 0.038971 0.886275 0.077941 0.211765
1 0.739338 0.274510 0.036029 0.057516
0 0.664706 0.344444 0.022059 0.027451
0 0.701471 0.326797 0.013235 0.026144
0 0.690441 0.321569 0.013235 0.026144
0 0.637500 0.290196 0.008824 0.028758
