0 0.569010 0.148148 0.003646 0.009259
0 0.536198 0.186111 0.008854 0.007407
0 0.537500 0.183796 0.009375 0.006481
0 0.539062 0.181481 0.009375 0.005556
0 0.572135 0.200000 0.005729 0.009259
0 0.562240 0.229630 0.006771 0.009259
0 0.561458 0.237963 0.006250 0.011111
0 0.558073 0.243519 0.006771 0.011111
0 0.555729 0.253241 0.006250 0.010185
0 0.543490 0.242130 0.006771 0.012037
0 0.525000 0.270370 0.009375 0.014815
0 0.570833 0.311111 0.010417 0.020370
0 0.552344 0.336574 0.009896 0.017593
0 0.541667 0.320370 0.009375 0.018519
0 0.453906 0.319907 0.015104 0.013889
0 0.453646 0.305093 0.016667 0.015741
0 0.433594 0.302778 0.014063 0.014815
0 0.478125 0.216667 0.013542 0.011111
0 0.504167 0.329167 0.011458 0.019444
0 0.488802 0.387500 0.011979 0.019444
0 0.513802 0.395370 0.013021 0.025926
0 0.550000 0.417130 0.014583 0.025000
0 0.545573 0.520833 0.019271 0.034259
0 0.430990 0.565741 0.019271 0.040741
0 0.411198 0.618981 0.021354 0.039815
0 0.382031 0.715278 0.034896 0.067593
0 0.322396 0.712037 0.025000 0.042593
0 0.336979 0.866667 0.044792 0.090741
0 0.306510 0.955093 0.048438 0.089815
0 0.521615 0.950926 0.035937 0.098148
0 0.461719 0.980556 0.034896 0.038889
