0 0.493015 0.911111 0.062500 0.177778
2 0.636397 0.901307 0.112500 0.197386
0 0.580515 0.716993 0.056618 0.150327
0 0.476471 0.550980 0.042647 0.118954
0 0.541544 0.443791 0.040441 0.092810
0 0.472426 0.431373 0.036029 0.088889
0 0.473897 0.345752 0.034559 0.071895
0 0.528676 0.067320 0.044118 0.050980
0 0.590074 0.028758 0.041912 0.036601
0 0.673529 0.013725 0.038235 0.027451
0 0.741912 0.007843 0.050000 0.015686
0 0.470221 0.259477 0.031618 0.066667
0 0.371324 0.284314 0.038235 0.077124
1 0.533824 0.268627 0.060294 0.194771
1 0.430882 0.158824 0.061765 0.134641
0 0.311397 0.190196 0.056618 0.056209
0 0.231250 0.165359 0.053676 0.056209
0 0.174265 0.073856 0.052941 0.043137
0 0.073162 0.087582 0.052206 0.041830
