0 0.312500 0.699346 0.070588 0.169935
0 0.426103 0.807843 0.103676 0.180392
0 0.497059 0.957516 0.101471 0.084967
0 0.846324 0.547059 0.108824 0.084967
0 0.855882 0.610458 0.113235 0.091503
0 0.973162 0.585621 0.053676 0.081046
0 0.352941 0.396078 0.035294 0.075817
0 0.492647 0.360784 0.036765 0.060131
0 0.327574 0.224183 0.025735 0.043137
0 0.393750 0.124837 0.021324 0.032680
0 0.398529 0.152288 0.020588 0.035294
0 0.318750 0.126144 0.016912 0.032680
0 0.257353 0.198693 0.045588 0.033987
0 0.269485 0.154902 0.040441 0.035294
0 0.272794 0.072549 0.032353 0.024837
0 0.285662 0.082353 0.030147 0.020915
0 0.330515 0.059477 0.012500 0.022222
0 0.534926 0.286275 0.059559 0.044444
0 0.542647 0.270588 0.051471 0.041830
0 0.515074 0.253595 0.049265 0.039216
0 0.496324 0.245752 0.045588 0.039216
0 0.486029 0.221569 0.050000 0.035294
0 0.491912 0.194771 0.045588 0.036601
0 0.480147 0.171895 0.047059 0.030065
0 0.465809 0.163399 0.038971 0.026144
0 0.812868 0.453595 0.088971 0.057516
0 0.458456 0.130719 0.027206 0.026144
0 0.444485 0.102614 0.027206 0.022222
0 0.433088 0.084967 0.029412 0.020915
0 0.418382 0.064052 0.025000 0.020915
0 0.419853 0.043791 0.019118 0.014379
0 0.414706 0.044444 0.022059 0.015686
0 0.402206 0.041830 0.020588 0.015686
0 0.354044 0.036601 0.009559 0.018301
0 0.310662 0.060784 0.021324 0.019608
