0 0.280990 0.843056 0.038021 0.034259
0 0.290625 0.694444 0.035417 0.031481
0 0.299219 0.596759 0.033854 0.026852
0 0.298698 0.563426 0.030729 0.026852
0 0.311719 0.468981 0.033854 0.028704
0 0.373698 0.793056 0.033854 0.028704
0 0.488021 0.951852 0.016667 0.068519
0 0.486979 0.868056 0.016667 0.071296
0 0.546875 0.902315 0.016667 0.058333
0 0.466927 0.583333 0.016146 0.057407
0 0.462500 0.515741 0.016667 0.053704
0 0.455990 0.439352 0.016146 0.056481
0 0.454687 0.382870 0.014583 0.050926
0 0.687760 0.673611 0.018229 0.060185
0 0.682031 0.607870 0.019271 0.063889
0 0.671094 0.526389 0.018229 0.056481
0 0.661979 0.444444 0.017708 0.055556
0 0.654427 0.375000 0.016146 0.050000
0 0.648698 0.317593 0.018229 0.048148
0 0.641406 0.258333 0.015104 0.046296
0 0.634635 0.200463 0.016146 0.049074
0 0.628125 0.134259 0.016667 0.050000
0 0.622656 0.087500 0.013021 0.041667
0 0.615625 0.025926 0.016667 0.042593
0 0.485417 0.049074 0.016667 0.051852
0 0.447135 0.144907 0.011979 0.050926
0 0.426042 0.191667 0.023958 0.038889
0 0.406510 0.167130 0.030729 0.023148
0 0.348438 0.202778 0.033333 0.027778
0 0.372396 0.172685 0.031250 0.026852
0 0.390365 0.140278 0.023438 0.021296
0 0.419271 0.139352 0.029167 0.026852
0 0.416406 0.113426 0.029687 0.025000
0 0.385156 0.119444 0.028646 0.025926
0 0.354427 0.091204 0.027604 0.023148
0 0.433594 0.063426 0.013021 0.047222
0 0.452344 0.018981 0.014063 0.037963
0 0.431510 0.017593 0.011979 0.035185
1 0.658333 0.880556 0.037500 0.164815
