0 0.984896 0.437963 0.018750 0.027778
0 0.974219 0.427315 0.034896 0.032407
0 0.954427 0.421759 0.033854 0.030556
0 0.432552 0.612963 0.034896 0.061111
0 0.455208 0.304630 0.028125 0.018519
0 0.447917 0.376852 0.017708 0.025926
0 0.411198 0.375926 0.017188 0.024074
0 0.439062 0.430556 0.021875 0.037037
0 0.379948 0.373148 0.018229 0.027778
0 0.314583 0.367593 0.017708 0.027778
0 0.306250 0.420833 0.017708 0.039815
0 0.422656 0.304630 0.013021 0.018519
1 0.396354 0.308796 0.025000 0.050926
0 0.319271 0.260648 0.009375 0.013889
0 0.307031 0.251389 0.009896 0.015741
0 0.297917 0.238889 0.010417 0.014815
0 0.292448 0.227315 0.008854 0.010185
0 0.278385 0.222222 0.007812 0.011111
0 0.271615 0.211111 0.008854 0.009259
0 0.280208 0.200463 0.008333 0.008333
0 0.281250 0.210185 0.008333 0.009259
0 0.290885 0.201852 0.007812 0.007407
0 0.290885 0.210185 0.008854 0.009259
0 0.292187 0.218056 0.008333 0.010185
0 0.302865 0.210648 0.008854 0.010185
0 0.312240 0.208333 0.008854 0.009259
0 0.350521 0.238426 0.009375 0.012037
0 0.348698 0.231019 0.007812 0.010185
