4 0.946324 0.448366 0.072059 0.088889
2 0.849265 0.316340 0.097059 0.125490
2 0.794485 0.432026 0.125735 0.155556
1 0.954044 0.044444 0.034559 0.049673
7 0.756618 0.016340 0.022059 0.030065
1 0.635662 0.365359 0.100735 0.118954
1 0.049632 0.049673 0.062500 0.057516
0 0.102941 0.058824 0.011765 0.041830
0 0.184559 0.036601 0.017647 0.031373
5 0.175735 0.084314 0.033824 0.040523
4 0.189338 0.011765 0.037500 0.023529
3 0.252574 0.120915 0.061029 0.064052
2 0.281985 0.044444 0.062500 0.078431
2 0.337132 0.075817 0.065441 0.062745
1 0.342279 0.202614 0.066912 0.073203
7 0.389338 0.161438 0.011029 0.037908
5 0.413235 0.211765 0.058824 0.088889
5 0.497059 0.253595 0.057353 0.094118
0 0.526471 0.245752 0.025000 0.039216
4 0.538603 0.171242 0.047794 0.049673
1 0.532721 0.055556 0.058088 0.056209
1 0.656618 0.067974 0.064706 0.052288
