0 0.643750 0.858170 0.036029 0.092810
0 0.681618 0.749020 0.060294 0.060131
0 0.882353 0.581046 0.039706 0.066667
0 0.912132 0.578431 0.028676 0.043137
0 0.965074 0.588235 0.040441 0.052288
0 0.990074 0.590850 0.019853 0.049673
0 0.652941 0.571895 0.051471 0.053595
0 0.605882 0.502614 0.023529 0.053595
1 0.607353 0.418301 0.032353 0.099346
0 0.593015 0.313725 0.024265 0.036601
0 0.388235 0.674510 0.027941 0.083660
0 0.338235 0.657516 0.032353 0.081046
0 0.251103 0.632026 0.027206 0.066667
0 0.268015 0.552288 0.030147 0.069281
0 0.301838 0.388889 0.041912 0.048366
0 0.465809 0.535294 0.024265 0.056209
1 0.508456 0.428758 0.028676 0.109804
0 0.469853 0.423529 0.022059 0.049673
0 0.428309 0.430065 0.021324 0.057516
0 0.421324 0.331373 0.017647 0.043137
0 0.558824 0.241176 0.025000 0.032680
0 0.453309 0.209804 0.016912 0.037908
0 0.484191 0.195425 0.013971 0.030065
2 0.310662 0.213725 0.030147 0.037908
0 0.322794 0.181046 0.032353 0.027451
0 0.320956 0.164052 0.034559 0.024837
0 0.323529 0.152288 0.033824 0.022222
0 0.364338 0.154248 0.015441 0.031373
0 0.327206 0.139869 0.026471 0.023529
0 0.240809 0.120261 0.025735 0.023529
0 0.248162 0.102614 0.033088 0.019608
0 0.255515 0.092157 0.031618 0.019608
0 0.260662 0.081699 0.028676 0.016993
0 0.261397 0.070588 0.030147 0.018301
0 0.356250 0.047059 0.024265 0.023529
0 0.383456 0.086275 0.013971 0.023529
0 0.388235 0.064052 0.013235 0.028758
0 0.401471 0.013725 0.011765 0.022222
0 0.468382 0.039869 0.011765 0.022222
0 0.361765 0.037908 0.023529 0.023529
0 0.473897 0.007843 0.012500 0.015686
0 0.570221 0.100654 0.012500 0.028758
0 0.565441 0.060131 0.011765 0.023529
0 0.601471 0.124837 0.022059 0.019608
0 0.270221 0.047059 0.028676 0.020915
0 0.276838 0.039869 0.027206 0.019608
0 0.275735 0.029412 0.029412 0.016993
0 0.279412 0.020261 0.026471 0.019608
0 0.281985 0.012418 0.019853 0.016993
