0 0.050368 0.792810 0.022794 0.030065
0 0.021691 0.822876 0.027206 0.030065
0 0.003676 0.851634 0.007353 0.032680
0 0.219118 0.853595 0.022059 0.033987
1 0.258456 0.903268 0.049265 0.083660
0 0.330882 0.674510 0.017647 0.023529
0 0.438603 0.655556 0.012500 0.019608
0 0.331985 0.586928 0.013971 0.023529
0 0.472794 0.446405 0.008824 0.011765
0 0.453309 0.400654 0.009559 0.011765
0 0.510294 0.405882 0.008824 0.011765
0 0.501103 0.401307 0.008088 0.013072
1 0.487132 0.366013 0.016912 0.023529
2 0.709559 0.258824 0.033824 0.023529
0 0.594853 0.303922 0.005882 0.009150
0 0.565441 0.281046 0.004412 0.007843
0 0.583824 0.269935 0.004412 0.009150
0 0.619485 0.183660 0.003676 0.006536
0 0.628309 0.186275 0.003676 0.006536
0 0.599265 0.241830 0.002941 0.005229
2 0.593750 0.205882 0.009559 0.014379
2 0.576103 0.205229 0.011029 0.018301
0 0.624265 0.178431 0.002941 0.006536
0 0.634559 0.177778 0.001471 0.005229
2 0.865074 0.462092 0.015441 0.035294
2 0.579412 0.375163 0.011765 0.020915
