3 0.375000 0.410185 0.095833 0.109259
1 0.392708 0.454630 0.033333 0.038889
7 0.375521 0.522222 0.011458 0.022222
1 0.444792 0.458333 0.016667 0.031481
1 0.489063 0.399074 0.023958 0.038889
1 0.514062 0.368519 0.017708 0.029630
1 0.535937 0.345370 0.021875 0.027778
1 0.548438 0.327778 0.017708 0.025926
3 0.525521 0.289815 0.019792 0.035185
1 0.533333 0.217593 0.014583 0.016667
1 0.577604 0.210185 0.011458 0.016667
3 0.627604 0.135185 0.017708 0.033333
7 0.859896 0.512037 0.009375 0.031481
7 0.947396 0.866667 0.009375 0.044444
