0 0.466146 0.698148 0.019792 0.044444
0 0.520312 0.676852 0.017708 0.038889
0 0.516667 0.719444 0.018750 0.042593
0 0.513542 0.762963 0.022917 0.048148
0 0.512500 0.821296 0.022917 0.064815
0 0.554167 0.595370 0.033333 0.027778
0 0.516146 0.607407 0.017708 0.037037
0 0.516667 0.561111 0.012500 0.022222
0 0.512500 0.540741 0.012500 0.022222
1 0.480208 0.552778 0.018750 0.053704
0 0.498958 0.530556 0.012500 0.024074
0 0.461458 0.541667 0.014583 0.024074
0 0.473958 0.504630 0.012500 0.020370
0 0.497917 0.483333 0.010417 0.018519
0 0.476562 0.459259 0.011458 0.018519
0 0.506771 0.470370 0.015625 0.014815
0 0.520312 0.497222 0.019792 0.020370
0 0.516146 0.476852 0.009375 0.016667
0 0.475000 0.485185 0.010417 0.018519
0 0.490104 0.402778 0.007292 0.012963
1 0.461979 0.359259 0.009375 0.022222
0 0.469271 0.425000 0.009375 0.016667
0 0.363021 0.862963 0.030208 0.074074
0 0.391146 0.781481 0.028125 0.062963
0 0.288542 0.738889 0.037500 0.037037
0 0.372396 0.602778 0.019792 0.035185
0 0.417708 0.653704 0.018750 0.040741
0 0.361458 0.537037 0.027083 0.025926
0 0.361458 0.516667 0.027083 0.022222
0 0.393229 0.544444 0.015625 0.025926
0 0.404687 0.514815 0.013542 0.022222
0 0.410417 0.497222 0.014583 0.024074
0 0.388021 0.462963 0.019792 0.018519
0 0.391146 0.455556 0.021875 0.014815
0 0.416667 0.479630 0.012500 0.018519
0 0.430729 0.448148 0.011458 0.022222
0 0.435937 0.436111 0.011458 0.016667
0 0.440104 0.421296 0.011458 0.020370
0 0.444792 0.410185 0.010417 0.016667
0 0.448437 0.400926 0.009375 0.012963
0 0.454167 0.393519 0.008333 0.012963
