0 0.439844 0.504630 0.005729 0.011111
0 0.480469 0.516204 0.009896 0.013889
0 0.484896 0.527778 0.010417 0.016667
2 0.507552 0.530093 0.013021 0.026852
0 0.537760 0.555093 0.015104 0.021296
0 0.478125 0.562963 0.013542 0.018519
0 0.584896 0.694444 0.032292 0.038889
0 0.814583 0.821759 0.083333 0.065741
0 0.771875 0.740278 0.042708 0.086111
0 0.713802 0.738426 0.076563 0.063889
0 0.714844 0.939352 0.070312 0.093519
0 0.277604 0.901389 0.060417 0.093519
0 0.300260 0.807407 0.034896 0.077778
0 0.358073 0.675463 0.019271 0.041667
0 0.420312 0.617593 0.018750 0.031481
0 0.451042 0.593981 0.017708 0.026852
0 0.446094 0.537963 0.009896 0.016667
0 0.452604 0.531019 0.011458 0.017593
0 0.253385 0.798148 0.045312 0.087037
0 0.305990 0.706944 0.039062 0.060185
0 0.393750 0.512500 0.014583 0.019444
