4 0.896691 0.141176 0.025735 0.028758
3 0.884926 0.224183 0.087500 0.171242
3 0.952941 0.237255 0.094118 0.168627
3 0.883824 0.043791 0.061765 0.084967
3 0.817279 0.037255 0.065441 0.071895
3 0.765809 0.033333 0.040441 0.061438
3 0.711765 0.033987 0.042647 0.065359
3 0.656985 0.032680 0.034559 0.065359
3 0.530147 0.025490 0.036765 0.050980
3 0.275368 0.030719 0.081618 0.061438
3 0.359926 0.066013 0.112500 0.092810
3 0.363971 0.152288 0.083824 0.124183
3 0.209926 0.230719 0.165441 0.129412
3 0.391912 0.343791 0.107353 0.227451
3 0.533088 0.369935 0.076471 0.198693
3 0.720956 0.576471 0.255147 0.222222
3 0.598529 0.865359 0.122059 0.269281
0 0.129044 0.219608 0.025735 0.052288
3 0.201838 0.018301 0.059559 0.033987
3 0.152941 0.017647 0.054412 0.032680
3 0.034926 0.188889 0.069853 0.100654
3 0.097794 0.103268 0.072059 0.107190
3 0.149265 0.142484 0.114706 0.120261
