0 0.477083 0.251852 0.006250 0.018519
0 0.468229 0.256481 0.007292 0.020370
7 0.439583 0.255556 0.006250 0.018519
1 0.381250 0.307407 0.020833 0.040741
2 0.384896 0.281481 0.021875 0.040741
1 0.507812 0.230556 0.017708 0.031481
1 0.385937 0.258333 0.017708 0.031481
1 0.390625 0.244444 0.018750 0.033333
3 0.438021 0.301852 0.023958 0.081481
7 0.488021 0.400926 0.009375 0.027778
7 0.500000 0.386111 0.008333 0.027778
7 0.506771 0.369444 0.007292 0.024074
7 0.432292 0.494444 0.010417 0.040741
4 0.507812 0.489815 0.015625 0.042593
3 0.634375 0.162963 0.045833 0.033333
2 0.586458 0.494444 0.039583 0.077778
1 0.578125 0.551852 0.075000 0.074074
1 0.503646 0.584259 0.042708 0.090741
1 0.461979 0.502778 0.038542 0.094444
1 0.445312 0.642593 0.044792 0.125926
5 0.583333 0.629630 0.033333 0.122222
5 0.374479 0.586111 0.026042 0.098148
7 0.334896 0.568519 0.038542 0.037037
7 0.342187 0.536111 0.038542 0.038889
7 0.325521 0.613889 0.028125 0.050000
7 0.311979 0.626852 0.042708 0.050000
7 0.301042 0.688889 0.039583 0.048148
7 0.236979 0.723148 0.034375 0.050000
7 0.549479 0.674074 0.017708 0.062963
7 0.401042 0.628704 0.016667 0.042593
7 0.198958 0.879630 0.045833 0.070370
1 0.318750 0.887037 0.072917 0.188889
1 0.676042 0.917593 0.085417 0.164815
7 0.618229 0.926852 0.019792 0.079630
7 0.572917 0.855556 0.027083 0.074074
7 0.526563 0.850926 0.021875 0.079630
7 0.876563 0.493519 0.026042 0.042593
7 0.763021 0.408333 0.028125 0.031481
7 0.700521 0.316667 0.023958 0.033333
