1 0.756771 0.181481 0.028125 0.022222
1 0.808854 0.182407 0.030208 0.020370
1 0.832812 0.179630 0.028125 0.025926
1 0.859896 0.194444 0.032292 0.022222
1 0.886979 0.195370 0.034375 0.027778
1 0.909375 0.195370 0.029167 0.024074
1 0.930208 0.195370 0.035417 0.024074
1 0.956771 0.195370 0.038542 0.027778
1 0.973437 0.194444 0.030208 0.022222
1 0.988542 0.191667 0.022917 0.024074
1 0.988021 0.175926 0.023958 0.022222
1 0.972917 0.177778 0.029167 0.018519
1 0.935937 0.167593 0.026042 0.016667
1 0.931771 0.178704 0.028125 0.020370
1 0.909375 0.177778 0.027083 0.018519
1 0.894271 0.175926 0.021875 0.014815
1 0.865104 0.181481 0.038542 0.025926
1 0.809896 0.169444 0.028125 0.016667
1 0.779687 0.179630 0.032292 0.025926
1 0.865625 0.171296 0.018750 0.016667
