1 0.115625 0.776852 0.104167 0.124074
3 0.338542 0.648148 0.233333 0.333333
2 0.534375 0.450926 0.037500 0.057407
3 0.590104 0.353704 0.086458 0.122222
3 0.575000 0.218519 0.058333 0.085185
6 0.667188 0.266667 0.046875 0.066667
7 0.595313 0.470370 0.021875 0.025926
7 0.576562 0.456481 0.013542 0.024074
1 0.628646 0.229630 0.019792 0.025926
1 0.650521 0.200000 0.019792 0.025926
7 0.556771 0.282407 0.019792 0.020370
1 0.718229 0.273148 0.023958 0.035185
1 0.732812 0.219444 0.021875 0.035185
1 0.813542 0.187037 0.022917 0.018519
1 0.817187 0.183333 0.028125 0.022222
