7 0.773162 0.978431 0.046324 0.040523
0 0.754044 0.931373 0.034559 0.043137
7 0.687500 0.626797 0.026471 0.027451
7 0.467279 0.973856 0.015441 0.049673
4 0.309559 0.936601 0.029412 0.079739
2 0.599632 0.688889 0.043382 0.112418
1 0.501838 0.704575 0.041912 0.125490
0 0.447794 0.677778 0.010294 0.058824
1 0.392647 0.528105 0.035294 0.094118
4 0.379412 0.415033 0.044118 0.040523
1 0.519485 0.281046 0.028676 0.060131
7 0.544853 0.327451 0.010294 0.032680
0 0.544853 0.201961 0.008824 0.024837
0 0.419485 0.235948 0.006618 0.030065
7 0.515074 0.192157 0.006618 0.033987
4 0.464706 0.119608 0.014706 0.032680
2 0.485662 0.058824 0.018382 0.044444
3 0.386397 0.021569 0.022794 0.043137
1 0.190074 0.500000 0.068382 0.056209
1 0.202941 0.435294 0.070588 0.054902
2 0.226471 0.375817 0.054412 0.058824
2 0.254044 0.297386 0.049265 0.045752
1 0.026838 0.417647 0.053676 0.064052
2 0.069118 0.315686 0.079412 0.056209
1 0.079779 0.283660 0.069853 0.039216
2 0.100735 0.244444 0.077941 0.067974
1 0.194118 0.054902 0.047059 0.036601
