1 0.063603 0.646405 0.116912 0.100654
1 0.200735 0.578431 0.058824 0.082353
1 0.242279 0.415033 0.049265 0.045752
1 0.391912 0.263399 0.016176 0.024837
1 0.403676 0.243137 0.017647 0.026144
1 0.421324 0.215686 0.013235 0.020915
1 0.390441 0.226144 0.023529 0.023529
1 0.410294 0.210458 0.013235 0.018301
1 0.439706 0.180392 0.008824 0.013072
1 0.450368 0.181046 0.009559 0.014379
1 0.449632 0.167974 0.008088 0.011765
1 0.455882 0.159477 0.007353 0.013072
1 0.467647 0.140523 0.007353 0.009150
2 0.472794 0.131373 0.005882 0.009150
2 0.618015 0.256209 0.012500 0.023529
2 0.618382 0.248366 0.020588 0.023529
0 0.594485 0.237255 0.003676 0.011765
1 0.622059 0.277124 0.022059 0.026144
1 0.630147 0.303268 0.019118 0.026144
1 0.645221 0.311111 0.024265 0.028758
7 0.613971 0.309804 0.005882 0.015686
1 0.684559 0.395425 0.045588 0.032680
1 0.682353 0.423529 0.030882 0.039216
0 0.770588 0.450980 0.011765 0.023529
7 0.737500 0.441830 0.022059 0.023529
7 0.751471 0.392810 0.011765 0.022222
1 0.729779 0.491503 0.063971 0.041830
1 0.719485 0.532026 0.043382 0.054902
1 0.759926 0.593464 0.053676 0.091503
1 0.797059 0.674510 0.063235 0.107190
1 0.906985 0.684967 0.088971 0.070588
1 0.882721 0.645098 0.100735 0.056209
1 0.937500 0.958824 0.091176 0.082353
1 0.625368 0.645098 0.041912 0.074510
2 0.506618 0.665359 0.041176 0.109804
2 0.541544 0.471895 0.059559 0.065359
1 0.429779 0.413072 0.027206 0.047059
2 0.469118 0.387582 0.022059 0.056209
7 0.426103 0.326144 0.006618 0.019608
7 0.436765 0.309804 0.004412 0.020915
1 0.515441 0.346405 0.022059 0.033987
1 0.553676 0.346405 0.020588 0.031373
1 0.570956 0.310458 0.016912 0.027451
1 0.560294 0.262092 0.016176 0.022222
1 0.520221 0.273203 0.015441 0.023529
2 0.490809 0.245098 0.013971 0.030065
1 0.466544 0.220261 0.012500 0.019608
1 0.521691 0.250327 0.012500 0.019608
1 0.523529 0.234641 0.013235 0.022222
1 0.524632 0.218954 0.011029 0.016993
1 0.495221 0.213725 0.012500 0.019608
1 0.470221 0.209804 0.012500 0.022222
1 0.476838 0.192157 0.018382 0.013072
1 0.494485 0.191503 0.009559 0.014379
1 0.501471 0.203268 0.010294 0.016993
1 0.522059 0.206536 0.011765 0.015686
1 0.524265 0.191503 0.010294 0.014379
0 0.547794 0.256863 0.004412 0.011765
1 0.557721 0.230065 0.012500 0.023529
0 0.539338 0.207190 0.002206 0.009150
0 0.535662 0.198039 0.002206 0.009150
1 0.565809 0.214379 0.025735 0.015686
1 0.552941 0.207190 0.011765 0.014379
1 0.548897 0.194118 0.009559 0.014379
1 0.522794 0.168627 0.008824 0.015686
1 0.501838 0.168627 0.008088 0.010458
1 0.505882 0.156863 0.007353 0.015686
0 0.484191 0.167974 0.003676 0.006536
1 0.489338 0.153595 0.008088 0.011765
7 0.497059 0.155556 0.002941 0.007843
1 0.505515 0.133987 0.006618 0.011765
1 0.525368 0.141830 0.006618 0.009150
1 0.973897 0.763399 0.052206 0.075817
4 0.157353 0.488889 0.025000 0.036601
7 0.640074 0.276471 0.012500 0.014379
1 0.543750 0.149020 0.008088 0.010458
7 0.537500 0.154902 0.002941 0.006536
