1 0.498437 0.959259 0.030208 0.075926
1 0.811458 0.865741 0.043750 0.066667
1 0.452083 0.868519 0.023958 0.057407
1 0.498958 0.848148 0.025000 0.059259
2 0.412240 0.940278 0.027604 0.065741
1 0.347396 0.969444 0.033333 0.057407
1 0.302604 0.955093 0.037500 0.086111
1 0.203125 0.933796 0.040625 0.078704
2 0.227865 0.862963 0.032813 0.066667
1 0.245573 0.813889 0.032813 0.066667
1 0.263281 0.761574 0.029687 0.056481
1 0.279687 0.713426 0.028125 0.052778
1 0.293750 0.673148 0.025000 0.044444
1 0.304427 0.645370 0.021354 0.040741
1 0.367708 0.880093 0.028125 0.073148
1 0.373698 0.812963 0.027604 0.068519
1 0.382812 0.755556 0.026042 0.055556
1 0.349740 0.746759 0.027604 0.058333
1 0.336719 0.660185 0.024479 0.044444
1 0.393750 0.692593 0.021875 0.046296
2 0.534635 0.774074 0.045312 0.051852
1 0.470052 0.699074 0.020313 0.042593
1 0.442188 0.633333 0.018750 0.033333
1 0.402083 0.645833 0.021875 0.049074
1 0.409115 0.615278 0.018229 0.037963
1 0.413542 0.587037 0.015625 0.037037
1 0.417708 0.555556 0.014583 0.027778
1 0.465104 0.591204 0.016667 0.028704
1 0.481771 0.545833 0.015625 0.026852
2 0.452865 0.524537 0.016146 0.026852
1 0.425000 0.524537 0.014583 0.026852
1 0.424219 0.503241 0.014063 0.025000
1 0.741146 0.767130 0.055208 0.056481
1 0.960417 0.885648 0.054167 0.054630
1 0.903646 0.820833 0.034375 0.045370
7 0.528385 0.656481 0.007812 0.025926
6 0.499479 0.509722 0.019792 0.062037
1 0.480990 0.478704 0.013021 0.020370
0 0.528906 0.541204 0.004687 0.019444
7 0.521875 0.498611 0.004167 0.015741
1 0.497917 0.452778 0.012500 0.020370
1 0.477865 0.426389 0.010937 0.017593
1 0.496094 0.416667 0.010937 0.016667
1 0.496354 0.400926 0.009375 0.016667
2 0.503646 0.369907 0.008333 0.017593
1 0.513021 0.367593 0.008333 0.012963
1 0.501042 0.362037 0.008333 0.012963
1 0.433594 0.459259 0.013021 0.022222
2 0.408854 0.464815 0.012500 0.027778
1 0.404687 0.439815 0.011458 0.022222
1 0.424219 0.409259 0.010937 0.018519
1 0.426823 0.387500 0.010937 0.015741
1 0.398698 0.369444 0.019271 0.012963
1 0.439844 0.340278 0.007812 0.013889
1 0.481510 0.356481 0.009896 0.016667
1 0.473177 0.337963 0.009896 0.014815
1 0.482552 0.330556 0.007812 0.011111
1 0.472656 0.319444 0.007812 0.011111
1 0.482812 0.308333 0.007292 0.011111
1 0.472917 0.295833 0.006250 0.010185
1 0.490365 0.294444 0.007812 0.011111
1 0.504948 0.284259 0.005729 0.009259
0 0.509896 0.393981 0.003125 0.012037
0 0.470052 0.374074 0.006771 0.009259
0 0.459635 0.377778 0.007812 0.009259
7 0.553125 0.964815 0.011458 0.038889
0 0.558333 0.906481 0.009375 0.033333
1 0.663281 0.754630 0.058854 0.048148
1 0.074219 0.962963 0.069271 0.057407
1 0.089063 0.924074 0.061458 0.044444
1 0.115625 0.890278 0.057292 0.047222
1 0.125260 0.860648 0.063021 0.043519
1 0.138281 0.831019 0.059896 0.041667
1 0.154688 0.803704 0.053125 0.042593
1 0.165885 0.776852 0.056771 0.042593
1 0.175781 0.756019 0.049479 0.037963
1 0.187240 0.731481 0.051562 0.037037
1 0.198698 0.711111 0.052604 0.035185
1 0.214062 0.687037 0.041667 0.033333
1 0.215104 0.673148 0.047917 0.031481
1 0.226302 0.657870 0.041146 0.030556
1 0.232292 0.647685 0.040625 0.030556
1 0.236719 0.628704 0.040104 0.027778
1 0.246354 0.615278 0.043750 0.030556
1 0.255729 0.602315 0.044792 0.030556
1 0.263542 0.587500 0.044792 0.026852
1 0.266667 0.579167 0.045833 0.030556
1 0.272656 0.562037 0.042188 0.025926
1 0.279687 0.552315 0.041667 0.023148
1 0.287760 0.538889 0.039062 0.024074
1 0.290885 0.526389 0.039062 0.026852
1 0.295573 0.513426 0.036979 0.019444
1 0.299479 0.507407 0.037500 0.025926
1 0.323698 0.588426 0.017188 0.030556
1 0.332813 0.564352 0.016667 0.032407
1 0.341146 0.538889 0.016667 0.031481
1 0.347396 0.522222 0.013542 0.024074
1 0.351823 0.508796 0.015104 0.025000
1 0.359375 0.492593 0.014583 0.025926
1 0.363802 0.475463 0.015104 0.023148
1 0.367708 0.462963 0.014583 0.024074
1 0.372396 0.446759 0.014583 0.023148
1 0.378906 0.436111 0.011979 0.020370
0 0.364063 0.502315 0.005208 0.017593
2 0.447917 0.270370 0.006250 0.016667
1 0.454167 0.254630 0.005208 0.007407
1 0.461979 0.250926 0.005208 0.009259
1 0.465625 0.245370 0.004167 0.007407
1 0.476823 0.250926 0.004687 0.007407
1 0.488542 0.247222 0.005208 0.007407
1 0.019010 0.872685 0.035937 0.073148
1 0.064583 0.789352 0.042708 0.058333
1 0.016406 0.796296 0.032813 0.035185
1 0.025521 0.771296 0.051042 0.038889
1 0.041406 0.749074 0.053646 0.037037
1 0.053385 0.728704 0.054688 0.035185
1 0.070833 0.708796 0.054167 0.036111
1 0.086979 0.688889 0.054167 0.033333
1 0.096875 0.669444 0.048958 0.029630
1 0.113802 0.643519 0.048438 0.037037
1 0.129427 0.625000 0.039062 0.027778
1 0.133073 0.608796 0.040104 0.030556
1 0.171094 0.618056 0.027604 0.039815
1 0.147656 0.596296 0.044271 0.025926
1 0.190625 0.578241 0.022917 0.034259
1 0.167448 0.577315 0.034896 0.026852
1 0.206250 0.557407 0.022917 0.027778
1 0.173177 0.562500 0.032813 0.023148
1 0.178646 0.551389 0.033333 0.025000
1 0.016927 0.671296 0.026562 0.048148
1 0.055990 0.629167 0.050521 0.037963
1 0.073698 0.603704 0.043229 0.037037
1 0.089323 0.588889 0.043229 0.031481
1 0.119271 0.563889 0.026042 0.037037
1 0.131250 0.537037 0.036458 0.029630
1 0.141667 0.525463 0.030208 0.021296
2 0.151562 0.507870 0.030208 0.026852
1 0.163542 0.497222 0.026042 0.022222
1 0.173958 0.487500 0.029167 0.021296
1 0.183073 0.476852 0.026562 0.020370
2 0.191667 0.462037 0.016667 0.025926
1 0.208854 0.454630 0.017708 0.022222
1 0.217969 0.440278 0.015104 0.023148
1 0.226562 0.429630 0.014583 0.020370
1 0.234115 0.418519 0.014063 0.022222
1 0.243750 0.410648 0.013542 0.021296
1 0.251563 0.401389 0.012500 0.021296
1 0.259896 0.392593 0.013542 0.016667
1 0.265885 0.383333 0.011979 0.016667
1 0.268229 0.364815 0.021875 0.016667
1 0.185156 0.540278 0.034896 0.023148
1 0.196094 0.531019 0.028646 0.021296
1 0.201042 0.523148 0.035417 0.022222
1 0.207031 0.514352 0.038021 0.021296
1 0.211719 0.504630 0.032813 0.020370
1 0.220833 0.497222 0.031250 0.022222
1 0.223698 0.488426 0.031771 0.019444
1 0.230990 0.479167 0.032813 0.023148
1 0.239062 0.473611 0.026042 0.019444
1 0.246094 0.467130 0.026562 0.019444
1 0.245833 0.460185 0.029167 0.016667
1 0.249479 0.452778 0.029167 0.022222
1 0.254427 0.446296 0.027604 0.020370
1 0.262760 0.441204 0.024479 0.017593
1 0.266146 0.435648 0.023958 0.015741
1 0.267708 0.428704 0.027083 0.020370
1 0.271615 0.425000 0.025521 0.016667
1 0.273177 0.418519 0.026562 0.016667
1 0.276302 0.413889 0.025521 0.016667
1 0.280208 0.408333 0.022917 0.014815
2 0.281771 0.406019 0.019792 0.017593
1 0.286719 0.400000 0.023438 0.016667
1 0.289583 0.395833 0.025000 0.013889
1 0.294010 0.390741 0.024479 0.014815
1 0.297656 0.387500 0.022396 0.013889
1 0.299740 0.382407 0.021354 0.016667
1 0.304688 0.374537 0.022917 0.015741
1 0.468229 0.232407 0.009375 0.007407
1 0.490885 0.243981 0.004687 0.006481
1 0.492708 0.241204 0.005208 0.006481
1 0.330729 0.371759 0.016667 0.013889
1 0.353646 0.368056 0.019792 0.015741
1 0.322917 0.365741 0.020833 0.012963
2 0.302344 0.362500 0.017188 0.015741
1 0.408594 0.345370 0.008854 0.014815
1 0.410417 0.340278 0.007292 0.012037
1 0.413542 0.334259 0.007292 0.014815
1 0.414323 0.329630 0.007812 0.011111
2 0.416927 0.323148 0.007812 0.012963
1 0.418229 0.318981 0.006250 0.010185
1 0.419271 0.312963 0.006250 0.011111
1 0.421354 0.309259 0.006250 0.009259
1 0.424740 0.306019 0.006771 0.010185
1 0.423698 0.300926 0.005729 0.007407
1 0.426563 0.297685 0.008333 0.010185
1 0.427604 0.293981 0.006250 0.010185
1 0.430469 0.283333 0.005729 0.009259
1 0.431771 0.279167 0.006250 0.008333
1 0.432031 0.275926 0.005729 0.007407
1 0.432812 0.273148 0.005208 0.009259
1 0.434635 0.268519 0.006771 0.007407
1 0.435937 0.263889 0.006250 0.007407
1 0.436719 0.261111 0.005729 0.007407
1 0.437500 0.259259 0.005208 0.007407
1 0.438281 0.256481 0.005729 0.007407
1 0.439323 0.255093 0.004687 0.008333
1 0.446354 0.248148 0.005208 0.007407
1 0.447917 0.243981 0.005208 0.006481
1 0.450521 0.241667 0.005208 0.007407
1 0.453906 0.238426 0.004687 0.006481
1 0.440625 0.250463 0.005208 0.008333
1 0.459635 0.226389 0.008854 0.006481
1 0.465104 0.224537 0.008333 0.006481
1 0.470312 0.223611 0.006250 0.006481
1 0.476302 0.223148 0.008854 0.005556
7 0.427083 0.336574 0.003125 0.008333
7 0.423958 0.323611 0.003125 0.008333
7 0.460938 0.275463 0.002083 0.006481
7 0.501042 0.262037 0.002083 0.005556
