4 0.306771 0.899074 0.059375 0.194444
4 0.112500 0.923148 0.145833 0.150000
4 0.243229 0.656481 0.061458 0.061111
7 0.321875 0.611111 0.029167 0.077778
4 0.260417 0.614815 0.102083 0.077778
4 0.261458 0.562963 0.100000 0.070370
5 0.372396 0.534259 0.048958 0.131481
7 0.407292 0.532407 0.020833 0.072222
7 0.575000 0.594444 0.025000 0.092593
7 0.571354 0.509259 0.034375 0.055556
7 0.559375 0.474074 0.022917 0.070370
3 0.501042 0.446296 0.045833 0.118519
4 0.451562 0.460185 0.023958 0.072222
7 0.435417 0.348148 0.014583 0.044444
4 0.313021 0.423148 0.069792 0.057407
4 0.328646 0.331481 0.076042 0.066667
4 0.383854 0.329630 0.040625 0.044444
7 0.676042 0.841667 0.054167 0.150000
7 0.683854 0.730556 0.078125 0.083333
7 0.888542 0.621296 0.031250 0.087037
4 0.845313 0.639815 0.082292 0.079630
1 0.926562 0.524074 0.111458 0.107407
4 0.598958 0.426852 0.062500 0.057407
7 0.720833 0.370370 0.031250 0.040741
4 0.601042 0.362037 0.060417 0.042593
4 0.601562 0.336111 0.065625 0.050000
4 0.584896 0.297222 0.057292 0.038889
4 0.701042 0.272222 0.033333 0.040741
3 0.687500 0.225926 0.108333 0.111111
4 0.722917 0.255556 0.052083 0.044444
4 0.465104 0.264815 0.011458 0.033333
7 0.521875 0.259259 0.025000 0.037037
7 0.500000 0.241667 0.010417 0.027778
7 0.508333 0.207407 0.008333 0.029630
7 0.490625 0.211111 0.010417 0.025926
7 0.472917 0.212963 0.010417 0.025926
7 0.469792 0.151852 0.008333 0.022222
7 0.493229 0.124074 0.007292 0.018519
4 0.454687 0.174074 0.009375 0.029630
2 0.437500 0.111111 0.014583 0.029630
7 0.460417 0.102778 0.004167 0.016667
7 0.477083 0.096296 0.006250 0.014815
7 0.484896 0.094444 0.005208 0.014815
4 0.497396 0.104630 0.007292 0.020370
2 0.531250 0.093519 0.029167 0.024074
1 0.543750 0.090741 0.029167 0.025926
2 0.477604 0.057407 0.009375 0.018519
