1 0.649219 0.586111 0.051562 0.033333
1 0.278646 0.875463 0.058333 0.093519
1 0.028646 0.970370 0.057292 0.059259
0 0.078385 0.969907 0.020313 0.060185
1 0.206510 0.850000 0.049479 0.088889
1 0.139323 0.859722 0.051562 0.087963
1 0.151823 0.781944 0.041146 0.058333
0 0.090625 0.874074 0.017708 0.051852
1 0.065625 0.850926 0.055208 0.083333
1 0.079948 0.800000 0.042188 0.057407
0 0.060937 0.718519 0.021875 0.024074
1 0.142448 0.707870 0.029687 0.045370
1 0.175000 0.682870 0.027083 0.043519
1 0.174479 0.646296 0.021875 0.031481
1 0.172135 0.621759 0.017188 0.023148
0 0.188281 0.609259 0.005729 0.016667
1 0.152865 0.606019 0.015104 0.019444
1 0.145833 0.618519 0.016667 0.025926
1 0.117188 0.648148 0.020833 0.027778
1 0.107812 0.694907 0.029167 0.045370
1 0.108333 0.678704 0.027083 0.027778
0 0.239583 0.681944 0.008333 0.023148
0 0.206510 0.696759 0.008854 0.030556
0 0.208333 0.673148 0.008333 0.027778
0 0.224740 0.698611 0.008854 0.026852
0 0.221875 0.682870 0.009375 0.021296
0 0.217969 0.660185 0.005729 0.022222
0 0.222656 0.666204 0.007812 0.021296
