1 0.576042 0.849537 0.140625 0.239815
1 0.385417 0.895833 0.142708 0.208333
1 0.391667 0.712963 0.078125 0.125926
0 0.625781 0.725926 0.013021 0.061111
0 0.289062 0.604167 0.035417 0.041667
0 0.326042 0.612963 0.031250 0.033333
0 0.326823 0.605556 0.027604 0.031481
0 0.334375 0.597685 0.027083 0.037963
0 0.354427 0.618981 0.032813 0.032407
0 0.374219 0.619444 0.036979 0.050000
7 0.412760 0.619907 0.030729 0.036111
0 0.415365 0.608796 0.038021 0.036111
0 0.537500 0.635648 0.044792 0.050926
0 0.744792 0.601852 0.034375 0.031481
0 0.653646 0.600463 0.030208 0.036111
0 0.595573 0.634722 0.010937 0.036111
0 0.588802 0.589815 0.025521 0.033333
0 0.567448 0.600463 0.030729 0.034259
7 0.548958 0.585648 0.017708 0.034259
0 0.527604 0.582870 0.019792 0.028704
0 0.513021 0.595370 0.029167 0.031481
0 0.484115 0.618519 0.038021 0.037037
0 0.483854 0.583796 0.028125 0.030556
7 0.488542 0.530556 0.006250 0.016667
7 0.482031 0.533333 0.003646 0.016667
7 0.473438 0.531481 0.004167 0.011111
1 0.451042 0.556019 0.026042 0.041667
6 0.458854 0.521759 0.028125 0.067593
1 0.443750 0.524074 0.011458 0.020370
1 0.441927 0.514815 0.014063 0.024074
0 0.420573 0.518981 0.003646 0.015741
0 0.411719 0.552778 0.004687 0.020370
4 0.405208 0.556481 0.010417 0.024074
0 0.385417 0.561111 0.007292 0.029630
1 0.644271 0.562037 0.052083 0.048148
1 0.608333 0.554630 0.036458 0.046296
1 0.589583 0.548611 0.032292 0.034259
1 0.580469 0.548148 0.030729 0.035185
1 0.573438 0.543056 0.038542 0.030556
1 0.545833 0.527778 0.041667 0.024074
1 0.498177 0.518056 0.013021 0.021296
1 0.513542 0.512500 0.025000 0.026852
