0 0.433456 0.969935 0.033088 0.060131
0 0.482353 0.835294 0.033824 0.112418
0 0.548897 0.579739 0.025735 0.066667
2 0.430882 0.833987 0.033824 0.122876
0 0.436397 0.588235 0.027206 0.083660
0 0.436397 0.708497 0.028676 0.088889
2 0.483456 0.663399 0.034559 0.163399
0 0.485662 0.556209 0.028676 0.074510
0 0.533088 0.445752 0.023529 0.052288
0 0.534559 0.356863 0.019118 0.039216
0 0.496691 0.418301 0.018382 0.047059
0 0.495221 0.294771 0.018382 0.040523
2 0.463235 0.331373 0.027941 0.090196
2 0.308088 0.141830 0.019118 0.061438
0 0.436029 0.037255 0.010294 0.032680
1 0.577206 0.303922 0.033824 0.113725
0 0.498897 0.181046 0.015441 0.032680
1 0.556250 0.220915 0.031618 0.091503
0 0.555515 0.177124 0.021324 0.027451
0 0.561029 0.131373 0.014706 0.024837
0 0.528676 0.112418 0.013235 0.026144
0 0.551103 0.079085 0.012500 0.022222
0 0.485294 0.116340 0.013235 0.028758
0 0.472426 0.031373 0.012500 0.020915
0 0.476103 0.006536 0.012500 0.013072
0 0.521324 0.071895 0.013235 0.026144
0 0.514706 0.043137 0.010294 0.018301
0 0.546324 0.052288 0.011765 0.023529
1 0.545588 0.022222 0.016176 0.044444
2 0.526103 0.016340 0.012500 0.032680
0 0.215809 0.220261 0.019853 0.032680
2 0.109559 0.228758 0.060294 0.047059
0 0.142647 0.353595 0.036765 0.050980
0 0.114706 0.346405 0.030882 0.047059
0 0.083456 0.348366 0.033088 0.048366
0 0.043750 0.349020 0.040441 0.054902
0 0.007721 0.365359 0.015441 0.050980
0 0.987868 0.221569 0.024265 0.027451
0 0.988603 0.202614 0.022794 0.023529
0 0.924265 0.408497 0.052941 0.050980
0 0.794485 0.263399 0.022794 0.043137
0 0.842647 0.325490 0.038235 0.052288
0 0.863235 0.400654 0.029412 0.074510
0 0.935294 0.245752 0.036765 0.033987
0 0.917279 0.248366 0.033088 0.031373
0 0.897426 0.249020 0.027206 0.027451
0 0.877941 0.250980 0.029412 0.033987
0 0.963971 0.177778 0.029412 0.039216
0 0.941176 0.184314 0.025000 0.026144
0 0.921324 0.184314 0.025000 0.026144
0 0.896324 0.183007 0.027941 0.036601
0 0.880515 0.187582 0.025735 0.032680
0 0.863971 0.186928 0.026471 0.033987
0 0.845956 0.192157 0.022794 0.033987
0 0.940809 0.158824 0.024265 0.027451
0 0.925000 0.160784 0.025000 0.028758
0 0.909191 0.162745 0.024265 0.027451
0 0.891912 0.162745 0.025000 0.027451
0 0.875000 0.164706 0.026471 0.023529
0 0.858456 0.164706 0.021324 0.026144
0 0.840074 0.164706 0.027206 0.026144
0 0.908456 0.137255 0.028676 0.020915
0 0.802206 0.166667 0.025000 0.027451
0 0.780515 0.143137 0.031618 0.027451
0 0.890809 0.118301 0.019853 0.024837
0 0.877574 0.117647 0.016912 0.023529
0 0.870221 0.100000 0.019853 0.024837
0 0.861397 0.117647 0.019853 0.026144
0 0.845588 0.115686 0.022059 0.030065
0 0.830515 0.118301 0.021324 0.030065
0 0.856618 0.099346 0.016176 0.023529
0 0.843015 0.098693 0.018382 0.022222
0 0.824265 0.099346 0.019118 0.018301
0 0.810662 0.098039 0.019853 0.028758
0 0.765441 0.103922 0.020588 0.022222
0 0.738971 0.110458 0.017647 0.022222
0 0.832353 0.066013 0.019118 0.022222
0 0.818750 0.066667 0.018382 0.020915
0 0.805515 0.064706 0.018382 0.024837
0 0.790809 0.066013 0.019853 0.027451
0 0.776471 0.068627 0.020588 0.024837
0 0.750368 0.071242 0.018382 0.022222
0 0.718750 0.076471 0.022794 0.024837
0 0.718750 0.039216 0.022794 0.018301
0 0.699632 0.050980 0.015441 0.026144
0 0.689338 0.033333 0.011029 0.022222
0 0.719118 0.011765 0.014706 0.015686
0 0.802941 0.052941 0.019118 0.016993
0 0.788235 0.052288 0.017647 0.018301
0 0.770956 0.051634 0.018382 0.022222
0 0.774265 0.027451 0.017647 0.020915
0 0.772059 0.010458 0.014706 0.018301
0 0.758824 0.013725 0.017647 0.016993
0 0.762132 0.030065 0.016912 0.020915
0 0.745956 0.013072 0.016912 0.018301
0 0.749265 0.028105 0.014706 0.019608
0 0.751103 0.057516 0.013971 0.023529
