0 0.253906 0.162963 0.010937 0.009259
0 0.269010 0.166667 0.008854 0.007407
0 0.282552 0.168056 0.010937 0.008333
0 0.296354 0.168981 0.011458 0.006481
0 0.309635 0.169907 0.010937 0.008333
0 0.335417 0.170833 0.010417 0.008333
0 0.348958 0.171296 0.011458 0.009259
0 0.362240 0.171759 0.009896 0.008333
0 0.375521 0.171759 0.010417 0.006481
0 0.379688 0.168056 0.010417 0.008333
0 0.386979 0.173611 0.008333 0.008333
0 0.398958 0.174537 0.010417 0.006481
0 0.401042 0.168981 0.011458 0.008333
0 0.412240 0.174537 0.009896 0.008333
0 0.424479 0.173148 0.009375 0.009259
0 0.437240 0.174537 0.009896 0.006481
0 0.452083 0.175000 0.009375 0.005556
0 0.464323 0.176389 0.008854 0.008333
0 0.473698 0.171296 0.009896 0.007407
0 0.487240 0.176389 0.009896 0.008333
0 0.501042 0.175463 0.008333 0.008333
0 0.543229 0.175463 0.008333 0.008333
0 0.297656 0.285185 0.023438 0.016667
0 0.323958 0.290278 0.019792 0.015741
0 0.353385 0.296759 0.022396 0.015741
0 0.410156 0.306481 0.022396 0.018519
0 0.439323 0.312500 0.019271 0.015741
0 0.447656 0.277315 0.019271 0.013889
0 0.290365 0.279630 0.018229 0.014815
0 0.312500 0.283796 0.017708 0.015741
0 0.340885 0.289815 0.017188 0.014815
0 0.367969 0.292130 0.017188 0.017593
0 0.392708 0.295370 0.018750 0.014815
0 0.420052 0.299537 0.016146 0.015741
0 0.429948 0.296759 0.017188 0.013889
0 0.457552 0.300926 0.021354 0.018519
0 0.293490 0.269907 0.022396 0.017593
0 0.309635 0.276852 0.017188 0.012963
0 0.317708 0.275463 0.017708 0.013889
0 0.337500 0.277778 0.019792 0.014815
0 0.342448 0.282870 0.020313 0.015741
0 0.383073 0.301389 0.022396 0.019444
0 0.407292 0.300000 0.021875 0.016667
2 0.402865 0.284722 0.028646 0.023148
0 0.385156 0.334722 0.014063 0.019444
0 0.035677 0.563889 0.055729 0.040741
0 0.030469 0.607870 0.058854 0.052778
0 0.054427 0.649074 0.055729 0.051852
0 0.219792 0.898611 0.072917 0.080556
0 0.152604 0.748148 0.066667 0.061111
0 0.063281 0.816667 0.070312 0.066667
0 0.184635 0.779630 0.065104 0.066667
0 0.215885 0.700463 0.056771 0.050926
0 0.221875 0.565278 0.041667 0.041667
0 0.197656 0.529630 0.043229 0.038889
0 0.409115 0.745833 0.052604 0.060185
0 0.348698 0.693981 0.049479 0.052778
0 0.314583 0.618981 0.047917 0.047222
0 0.363021 0.587963 0.038542 0.037037
2 0.377604 0.427778 0.057292 0.072222
2 0.468229 0.398611 0.048958 0.065741
2 0.559375 0.348611 0.037500 0.054630
2 0.512500 0.365741 0.037500 0.033333
2 0.942448 0.370833 0.032813 0.023148
0 0.399740 0.555556 0.035937 0.038889
0 0.441667 0.527778 0.033333 0.033333
0 0.478125 0.567593 0.034375 0.040741
0 0.512500 0.632870 0.042708 0.043519
0 0.544792 0.546759 0.030208 0.032407
0 0.600781 0.536574 0.029687 0.032407
0 0.623437 0.478704 0.023958 0.027778
0 0.540104 0.454630 0.022917 0.025926
0 0.592448 0.407870 0.020313 0.023148
0 0.445312 0.387963 0.022917 0.022222
0 0.536458 0.338889 0.015625 0.018519
0 0.494010 0.482870 0.027604 0.026852
0 0.574479 0.318981 0.015625 0.017593
0 0.600000 0.320370 0.015625 0.014815
0 0.633594 0.289352 0.013021 0.015741
0 0.643490 0.293981 0.013021 0.015741
0 0.469792 0.503241 0.030208 0.028704
0 0.511979 0.505556 0.028125 0.029630
0 0.520833 0.467593 0.025000 0.027778
0 0.557552 0.436574 0.022396 0.023148
0 0.566667 0.489352 0.025000 0.026852
0 0.590885 0.494907 0.026562 0.032407
0 0.641406 0.450463 0.021354 0.023148
0 0.578906 0.421759 0.023438 0.025000
0 0.610156 0.395370 0.019271 0.020370
0 0.448698 0.403241 0.022396 0.023148
0 0.577604 0.449537 0.023958 0.025000
0 0.606771 0.302315 0.015625 0.019444
0 0.625260 0.318981 0.014063 0.015741
0 0.647656 0.306944 0.014063 0.015741
0 0.655469 0.379167 0.016146 0.017593
0 0.675521 0.387037 0.016667 0.020370
0 0.710417 0.381944 0.015625 0.019444
0 0.699740 0.367130 0.015104 0.015741
0 0.737240 0.359722 0.014063 0.017593
0 0.664062 0.283333 0.012500 0.012963
0 0.652344 0.281481 0.011979 0.012963
0 0.683073 0.285185 0.011979 0.012963
0 0.690625 0.268056 0.010417 0.012037
0 0.691927 0.252778 0.009896 0.011111
0 0.721094 0.251389 0.009896 0.010185
0 0.718750 0.262963 0.009375 0.011111
0 0.705469 0.282870 0.010937 0.013889
0 0.716406 0.276852 0.010937 0.012963
0 0.722656 0.272222 0.007812 0.012963
0 0.730208 0.267593 0.008333 0.011111
0 0.735156 0.264815 0.008854 0.012963
0 0.742708 0.259259 0.008333 0.012963
0 0.748698 0.256481 0.008854 0.012963
0 0.755208 0.250000 0.010417 0.011111
2 0.721875 0.320370 0.018750 0.031481
0 0.772917 0.303241 0.011458 0.015741
0 0.762760 0.294907 0.009896 0.012037
0 0.801562 0.302315 0.010417 0.015741
0 0.816146 0.280556 0.009375 0.011111
0 0.806771 0.271759 0.009375 0.013889
0 0.785937 0.273611 0.010417 0.012037
0 0.817448 0.248148 0.008854 0.011111
0 0.827865 0.255093 0.007812 0.010185
0 0.821615 0.263426 0.007812 0.010185
0 0.838021 0.243981 0.007292 0.010185
0 0.846094 0.235185 0.006771 0.009259
0 0.862240 0.221759 0.005729 0.008333
0 0.863021 0.216204 0.005208 0.008333
0 0.872396 0.200463 0.005208 0.006481
0 0.868490 0.207407 0.005729 0.009259
0 0.861979 0.210648 0.006250 0.008333
0 0.851302 0.212037 0.005729 0.007407
0 0.842969 0.226852 0.006771 0.009259
0 0.823437 0.302315 0.010417 0.012037
0 0.929688 0.388889 0.030208 0.018519
0 0.870312 0.362037 0.026042 0.018519
0 0.869010 0.351852 0.024479 0.014815
0 0.884896 0.348148 0.023958 0.014815
0 0.902865 0.366667 0.018229 0.016667
0 0.901042 0.358796 0.018750 0.015741
0 0.911198 0.356944 0.021354 0.015741
0 0.951823 0.364352 0.025521 0.015741
0 0.958854 0.370370 0.029167 0.016667
0 0.971094 0.374537 0.024479 0.015741
0 0.992188 0.375000 0.015625 0.016667
0 0.987240 0.369907 0.024479 0.015741
