1 0.585662 0.759477 0.053676 0.133333
1 0.455515 0.676471 0.044853 0.155556
1 0.510662 0.352941 0.036029 0.078431
4 0.562132 0.256209 0.019853 0.060131
1 0.518382 0.218301 0.025000 0.049673
1 0.573162 0.106536 0.022794 0.037908
1 0.415809 0.081046 0.022794 0.041830
2 0.288971 0.150980 0.026471 0.064052
1 0.145221 0.550327 0.069853 0.112418
2 0.839706 0.128758 0.063235 0.048366
1 0.834559 0.357516 0.082353 0.058824
1 0.768750 0.234641 0.068382 0.043137
1 0.757721 0.188889 0.063971 0.045752
1 0.148162 0.160784 0.052206 0.039216
1 0.175735 0.107190 0.055882 0.039216
1 0.220221 0.057516 0.027206 0.036601
1 0.187868 0.060131 0.025735 0.039216
2 0.215074 0.028758 0.022794 0.039216
1 0.171324 0.009804 0.025000 0.019608
2 0.982353 0.326797 0.035294 0.057516
4 0.850000 0.854248 0.057353 0.145098
1 0.554412 0.029412 0.016176 0.035294
7 0.110294 0.074510 0.017647 0.023529
7 0.080882 0.107190 0.008824 0.041830
7 0.017279 0.181046 0.012500 0.035294
1 0.136397 0.037255 0.009559 0.022222
0 0.309191 0.185621 0.009559 0.026144
7 0.417647 0.173856 0.008824 0.028758
1 0.761397 0.082353 0.031618 0.041830
4 0.776471 0.051634 0.033824 0.035294
