1 0.202604 0.568519 0.065625 0.107407
1 0.385417 0.582407 0.091667 0.124074
1 0.292187 0.712037 0.078125 0.142593
4 0.526563 0.198148 0.040625 0.070370
4 0.566146 0.307407 0.051042 0.074074
7 0.403125 0.450926 0.025000 0.046296
7 0.105729 0.402778 0.019792 0.031481
1 0.061979 0.298148 0.046875 0.081481
4 0.229167 0.012037 0.027083 0.024074
1 0.932812 0.313889 0.042708 0.087037
2 0.816667 0.104630 0.045833 0.075926
5 0.892708 0.071296 0.029167 0.050000
1 0.706771 0.099074 0.044792 0.057407
1 0.750000 0.043519 0.054167 0.050000
1 0.768750 0.117593 0.041667 0.061111
1 0.199479 0.940741 0.113542 0.118519
1 0.434896 0.973148 0.059375 0.053704
1 0.925000 0.960185 0.066667 0.079630
