7 0.989338 0.456209 0.021324 0.036601
7 0.909926 0.438562 0.033088 0.037908
3 0.841176 0.526797 0.113235 0.101961
2 0.782721 0.379085 0.099265 0.088889
2 0.690441 0.383660 0.089706 0.079739
4 0.660294 0.554902 0.077941 0.066667
1 0.418382 0.666667 0.127941 0.117647
4 0.165074 0.630065 0.084559 0.099346
4 0.288603 0.565359 0.083088 0.084967
4 0.451471 0.396732 0.067647 0.071895
7 0.390074 0.451634 0.033088 0.064052
7 0.345956 0.505229 0.043382 0.048366
4 0.368015 0.406536 0.074265 0.083660
0 0.327941 0.432680 0.029412 0.060131
5 0.255515 0.417647 0.113971 0.098039
7 0.179779 0.477778 0.037500 0.050980
7 0.018750 0.250327 0.028676 0.050980
2 0.216912 0.241830 0.083824 0.073203
1 0.600368 0.288889 0.075735 0.075817
1 0.108088 0.113725 0.061765 0.057516
1 0.241176 0.191503 0.082353 0.071895
2 0.365074 0.184314 0.063971 0.075817
7 0.192647 0.069935 0.025000 0.027451
0 0.264706 0.122876 0.026471 0.031373
4 0.341912 0.080392 0.039706 0.032680
1 0.434191 0.014379 0.058088 0.028758
7 0.406618 0.083660 0.025000 0.028758
1 0.580882 0.132680 0.073529 0.061438
7 0.548529 0.065359 0.026471 0.026144
1 0.844853 0.131373 0.073529 0.050980
1 0.923529 0.167974 0.077941 0.056209
1 0.688603 0.007843 0.052206 0.015686
1 0.633088 0.010458 0.045588 0.020915
