0 0.300368 0.883660 0.053676 0.141176
0 0.454044 0.814379 0.046324 0.141176
0 0.423529 0.592810 0.047059 0.126797
0 0.396691 0.461438 0.049265 0.128105
0 0.485662 0.315686 0.046324 0.126797
0 0.551103 0.366667 0.049265 0.126797
0 0.681618 0.439216 0.075000 0.083660
0 0.708088 0.352941 0.069118 0.073203
0 0.709559 0.275817 0.076471 0.067974
0 0.720956 0.183660 0.069853 0.061438
0 0.735294 0.109804 0.072059 0.070588
0 0.752206 0.022876 0.058824 0.045752
0 0.546324 0.050327 0.045588 0.100654
0 0.502206 0.034641 0.044118 0.069281
0 0.021691 0.332026 0.043382 0.073203
