1 0.497396 0.775926 0.036458 0.111111
1 0.536458 0.693519 0.033333 0.087037
1 0.505208 0.498148 0.022917 0.051852
1 0.475000 0.431481 0.022917 0.044444
1 0.413021 0.343519 0.017708 0.042593
1 0.410938 0.280556 0.015625 0.031481
1 0.498958 0.334259 0.018750 0.031481
1 0.521875 0.350000 0.018750 0.037037
1 0.547396 0.409259 0.021875 0.040741
1 0.600521 0.555556 0.034375 0.055556
1 0.491146 0.255556 0.017708 0.033333
1 0.405729 0.245370 0.017708 0.024074
1 0.299479 0.475000 0.051042 0.038889
3 0.661979 0.614815 0.078125 0.085185
1 0.244792 0.593519 0.043750 0.090741
1 0.325521 0.221296 0.023958 0.027778
1 0.357812 0.212963 0.026042 0.022222
1 0.364063 0.225926 0.026042 0.022222
1 0.406771 0.203704 0.026042 0.022222
2 0.454167 0.180556 0.025000 0.027778
0 0.389583 0.411111 0.012500 0.022222
7 0.435937 0.258333 0.011458 0.020370
7 0.512500 0.287963 0.010417 0.012963
7 0.412500 0.155556 0.008333 0.011111
1 0.815104 0.812037 0.057292 0.135185
1 0.613021 0.174074 0.021875 0.018519
1 0.632812 0.161111 0.021875 0.018519
1 0.590104 0.161111 0.021875 0.018519
7 0.588542 0.170370 0.016667 0.018519
