0 0.233088 0.705229 0.036765 0.111111
0 0.412868 0.705882 0.034559 0.094118
0 0.020956 0.656863 0.041912 0.108497
0 0.054779 0.535948 0.041912 0.081046
0 0.138603 0.246405 0.027206 0.043137
0 0.319485 0.292157 0.022794 0.048366
0 0.698897 0.877778 0.093382 0.084967
0 0.649265 0.542484 0.052941 0.049673
0 0.609926 0.293464 0.050735 0.040523
0 0.547794 0.237908 0.051471 0.033987
2 0.562500 0.194771 0.072059 0.057516
0 0.474265 0.024837 0.033824 0.018301
2 0.340441 0.055556 0.019118 0.043137
0 0.297426 0.011765 0.013971 0.023529
2 0.192279 0.032680 0.030147 0.065359
0 0.937132 0.195425 0.043382 0.032680
0 0.813603 0.167974 0.031618 0.030065
0 0.855882 0.166667 0.041176 0.030065
0 0.921324 0.162745 0.039706 0.027451
