1 0.639706 0.834641 0.051471 0.108497
2 0.597059 0.833987 0.048529 0.088889
1 0.521324 0.940523 0.077941 0.077124
1 0.502574 0.885621 0.071324 0.074510
2 0.490441 0.832680 0.064706 0.081046
1 0.447059 0.691503 0.039706 0.078431
1 0.498162 0.627451 0.047794 0.075817
2 0.555882 0.603268 0.038235 0.069281
1 0.580882 0.596078 0.039706 0.057516
0 0.617279 0.630719 0.018382 0.024837
0 0.597426 0.637908 0.016912 0.020915
1 0.367647 0.898693 0.050000 0.116340
2 0.316176 0.934641 0.032353 0.101961
1 0.257721 0.907190 0.036029 0.112418
1 0.306250 0.809804 0.034559 0.098039
1 0.304779 0.687582 0.030147 0.067974
1 0.226471 0.710458 0.036765 0.084967
1 0.234926 0.598693 0.030147 0.067974
1 0.288235 0.545752 0.026471 0.048366
2 0.239338 0.515686 0.025735 0.066667
1 0.279044 0.464706 0.024265 0.050980
1 0.237868 0.449020 0.024265 0.053595
1 0.278309 0.379739 0.018382 0.035294
2 0.315441 0.386928 0.023529 0.041830
1 0.308824 0.345752 0.019118 0.032680
1 0.295956 0.309150 0.016912 0.030065
1 0.258088 0.338562 0.020588 0.033987
1 0.211397 0.373203 0.025735 0.037908
1 0.186029 0.442484 0.019118 0.045752
1 0.150368 0.472549 0.024265 0.045752
2 0.135294 0.536601 0.048529 0.061438
3 0.173897 0.583007 0.033088 0.107190
3 0.181618 0.666667 0.041176 0.101961
1 0.120221 0.639216 0.062500 0.049673
4 0.126103 0.486928 0.033088 0.037908
1 0.079044 0.356863 0.019853 0.039216
1 0.115074 0.354902 0.022794 0.040523
2 0.166544 0.384314 0.019853 0.049673
3 0.074632 0.288235 0.056618 0.037908
3 0.132721 0.277778 0.055147 0.037908
3 0.129412 0.262092 0.048529 0.037908
2 0.078309 0.092157 0.015441 0.019608
1 0.127574 0.220261 0.016912 0.030065
1 0.133824 0.184967 0.014706 0.022222
1 0.135662 0.169935 0.013971 0.023529
1 0.158824 0.226144 0.014706 0.028758
1 0.257721 0.294118 0.015441 0.026144
1 0.261029 0.256863 0.014706 0.024837
1 0.293382 0.259477 0.016176 0.030065
3 0.288603 0.226144 0.016912 0.044444
1 0.282721 0.190196 0.012500 0.019608
2 0.281250 0.171242 0.012500 0.026144
1 0.251471 0.183660 0.014706 0.024837
1 0.249265 0.153595 0.011765 0.019608
2 0.188971 0.232680 0.023529 0.036601
1 0.194118 0.209150 0.013235 0.023529
1 0.196691 0.189542 0.013971 0.023529
3 0.196324 0.155556 0.017647 0.044444
1 0.224265 0.121569 0.010294 0.020915
3 0.243382 0.116340 0.019118 0.039216
1 0.223529 0.081699 0.008824 0.016993
1 0.204412 0.054248 0.008824 0.016993
1 0.238603 0.027451 0.008088 0.013072
3 0.238971 0.050980 0.010294 0.026144
3 0.247794 0.030065 0.007353 0.013072
3 0.270588 0.120261 0.016176 0.033987
3 0.266544 0.079739 0.013971 0.033987
3 0.263603 0.058824 0.013971 0.028758
3 0.259559 0.043137 0.013235 0.028758
2 0.256250 0.016993 0.008088 0.020915
1 0.156618 0.081046 0.017647 0.015686
1 0.163971 0.052288 0.010294 0.018301
1 0.349265 0.558170 0.026471 0.057516
1 0.752941 0.511111 0.036765 0.047059
1 0.776103 0.507190 0.038971 0.052288
1 0.801838 0.496732 0.038971 0.054902
1 0.643015 0.404575 0.043382 0.043137
1 0.350368 0.246405 0.015441 0.027451
2 0.343015 0.186275 0.015441 0.037908
1 0.335294 0.158170 0.013235 0.023529
1 0.330147 0.135948 0.013235 0.018301
1 0.344485 0.120915 0.022794 0.022222
1 0.329779 0.093464 0.012500 0.019608
1 0.341176 0.109150 0.010294 0.016993
1 0.534926 0.073203 0.018382 0.013072
1 0.539706 0.081046 0.020588 0.015686
1 0.549632 0.091503 0.022794 0.018301
1 0.566544 0.107843 0.019853 0.014379
1 0.576471 0.116993 0.023529 0.016993
1 0.586765 0.126797 0.022059 0.013072
1 0.595221 0.135948 0.016912 0.013072
1 0.604044 0.141830 0.019853 0.014379
1 0.616544 0.152288 0.021324 0.016993
1 0.620221 0.158824 0.022794 0.016993
1 0.627941 0.167320 0.022059 0.018301
1 0.578676 0.071895 0.019118 0.015686
1 0.602574 0.072549 0.018382 0.014379
1 0.605882 0.079085 0.019118 0.014379
1 0.594853 0.086928 0.020588 0.014379
1 0.599632 0.092810 0.021324 0.015686
1 0.608456 0.099346 0.018382 0.015686
1 0.613971 0.104575 0.022059 0.015686
1 0.636029 0.122876 0.022059 0.018301
1 0.640441 0.127451 0.017647 0.016993
1 0.620956 0.090196 0.021324 0.015686
1 0.619485 0.109804 0.021324 0.015686
1 0.581250 0.075817 0.022794 0.015686
1 0.648897 0.132680 0.024265 0.016993
1 0.666176 0.124183 0.022059 0.015686
1 0.656985 0.119608 0.015441 0.014379
1 0.659191 0.143137 0.024265 0.019608
1 0.679779 0.159477 0.024265 0.018301
1 0.686765 0.166013 0.029412 0.020915
1 0.695588 0.172549 0.026471 0.018301
1 0.699632 0.143137 0.024265 0.019608
1 0.754412 0.221569 0.030882 0.022222
1 0.722426 0.167974 0.025735 0.019608
1 0.717647 0.191503 0.029412 0.019608
1 0.677941 0.214379 0.026471 0.018301
1 0.734926 0.181699 0.025735 0.018301
1 0.733456 0.205882 0.030147 0.024837
1 0.754412 0.195425 0.023529 0.019608
1 0.742647 0.214379 0.027941 0.023529
1 0.782353 0.247059 0.029412 0.023529
1 0.772426 0.239869 0.034559 0.024837
1 0.781250 0.217647 0.025735 0.019608
1 0.771324 0.211111 0.029412 0.019608
1 0.849265 0.218301 0.032353 0.023529
1 0.836029 0.210458 0.027941 0.023529
1 0.797059 0.181699 0.026471 0.018301
1 0.821324 0.177778 0.026471 0.018301
1 0.770956 0.160784 0.022794 0.018301
1 0.794853 0.159477 0.023529 0.018301
1 0.816544 0.143137 0.021324 0.022222
1 0.800000 0.131373 0.020588 0.019608
1 0.770588 0.142484 0.025000 0.015686
1 0.761029 0.155556 0.023529 0.018301
1 0.741544 0.139869 0.024265 0.018301
1 0.756250 0.131373 0.024265 0.019608
1 0.720221 0.124837 0.022794 0.016993
1 0.699265 0.110458 0.023529 0.014379
1 0.720588 0.109150 0.019118 0.014379
1 0.708824 0.099346 0.019118 0.013072
1 0.696324 0.092157 0.022059 0.014379
1 0.687500 0.087582 0.014706 0.013072
1 0.679044 0.079739 0.016912 0.013072
1 0.661029 0.081699 0.022059 0.014379
1 0.669118 0.071895 0.019118 0.013072
1 0.650000 0.073203 0.020588 0.015686
1 0.643750 0.069935 0.016912 0.011765
1 0.639338 0.066013 0.015441 0.011765
2 0.691544 0.052288 0.015441 0.015686
1 0.711029 0.053595 0.016176 0.015686
1 0.694118 0.066667 0.016176 0.015686
0 0.729044 0.756209 0.013971 0.035294
7 0.698897 0.983660 0.030147 0.032680
7 0.398162 0.896078 0.013971 0.050980
7 0.426838 0.638562 0.015441 0.032680
7 0.325000 0.656209 0.020588 0.036601
4 0.225000 0.841830 0.019118 0.057516
