0 0.942279 0.039869 0.027206 0.032680
0 0.918750 0.058170 0.025735 0.035294
0 0.968382 0.068627 0.029412 0.035294
0 0.987132 0.101307 0.025735 0.035294
0 0.988603 0.177778 0.022794 0.047059
0 0.692647 0.152941 0.042647 0.028758
0 0.701838 0.168627 0.043382 0.033987
0 0.712500 0.189542 0.045588 0.036601
0 0.726103 0.222876 0.043382 0.032680
0 0.735294 0.249020 0.044118 0.035294
0 0.751471 0.273856 0.054412 0.037908
0 0.763971 0.318301 0.048529 0.040523
0 0.644118 0.415033 0.035294 0.069281
0 0.618382 0.297386 0.027941 0.048366
0 0.606985 0.248366 0.027206 0.047059
0 0.563235 0.055556 0.019118 0.030065
0 0.555882 0.024837 0.016176 0.031373
0 0.532353 0.198693 0.020588 0.041830
0 0.426471 0.028105 0.026471 0.032680
0 0.427574 0.081046 0.018382 0.041830
0 0.448162 0.081046 0.016912 0.039216
0 0.452574 0.132680 0.021324 0.040523
0 0.427941 0.150327 0.019118 0.047059
0 0.429412 0.521569 0.029412 0.083660
0 0.363603 0.669281 0.066912 0.086275
0 0.385294 0.274510 0.050000 0.044444
0 0.034559 0.043137 0.027941 0.036601
0 0.980515 0.872549 0.038971 0.077124
0 0.983088 0.627451 0.033824 0.088889
