0 0.407552 0.822222 0.045312 0.122222
0 0.021094 0.645833 0.042188 0.060185
0 0.028385 0.617130 0.056771 0.050926
0 0.039583 0.593519 0.077083 0.051852
0 0.057292 0.567593 0.071875 0.051852
0 0.078385 0.550926 0.067187 0.046296
0 0.097656 0.533796 0.047396 0.037963
0 0.118229 0.504167 0.067708 0.041667
0 0.128385 0.491667 0.063021 0.040741
0 0.523177 0.535648 0.029687 0.047222
0 0.407552 0.490741 0.023438 0.042593
0 0.359635 0.483333 0.023438 0.040741
0 0.391667 0.439815 0.021875 0.042593
0 0.326562 0.452778 0.022917 0.037037
0 0.378125 0.335185 0.013542 0.022222
0 0.403646 0.336111 0.013542 0.022222
0 0.416667 0.318981 0.012500 0.021296
0 0.498958 0.407870 0.017708 0.028704
0 0.466146 0.387500 0.015625 0.026852
0 0.495312 0.389352 0.017708 0.023148
0 0.491927 0.372222 0.019271 0.024074
0 0.511719 0.367593 0.018229 0.025926
0 0.505469 0.350463 0.016146 0.025000
0 0.485417 0.356019 0.015625 0.023148
0 0.463021 0.362037 0.014583 0.024074
0 0.458594 0.347685 0.014063 0.021296
0 0.501823 0.337963 0.014063 0.020370
0 0.498437 0.318519 0.014583 0.020370
0 0.523438 0.325926 0.015625 0.018519
0 0.459635 0.333333 0.015104 0.020370
0 0.477083 0.316667 0.012500 0.018519
0 0.439062 0.301389 0.016667 0.017593
0 0.473698 0.303704 0.011979 0.018519
0 0.493229 0.299074 0.013542 0.020370
0 0.514844 0.311111 0.014063 0.018519
0 0.529167 0.299537 0.014583 0.017593
0 0.510677 0.297685 0.013021 0.017593
0 0.502604 0.288889 0.011458 0.016667
0 0.515885 0.285648 0.022396 0.017593
0 0.488021 0.287963 0.012500 0.020370
0 0.469792 0.289815 0.011458 0.016667
0 0.553646 0.285185 0.025000 0.016667
0 0.492448 0.263426 0.015104 0.015741
0 0.433854 0.276389 0.010417 0.015741
0 0.383854 0.292593 0.012500 0.020370
0 0.420312 0.272685 0.010417 0.017593
0 0.404167 0.269444 0.009375 0.016667
0 0.424479 0.263889 0.009375 0.014815
0 0.438802 0.263889 0.009896 0.016667
0 0.448958 0.255093 0.009375 0.015741
0 0.419271 0.211574 0.007292 0.012037
0 0.435156 0.226389 0.007812 0.012037
0 0.409375 0.192593 0.006250 0.009259
0 0.424479 0.167130 0.004167 0.008333
0 0.434375 0.177315 0.005208 0.008333
0 0.440885 0.177778 0.004687 0.009259
0 0.459375 0.224537 0.007292 0.012037
0 0.474479 0.219907 0.007292 0.010185
0 0.462240 0.212037 0.005729 0.011111
0 0.464323 0.203241 0.006771 0.010185
0 0.429948 0.164352 0.004687 0.008333
0 0.890625 0.335185 0.033333 0.022222
0 0.819531 0.295833 0.025521 0.017593
0 0.859375 0.290741 0.023958 0.018519
1 0.939323 0.291667 0.060937 0.044444
