4 0.473958 0.641667 0.022917 0.064815
1 0.609375 0.658333 0.068750 0.057407
1 0.589583 0.789815 0.081250 0.072222
1 0.614062 0.943519 0.098958 0.087037
1 0.949479 0.603704 0.061458 0.044444
1 0.979167 0.663889 0.041667 0.068519
2 0.510417 0.145370 0.018750 0.061111
5 0.516667 0.535185 0.020833 0.055556
5 0.577083 0.355556 0.029167 0.037037
1 0.526563 0.250926 0.009375 0.020370
1 0.523438 0.215741 0.009375 0.024074
6 0.533333 0.107407 0.012500 0.040741
1 0.579167 0.070370 0.016667 0.011111
7 0.508333 0.247222 0.008333 0.016667
