0 0.720833 0.851852 0.058333 0.103704
0 0.685417 0.735185 0.047917 0.081481
0 0.658333 0.656481 0.039583 0.064815
0 0.636458 0.601852 0.039583 0.051852
0 0.605729 0.513889 0.028125 0.050000
0 0.587500 0.458333 0.025000 0.035185
0 0.512500 0.425926 0.022917 0.040741
0 0.573958 0.425000 0.025000 0.038889
0 0.411979 0.312963 0.015625 0.025926
0 0.559375 0.391667 0.020833 0.035185
0 0.313542 0.374074 0.035417 0.033333
2 0.480208 0.346296 0.035417 0.100000
0 0.541667 0.365741 0.020833 0.027778
0 0.542708 0.342593 0.016667 0.025926
0 0.528646 0.318519 0.017708 0.025926
0 0.523438 0.298148 0.015625 0.025926
0 0.517708 0.283333 0.014583 0.022222
0 0.511458 0.265741 0.014583 0.027778
0 0.502604 0.251852 0.013542 0.018519
0 0.498958 0.240741 0.012500 0.018519
0 0.490104 0.229630 0.013542 0.018519
0 0.497917 0.205556 0.022917 0.018519
0 0.484375 0.215741 0.012500 0.016667
0 0.477604 0.205556 0.011458 0.014815
0 0.475521 0.197222 0.011458 0.016667
0 0.467708 0.188889 0.012500 0.014815
0 0.464583 0.182407 0.012500 0.012963
1 0.452083 0.244444 0.020833 0.044444
2 0.461979 0.215741 0.026042 0.053704
0 0.347396 0.215741 0.009375 0.016667
0 0.346354 0.212037 0.007292 0.027778
0 0.342187 0.168519 0.009375 0.011111
0 0.368229 0.196296 0.011458 0.018519
0 0.367188 0.183333 0.009375 0.014815
2 0.382292 0.108333 0.008333 0.016667
1 0.395833 0.128704 0.012500 0.024074
0 0.405729 0.125000 0.007292 0.009259
0 0.408333 0.149074 0.010417 0.012963
0 0.411979 0.116667 0.007292 0.011111
0 0.418229 0.121296 0.007292 0.009259
0 0.432292 0.139815 0.008333 0.012963
0 0.436458 0.146296 0.008333 0.011111
0 0.443229 0.154630 0.009375 0.012963
0 0.448437 0.160185 0.009375 0.012963
0 0.452604 0.165741 0.009375 0.012963
0 0.457292 0.170370 0.010417 0.014815
