1 0.479044 0.956863 0.046324 0.086275
0 0.586029 0.845098 0.011765 0.053595
1 0.705882 0.867320 0.045588 0.105882
1 0.735662 0.779739 0.062500 0.100654
1 0.784926 0.767974 0.058088 0.082353
7 0.850000 0.741176 0.027941 0.033987
1 0.929044 0.777124 0.065441 0.090196
7 0.964338 0.694118 0.024265 0.031373
0 0.882721 0.566013 0.016912 0.023529
0 0.847426 0.509150 0.006618 0.030065
1 0.829779 0.561438 0.043382 0.061438
1 0.802574 0.571895 0.049265 0.056209
1 0.770588 0.572549 0.052941 0.060131
1 0.708824 0.536601 0.035294 0.061438
5 0.610662 0.825490 0.044853 0.079739
1 0.392647 0.783007 0.041176 0.109804
7 0.442279 0.653595 0.011029 0.041830
0 0.127941 0.930065 0.026471 0.035294
7 0.139338 0.867974 0.028676 0.041830
1 0.223897 0.830065 0.090441 0.073203
1 0.376838 0.663399 0.034559 0.082353
1 0.405147 0.599346 0.030882 0.071895
1 0.352206 0.584967 0.052941 0.048366
7 0.281250 0.433333 0.022794 0.024837
1 0.331250 0.337908 0.041912 0.032680
4 0.554779 0.522222 0.019853 0.032680
0 0.500000 0.439869 0.008824 0.027451
0 0.538235 0.439869 0.008824 0.024837
1 0.450368 0.407190 0.021324 0.040523
1 0.418750 0.369935 0.019853 0.044444
2 0.465441 0.348366 0.019118 0.045752
1 0.763971 0.285621 0.030882 0.027451
1 0.742647 0.203922 0.027941 0.020915
1 0.706985 0.186275 0.019853 0.016993
3 0.590809 0.374510 0.034559 0.084967
0 0.437132 0.315033 0.005147 0.018301
1 0.419485 0.285621 0.015441 0.030065
1 0.451103 0.287582 0.016912 0.033987
2 0.438603 0.229412 0.013971 0.032680
4 0.476103 0.260131 0.011029 0.023529
2 0.498529 0.235948 0.014706 0.027451
1 0.493750 0.220261 0.015441 0.022222
1 0.466176 0.237255 0.014706 0.022222
1 0.461029 0.218954 0.014706 0.022222
2 0.454779 0.198039 0.013971 0.024837
1 0.479044 0.198039 0.015441 0.019608
1 0.469485 0.176471 0.012500 0.020915
1 0.444118 0.184967 0.011765 0.019608
1 0.421691 0.173856 0.012500 0.020915
1 0.406250 0.181699 0.015441 0.023529
1 0.406618 0.198039 0.014706 0.024837
7 0.318750 0.315033 0.015441 0.020915
1 0.386397 0.204575 0.034559 0.019608
0 0.454779 0.165359 0.006618 0.011765
1 0.473529 0.158170 0.013235 0.018301
1 0.465441 0.145098 0.016176 0.018301
2 0.377206 0.178431 0.016176 0.027451
1 0.383088 0.133987 0.011765 0.016993
2 0.366176 0.097386 0.008824 0.016993
