0 0.157292 0.971759 0.128125 0.056481
0 0.429167 0.812037 0.092708 0.135185
0 0.764844 0.636574 0.059896 0.091667
0 0.943490 0.592593 0.046354 0.062963
0 0.565885 0.928704 0.072396 0.142593
0 0.574219 0.730093 0.098437 0.097222
0 0.621094 0.455556 0.070312 0.051852
0 0.869792 0.453241 0.040625 0.056481
1 0.859635 0.234722 0.057812 0.078704
0 0.915104 0.258796 0.026042 0.034259
0 0.895312 0.187963 0.022917 0.027778
0 0.907031 0.176389 0.021354 0.025000
0 0.925521 0.164815 0.020833 0.024074
0 0.935156 0.151389 0.018229 0.023148
0 0.953385 0.135185 0.017188 0.022222
0 0.981250 0.136574 0.019792 0.021296
0 0.993750 0.160648 0.012500 0.023148
0 0.970313 0.118519 0.019792 0.020370
0 0.995573 0.106019 0.008854 0.015741
0 0.033594 0.390278 0.067187 0.056481
0 0.017969 0.351852 0.035937 0.042593
0 0.073958 0.312500 0.066667 0.043519
0 0.098177 0.347222 0.063021 0.048148
0 0.254167 0.209722 0.035417 0.032407
0 0.206510 0.266204 0.054688 0.039815
0 0.293750 0.178241 0.038542 0.030556
0 0.338542 0.203704 0.039583 0.033333
0 0.352083 0.209259 0.040625 0.031481
0 0.365625 0.216667 0.038542 0.035185
0 0.353906 0.173148 0.032813 0.025926
0 0.380469 0.184722 0.035937 0.034259
0 0.396354 0.195833 0.035417 0.026852
0 0.408073 0.140741 0.032813 0.024074
0 0.436979 0.155093 0.038542 0.026852
0 0.489844 0.156019 0.035937 0.028704
0 0.509896 0.165741 0.035417 0.025926
0 0.494792 0.187500 0.031250 0.034259
0 0.442708 0.131944 0.035417 0.025000
0 0.452083 0.138426 0.031250 0.025000
0 0.497917 0.115278 0.021875 0.021296
0 0.525781 0.128241 0.030729 0.026852
0 0.542188 0.134259 0.027083 0.024074
0 0.529427 0.110648 0.026562 0.021296
0 0.538542 0.116667 0.026042 0.024074
0 0.552865 0.121759 0.028646 0.021296
0 0.564844 0.129630 0.027604 0.020370
0 0.586458 0.102315 0.021875 0.021296
0 0.601042 0.107870 0.025000 0.021296
0 0.600000 0.091667 0.019792 0.018519
0 0.623698 0.102315 0.027604 0.021296
0 0.666146 0.088889 0.023958 0.018519
