0 0.495833 0.775000 0.033333 0.079630
0 0.516146 0.638889 0.026042 0.051852
0 0.570833 0.637037 0.025000 0.048148
0 0.657813 0.780556 0.038542 0.083333
0 0.575521 0.587963 0.053125 0.042593
0 0.554167 0.540741 0.045833 0.037037
0 0.515104 0.472222 0.019792 0.029630
0 0.904167 0.725926 0.060417 0.081481
0 0.961458 0.737037 0.064583 0.088889
0 0.832812 0.499074 0.048958 0.035185
0 0.700521 0.604630 0.053125 0.038889
0 0.720313 0.592593 0.044792 0.040741
0 0.637500 0.621296 0.045833 0.053704
0 0.600521 0.546296 0.017708 0.040741
0 0.235417 0.887037 0.062500 0.118519
0 0.100000 0.943519 0.097917 0.079630
0 0.120833 0.830556 0.087500 0.068519
0 0.192188 0.762963 0.073958 0.062963
0 0.222396 0.700926 0.067708 0.061111
0 0.271354 0.662037 0.059375 0.046296
0 0.335938 0.642593 0.034375 0.070370
0 0.360417 0.591667 0.029167 0.057407
0 0.378646 0.535185 0.026042 0.048148
0 0.402083 0.435185 0.027083 0.040741
0 0.454687 0.370370 0.011458 0.022222
0 0.465625 0.342593 0.010417 0.018519
0 0.421354 0.386111 0.011458 0.020370
0 0.402083 0.373148 0.016667 0.020370
0 0.446354 0.330556 0.023958 0.016667
0 0.523958 0.238889 0.006250 0.007407
0 0.616667 0.319444 0.020833 0.012963
0 0.639062 0.328704 0.015625 0.016667
0 0.614062 0.305556 0.021875 0.014815
0 0.581771 0.309259 0.007292 0.014815
0 0.579167 0.299074 0.008333 0.012963
0 0.577604 0.287963 0.007292 0.012963
0 0.574479 0.280556 0.007292 0.012963
0 0.567708 0.267593 0.004167 0.009259
0 0.572396 0.261111 0.005208 0.011111
0 0.571875 0.254630 0.006250 0.009259
0 0.570312 0.246296 0.005208 0.011111
0 0.570312 0.237963 0.005208 0.009259
0 0.555208 0.237963 0.004167 0.009259
0 0.543750 0.220370 0.004167 0.007407
0 0.531250 0.230556 0.004167 0.009259
0 0.490625 0.282407 0.006250 0.012963
0 0.456771 0.312963 0.011458 0.014815
0 0.460938 0.306481 0.015625 0.009259
0 0.460417 0.300000 0.016667 0.011111
0 0.492188 0.271296 0.007292 0.012963
0 0.498437 0.255556 0.007292 0.007407
0 0.503125 0.246296 0.006250 0.007407
0 0.507292 0.236111 0.006250 0.009259
0 0.511458 0.227778 0.004167 0.007407
0 0.353125 0.501852 0.041667 0.029630
0 0.990104 0.587037 0.019792 0.040741
0 0.968229 0.518519 0.036458 0.037037
0 0.936979 0.501852 0.046875 0.029630
0 0.917187 0.485185 0.030208 0.025926
0 0.910937 0.475926 0.038542 0.022222
0 0.901042 0.457407 0.041667 0.025926
0 0.882812 0.445370 0.038542 0.024074
0 0.859375 0.425000 0.037500 0.020370
0 0.847917 0.411111 0.035417 0.022222
0 0.836458 0.400000 0.033333 0.018519
0 0.819271 0.384259 0.032292 0.016667
0 0.853646 0.375926 0.032292 0.018519
0 0.773438 0.367593 0.015625 0.020370
0 0.790104 0.365741 0.015625 0.016667
0 0.811979 0.362963 0.017708 0.018519
0 0.828125 0.362963 0.012500 0.014815
0 0.746354 0.384259 0.032292 0.020370
0 0.753646 0.395370 0.034375 0.016667
0 0.760417 0.402778 0.035417 0.016667
0 0.767188 0.412963 0.032292 0.018519
0 0.773438 0.422222 0.034375 0.014815
0 0.779167 0.432407 0.037500 0.020370
0 0.786458 0.443519 0.039583 0.020370
0 0.800000 0.463889 0.047917 0.020370
0 0.719271 0.391667 0.013542 0.024074
0 0.709896 0.454630 0.040625 0.024074
0 0.696354 0.441667 0.034375 0.024074
0 0.690625 0.430556 0.033333 0.020370
0 0.688542 0.417593 0.031250 0.016667
0 0.688021 0.411111 0.036458 0.014815
0 0.690625 0.400926 0.031250 0.016667
