2 0.522794 0.619608 0.027941 0.057516
0 0.529412 0.555556 0.025000 0.033987
0 0.454412 0.502614 0.019118 0.030065
0 0.472059 0.431373 0.027941 0.026144
1 0.476103 0.406536 0.016912 0.036601
0 0.501471 0.383660 0.027941 0.022222
0 0.423897 0.392157 0.018382 0.020915
0 0.397059 0.390196 0.019118 0.019608
0 0.370588 0.381699 0.023529 0.018301
0 0.439338 0.350980 0.013971 0.014379
0 0.458088 0.358170 0.011765 0.015686
2 0.472059 0.364052 0.014706 0.024837
2 0.473162 0.341176 0.013971 0.039216
0 0.537868 0.350980 0.013971 0.014379
1 0.305515 0.477124 0.078676 0.054902
1 0.268382 0.457516 0.080882 0.052288
0 0.406618 0.447059 0.022059 0.026144
1 0.019485 0.654248 0.037500 0.181699
2 0.023529 0.509804 0.045588 0.120261
1 0.080147 0.478431 0.035294 0.073203
0 0.097059 0.418954 0.026471 0.027451
0 0.348162 0.372549 0.025735 0.018301
0 0.322794 0.377778 0.026471 0.020915
0 0.280515 0.378431 0.027206 0.016993
0 0.039706 0.463399 0.020588 0.030065
0 0.045221 0.440523 0.019853 0.023529
0 0.013235 0.450980 0.026471 0.028758
0 0.046324 0.411111 0.017647 0.027451
0 0.079779 0.398039 0.033088 0.024837
0 0.034559 0.402614 0.016176 0.023529
0 0.048162 0.381046 0.015441 0.019608
0 0.047794 0.358824 0.016176 0.019608
0 0.061397 0.341830 0.013971 0.014379
0 0.072794 0.318301 0.011765 0.014379
0 0.110294 0.311111 0.010294 0.010458
0 0.078676 0.297386 0.007353 0.011765
0 0.083824 0.291503 0.014706 0.010458
0 0.083088 0.277124 0.007353 0.010458
2 0.061765 0.290850 0.013235 0.032680
2 0.067279 0.269281 0.013971 0.026144
0 0.116176 0.279739 0.007353 0.010458
0 0.084926 0.252288 0.006618 0.007843
0 0.092647 0.250327 0.005882 0.006536
