1 0.245312 0.831481 0.085417 0.129630
7 0.287760 0.753704 0.022396 0.068519
7 0.277083 0.742593 0.020833 0.051852
1 0.651302 0.927315 0.103646 0.145370
0 0.548958 0.941204 0.030208 0.117593
1 0.352344 0.764352 0.073438 0.093519
1 0.445833 0.761111 0.062500 0.090741
1 0.403125 0.689352 0.043750 0.067593
1 0.384635 0.635648 0.066146 0.045370
1 0.611979 0.820833 0.071875 0.113889
1 0.592708 0.749537 0.065625 0.097222
1 0.579167 0.703241 0.047917 0.056481
1 0.570052 0.677315 0.042188 0.058333
1 0.564063 0.653704 0.036458 0.046296
1 0.562240 0.630556 0.029687 0.037037
1 0.550000 0.600000 0.022917 0.035185
1 0.472135 0.659722 0.038021 0.050926
1 0.451823 0.599537 0.023438 0.034259
1 0.482031 0.620370 0.028646 0.042593
1 0.500260 0.578241 0.018229 0.026852
1 0.514844 0.588889 0.022396 0.035185
0 0.469792 0.600926 0.007292 0.024074
1 0.463281 0.584259 0.022396 0.029630
1 0.466667 0.575463 0.018750 0.023148
0 0.522135 0.631019 0.009896 0.032407
7 0.532813 0.582407 0.008333 0.020370
0 0.534375 0.626852 0.008333 0.033333
0 0.532292 0.607407 0.008333 0.024074
1 0.378125 0.963889 0.119792 0.072222
