0 0.369853 0.186928 0.008824 0.007843
0 0.361765 0.187582 0.008824 0.009150
0 0.347059 0.194771 0.005882 0.007843
0 0.288235 0.196732 0.004412 0.006536
0 0.341544 0.249020 0.008088 0.011765
0 0.358456 0.247059 0.006618 0.010458
2 0.365074 0.224837 0.011029 0.028758
0 0.407353 0.267974 0.007353 0.010458
0 0.377941 0.228105 0.005882 0.009150
0 0.380147 0.234641 0.005882 0.009150
0 0.386765 0.240523 0.007353 0.010458
0 0.389338 0.249673 0.006618 0.010458
2 0.390441 0.220915 0.011765 0.023529
2 0.404044 0.238562 0.015441 0.032680
0 0.402574 0.215033 0.005147 0.006536
0 0.404044 0.219608 0.003676 0.007843
0 0.424265 0.246405 0.007353 0.009150
2 0.442647 0.214379 0.017647 0.028758
0 0.435662 0.252288 0.008088 0.010458
0 0.433456 0.247712 0.008088 0.011765
0 0.438603 0.265359 0.008088 0.013072
0 0.445588 0.270588 0.008824 0.010458
0 0.456985 0.269281 0.006618 0.010458
0 0.485662 0.271242 0.015441 0.009150
0 0.476471 0.260131 0.007353 0.010458
0 0.039338 0.362092 0.021324 0.018301
2 0.094853 0.398039 0.054412 0.037908
2 0.088603 0.408497 0.056618 0.043137
2 0.068750 0.442484 0.040441 0.030065
0 0.041176 0.507843 0.042647 0.027451
0 0.029412 0.535948 0.039706 0.026144
0 0.031250 0.521569 0.047794 0.023529
0 0.004412 0.399346 0.008824 0.024837
0 0.020221 0.550327 0.040441 0.028758
0 0.176103 0.725490 0.030147 0.057516
0 0.250735 0.318301 0.010294 0.014379
0 0.227574 0.397386 0.015441 0.023529
0 0.216544 0.428758 0.016912 0.026144
0 0.234926 0.436601 0.016912 0.026144
2 0.362868 0.401307 0.021324 0.060131
1 0.430882 0.522222 0.035294 0.087582
2 0.410662 0.659477 0.047794 0.179085
0 0.489706 0.571242 0.022059 0.031373
0 0.474632 0.426144 0.016912 0.020915
0 0.485294 0.442484 0.016176 0.022222
0 0.501103 0.479085 0.018382 0.024837
0 0.513603 0.509804 0.019853 0.026144
0 0.520588 0.532026 0.017647 0.028758
0 0.512868 0.422876 0.016912 0.022222
0 0.525368 0.443791 0.019853 0.024837
0 0.534926 0.467320 0.021324 0.024837
0 0.544853 0.554902 0.025000 0.030065
0 0.556985 0.580392 0.031618 0.031373
0 0.555515 0.501307 0.019853 0.027451
0 0.568015 0.523529 0.027206 0.035294
0 0.582721 0.558824 0.025735 0.032680
0 0.575000 0.615686 0.036765 0.039216
0 0.579412 0.650327 0.027941 0.043137
0 0.548529 0.423529 0.017647 0.020915
0 0.604779 0.593464 0.027206 0.033987
0 0.623897 0.633333 0.031618 0.037908
0 0.611029 0.668627 0.035294 0.040523
0 0.611765 0.754248 0.035294 0.057516
0 0.660662 0.698693 0.036029 0.043137
0 0.694118 0.762745 0.042647 0.056209
0 0.699632 0.851634 0.047794 0.069281
0 0.677574 0.907190 0.049265 0.078431
0 0.754044 0.868627 0.052206 0.074510
0 0.743382 0.933333 0.057353 0.083660
0 0.700735 0.976471 0.051471 0.047059
0 0.808456 0.963399 0.062500 0.073203
0 0.843382 0.892810 0.060294 0.081046
0 0.786397 0.807190 0.050735 0.069281
0 0.741912 0.733333 0.042647 0.052288
0 0.745956 0.654902 0.034559 0.041830
2 0.916544 0.962745 0.096324 0.074510
2 0.718750 0.598039 0.038971 0.048366
2 0.837132 0.750327 0.138971 0.211765
2 0.873162 0.718954 0.086029 0.130719
2 0.791544 0.601961 0.105147 0.142484
2 0.724265 0.512418 0.066176 0.094118
2 0.690074 0.545752 0.052206 0.082353
0 0.653309 0.515033 0.024265 0.031373
2 0.712868 0.666013 0.041912 0.056209
2 0.658824 0.571895 0.083824 0.129412
0 0.609191 0.458170 0.022794 0.024837
2 0.594118 0.422876 0.035294 0.058824
2 0.634559 0.423529 0.058824 0.078431
