0 0.358854 0.799074 0.036458 0.127778
0 0.382292 0.579630 0.031250 0.085185
0 0.351042 0.507407 0.031250 0.085185
0 0.399479 0.368519 0.021875 0.048148
0 0.472396 0.343519 0.021875 0.038889
0 0.467187 0.258333 0.015625 0.031481
0 0.435417 0.186111 0.014583 0.027778
0 0.439062 0.130556 0.011458 0.020370
0 0.389062 0.112037 0.011458 0.020370
0 0.529167 0.127778 0.025000 0.018519
0 0.529167 0.106481 0.010417 0.020370
0 0.511458 0.490741 0.027083 0.059259
0 0.630208 0.871296 0.052083 0.131481
0 0.589583 0.669444 0.041667 0.094444
0 0.061979 0.600000 0.067708 0.062963
2 0.130729 0.611111 0.096875 0.100000
0 0.834896 0.361111 0.048958 0.033333
0 0.891667 0.318519 0.041667 0.033333
0 0.980208 0.287963 0.039583 0.035185
