0 0.393750 0.733333 0.045833 0.096296
0 0.466406 0.818056 0.049479 0.110185
0 0.548177 0.836111 0.059896 0.127778
0 0.477604 0.962037 0.055208 0.075926
0 0.632552 0.948611 0.063021 0.102778
0 0.798177 0.903241 0.130729 0.097222
0 0.779427 0.831019 0.116146 0.091667
0 0.866146 0.968981 0.197917 0.062037
0 0.591667 0.703241 0.052083 0.075000
0 0.516667 0.718056 0.043750 0.084259
0 0.458854 0.714815 0.043750 0.083333
0 0.459375 0.632870 0.035417 0.063889
1 0.513542 0.574537 0.066667 0.178704
0 0.457031 0.569907 0.030729 0.054630
0 0.561979 0.514815 0.030208 0.044444
0 0.533333 0.518981 0.027083 0.045370
0 0.454427 0.524074 0.028646 0.042593
0 0.418750 0.440278 0.022917 0.045370
0 0.418229 0.390741 0.020833 0.037037
0 0.450000 0.449074 0.021875 0.035185
0 0.452604 0.423611 0.020833 0.032407
0 0.449219 0.401389 0.020313 0.028704
0 0.515625 0.441204 0.020833 0.036111
0 0.511979 0.414815 0.023958 0.027778
0 0.550781 0.471296 0.026562 0.037037
0 0.543750 0.436574 0.027083 0.037963
0 0.531510 0.379630 0.021354 0.031481
1 0.489583 0.442130 0.042708 0.099074
0 0.501042 0.386111 0.019792 0.029630
0 0.521094 0.357407 0.017188 0.022222
0 0.515625 0.338426 0.017708 0.021296
0 0.478125 0.396759 0.016667 0.025000
0 0.472917 0.360648 0.017708 0.023148
0 0.471875 0.342130 0.014583 0.017593
0 0.447917 0.340278 0.014583 0.017593
0 0.428385 0.326389 0.016146 0.026852
0 0.449740 0.359722 0.018229 0.026852
0 0.417708 0.304630 0.019792 0.020370
0 0.372135 0.312037 0.032813 0.022222
0 0.728906 0.428704 0.028646 0.035185
0 0.681771 0.524537 0.035417 0.047222
1 0.508854 0.304167 0.022917 0.054630
0 0.016667 0.539815 0.033333 0.050000
0 0.029427 0.518056 0.058854 0.045370
0 0.034635 0.496296 0.067187 0.037037
0 0.044010 0.481481 0.068229 0.035185
0 0.083854 0.457870 0.063542 0.037963
0 0.096354 0.439815 0.060417 0.031481
0 0.096094 0.428241 0.057812 0.030556
0 0.105990 0.418981 0.059896 0.030556
0 0.117969 0.408333 0.056771 0.029630
0 0.128385 0.391204 0.052604 0.030556
0 0.497135 0.287037 0.024479 0.018519
0 0.438281 0.274537 0.022396 0.021296
0 0.407812 0.268056 0.018750 0.019444
0 0.308854 0.266204 0.020833 0.015741
0 0.159896 0.366667 0.048958 0.029630
0 0.166146 0.358796 0.043750 0.025000
0 0.178906 0.353241 0.042188 0.025000
0 0.188021 0.339815 0.042708 0.018519
0 0.197917 0.330556 0.035417 0.020370
0 0.393490 0.261574 0.013021 0.017593
0 0.441927 0.247685 0.010937 0.013889
0 0.465365 0.245833 0.010937 0.013889
0 0.447135 0.237037 0.009896 0.014815
0 0.434896 0.226852 0.008333 0.011111
0 0.445312 0.223148 0.008333 0.011111
0 0.430990 0.219907 0.007812 0.012037
0 0.459635 0.241667 0.010937 0.012963
0 0.464583 0.236574 0.007292 0.012037
0 0.458333 0.231019 0.015625 0.010185
0 0.478385 0.255556 0.008854 0.012963
0 0.478385 0.247685 0.008854 0.012037
0 0.442188 0.210185 0.008333 0.011111
0 0.439323 0.206481 0.007812 0.009259
0 0.433073 0.203704 0.006771 0.009259
