0 0.022917 0.875000 0.045833 0.164815
0 0.535937 0.916204 0.087500 0.160185
0 0.555729 0.715741 0.065625 0.100000
0 0.920573 0.683796 0.105729 0.071296
0 0.674219 0.606481 0.063021 0.050000
0 0.571094 0.566204 0.041146 0.056481
0 0.566146 0.528704 0.034375 0.046296
0 0.536198 0.487037 0.027604 0.033333
0 0.401562 0.586574 0.042708 0.069444
0 0.459896 0.588889 0.036458 0.059259
0 0.508333 0.573148 0.042708 0.062963
0 0.509635 0.531019 0.061979 0.041667
0 0.444531 0.544907 0.035937 0.050926
0 0.424740 0.508796 0.066146 0.041667
0 0.390625 0.487500 0.026042 0.041667
0 0.396354 0.469907 0.023958 0.036111
0 0.396354 0.450000 0.019792 0.024074
0 0.399219 0.437500 0.020313 0.023148
0 0.401562 0.429630 0.020833 0.014815
0 0.369531 0.443056 0.020313 0.034259
0 0.332031 0.462037 0.023438 0.035185
0 0.282813 0.443519 0.021875 0.033333
