1 0.729779 0.875817 0.108088 0.240523
3 0.605882 0.774510 0.083824 0.226144
1 0.467279 0.796732 0.061029 0.249673
2 0.648162 0.416340 0.050735 0.121569
1 0.474265 0.426797 0.048529 0.137255
1 0.394853 0.408497 0.044118 0.139869
1 0.539338 0.273203 0.046324 0.086275
1 0.459926 0.246405 0.041912 0.113725
1 0.461397 0.139869 0.034559 0.081046
1 0.398529 0.125490 0.032353 0.099346
1 0.343015 0.192157 0.037500 0.086275
1 0.356250 0.061438 0.033088 0.067974
1 0.447059 0.043137 0.033824 0.062745
1 0.706985 0.022222 0.034559 0.044444
1 0.223897 0.379739 0.049265 0.145098
2 0.159926 0.281699 0.047794 0.126797
1 0.198162 0.183007 0.046324 0.099346
1 0.214706 0.124183 0.038235 0.086275
2 0.183824 0.056209 0.072059 0.065359
1 0.045956 0.140523 0.087500 0.058824
1 0.049632 0.543791 0.099265 0.101961
4 0.112868 0.026144 0.044853 0.036601
1 0.175735 0.037255 0.076471 0.053595
1 0.037868 0.749673 0.075735 0.223529
7 0.262500 0.049020 0.017647 0.043137
1 0.187500 0.016993 0.058824 0.033987
7 0.027941 0.271242 0.045588 0.043137
