0 0.065074 0.073856 0.030147 0.030065
1 0.146324 0.390196 0.082353 0.113725
7 0.227574 0.027451 0.019853 0.028758
0 0.241912 0.020261 0.014706 0.019608
1 0.155147 0.102614 0.070588 0.050980
2 0.208824 0.062745 0.058824 0.060131
0 0.229044 0.333333 0.018382 0.047059
7 0.254412 0.267320 0.026471 0.037908
0 0.219853 0.353595 0.016176 0.056209
0 0.208824 0.409804 0.023529 0.058824
4 0.215441 0.477124 0.061765 0.109804
7 0.301471 0.681046 0.060294 0.065359
0 0.407353 0.849020 0.044118 0.071895
4 0.575735 0.316340 0.050000 0.073203
0 0.666544 0.427451 0.013971 0.044444
2 0.534191 0.128758 0.058088 0.064052
1 0.595221 0.097386 0.059559 0.048366
1 0.651471 0.082353 0.041176 0.049673
1 0.688603 0.067974 0.036029 0.044444
1 0.719485 0.052288 0.046324 0.044444
1 0.773529 0.033987 0.042647 0.039216
1 0.341544 0.020915 0.056618 0.039216
