6 0.591544 0.832026 0.053676 0.137255
1 0.276103 0.783660 0.046324 0.087582
2 0.298162 0.669281 0.034559 0.067974
2 0.188971 0.563399 0.033824 0.052288
1 0.160662 0.554248 0.030147 0.044444
1 0.120221 0.564052 0.037500 0.037908
1 0.164338 0.535948 0.041912 0.033987
1 0.575000 0.416993 0.011765 0.018301
2 0.566544 0.397386 0.009559 0.015686
1 0.573529 0.383007 0.008824 0.013072
4 0.591176 0.390850 0.005882 0.018301
1 0.589338 0.373856 0.009559 0.015686
3 0.576103 0.339869 0.044853 0.028758
3 0.535662 0.349020 0.027206 0.020915
1 0.493382 0.350327 0.022059 0.013072
1 0.440441 0.339869 0.011765 0.015686
6 0.395588 0.335294 0.033824 0.024837
1 0.426471 0.328758 0.011765 0.011765
2 0.423897 0.322222 0.012500 0.011765
1 0.413971 0.306536 0.007353 0.009150
3 0.398529 0.312418 0.008824 0.026144
1 0.387500 0.307843 0.005882 0.009150
1 0.394485 0.293464 0.005147 0.009150
1 0.461765 0.320261 0.013235 0.010458
1 0.453676 0.324837 0.014706 0.011765
6 0.568750 0.322876 0.028676 0.018301
2 0.200000 0.452941 0.017647 0.032680
2 0.234191 0.404575 0.016912 0.030065
2 0.264706 0.376471 0.022059 0.018301
3 0.281985 0.475163 0.056618 0.035294
1 0.277206 0.456209 0.042647 0.020915
4 0.283824 0.445752 0.033824 0.020915
2 0.295588 0.435294 0.032353 0.026144
3 0.300368 0.426797 0.033088 0.027451
3 0.309191 0.402614 0.037500 0.031373
3 0.316912 0.364052 0.013235 0.030065
7 0.164706 0.495425 0.013235 0.018301
0 0.091544 0.578431 0.019853 0.022222
4 0.013235 0.593464 0.026471 0.023529
3 0.341176 0.347712 0.057353 0.026144
6 0.323529 0.329412 0.039706 0.028758
1 0.409926 0.274510 0.003676 0.007843
1 0.342279 0.294118 0.005147 0.007843
1 0.344118 0.288235 0.007353 0.006536
7 0.063971 0.677124 0.016176 0.028758
