1 0.078646 0.605556 0.069792 0.048148
6 0.218229 0.630556 0.134375 0.224074
7 0.292708 0.662963 0.020833 0.055556
7 0.304167 0.555556 0.010417 0.029630
1 0.360417 0.634259 0.043750 0.101852
1 0.434375 0.669444 0.043750 0.087037
7 0.231250 0.476852 0.008333 0.024074
0 0.328125 0.397222 0.006250 0.020370
7 0.369271 0.392593 0.005208 0.018519
7 0.347396 0.375000 0.007292 0.020370
5 0.364063 0.335185 0.013542 0.037037
1 0.373437 0.241667 0.021875 0.016667
7 0.376563 0.331481 0.007292 0.022222
7 0.377083 0.307407 0.008333 0.018519
7 0.391667 0.274074 0.004167 0.018519
1 0.434896 0.248148 0.021875 0.018519
1 0.451042 0.437963 0.025000 0.042593
1 0.522396 0.457407 0.028125 0.044444
1 0.502083 0.377778 0.022917 0.037037
2 0.503125 0.312037 0.016667 0.027778
7 0.464062 0.244444 0.007292 0.011111
3 0.478125 0.255556 0.014583 0.025926
7 0.502083 0.272222 0.004167 0.011111
7 0.470312 0.283333 0.005208 0.011111
5 0.453125 0.257407 0.008333 0.018519
7 0.453646 0.269444 0.005208 0.016667
7 0.548438 0.720370 0.013542 0.055556
7 0.590104 0.711111 0.015625 0.055556
1 0.606771 0.238889 0.009375 0.014815
2 0.615625 0.238889 0.014583 0.018519
1 0.622917 0.238889 0.016667 0.018519
1 0.635417 0.237963 0.014583 0.016667
1 0.632812 0.259259 0.015625 0.018519
1 0.617188 0.226852 0.017708 0.012963
7 0.717187 0.909259 0.051042 0.077778
7 0.692187 0.815741 0.040625 0.050000
7 0.674479 0.750926 0.042708 0.050000
7 0.668229 0.733333 0.046875 0.048148
7 0.686979 0.687037 0.015625 0.040741
7 0.808854 0.691667 0.023958 0.061111
7 0.874479 0.849074 0.042708 0.042593
