0 0.072426 0.088235 0.022794 0.035294
1 0.122059 0.110458 0.063235 0.082353
1 0.200735 0.081046 0.063235 0.086275
1 0.237868 0.128105 0.037500 0.099346
7 0.115809 0.197386 0.024265 0.036601
1 0.027574 0.295425 0.055147 0.094118
1 0.067279 0.471895 0.088971 0.115033
1 0.157721 0.415033 0.087500 0.111111
1 0.026838 0.675817 0.053676 0.130719
1 0.296691 0.182353 0.061029 0.111111
1 0.431985 0.276471 0.066912 0.082353
1 0.496324 0.588889 0.091176 0.113725
2 0.352941 0.610458 0.094118 0.135948
7 0.324265 0.709804 0.027941 0.041830
1 0.543750 0.832026 0.111029 0.160784
7 0.642279 0.191503 0.018382 0.035294
7 0.596691 0.299346 0.013971 0.033987
7 0.598529 0.373856 0.019118 0.041830
7 0.610662 0.392157 0.021324 0.044444
7 0.620221 0.441176 0.018382 0.043137
1 0.650000 0.244444 0.060294 0.112418
1 0.706985 0.128758 0.053676 0.095425
2 0.709191 0.243137 0.052206 0.112418
1 0.751838 0.169935 0.050735 0.096732
1 0.798529 0.048366 0.048529 0.096732
1 0.848162 0.164052 0.047794 0.095425
0 0.905515 0.208497 0.015441 0.037908
