4 0.476471 0.877124 0.061765 0.078431
1 0.338603 0.826797 0.094853 0.079739
1 0.776103 0.950327 0.071324 0.099346
1 0.864338 0.944444 0.071324 0.111111
7 0.972794 0.956209 0.025000 0.050980
1 0.079044 0.871895 0.106618 0.083660
7 0.247059 0.766667 0.023529 0.043137
7 0.015074 0.600654 0.030147 0.037908
2 0.069118 0.521569 0.075000 0.065359
4 0.017279 0.500000 0.034559 0.032680
4 0.102941 0.490850 0.042647 0.035294
4 0.158824 0.440523 0.020588 0.054902
4 0.167279 0.396078 0.024265 0.041830
1 0.290441 0.346405 0.025000 0.054902
4 0.251103 0.343791 0.013971 0.041830
2 0.225368 0.326144 0.025735 0.064052
2 0.181985 0.320261 0.036029 0.062745
2 0.209559 0.271895 0.022059 0.057516
2 0.182721 0.262092 0.025735 0.066667
0 0.244118 0.288235 0.005882 0.030065
1 0.193750 0.179085 0.021324 0.039216
2 0.200368 0.133987 0.016912 0.043137
1 0.222426 0.141830 0.018382 0.035294
1 0.207353 0.112418 0.016176 0.028758
4 0.228676 0.115033 0.014706 0.020915
1 0.214338 0.074510 0.016912 0.028758
2 0.234191 0.064706 0.013971 0.035294
7 0.323529 0.077778 0.005882 0.019608
1 0.386029 0.022876 0.029412 0.022222
3 0.358088 0.022222 0.016176 0.036601
4 0.365074 0.012418 0.018382 0.016993
1 0.364706 0.088889 0.023529 0.028758
6 0.393382 0.077778 0.032353 0.082353
2 0.422059 0.127451 0.032353 0.027451
1 0.420221 0.147059 0.041912 0.030065
3 0.433088 0.171895 0.032353 0.035294
5 0.447426 0.207190 0.015441 0.037908
7 0.458088 0.220261 0.005882 0.024837
2 0.410294 0.257516 0.033824 0.044444
1 0.429412 0.279739 0.033824 0.041830
2 0.450368 0.301961 0.046324 0.047059
7 0.469118 0.284314 0.016176 0.024837
7 0.483088 0.337908 0.019118 0.024837
7 0.473529 0.325490 0.020588 0.023529
0 0.484926 0.315033 0.009559 0.031373
7 0.487132 0.379739 0.018382 0.027451
4 0.403676 0.367320 0.041176 0.031373
4 0.386029 0.410458 0.020588 0.052288
4 0.406250 0.436601 0.033088 0.044444
4 0.423897 0.448366 0.025735 0.049673
7 0.468750 0.478431 0.022794 0.026144
4 0.469118 0.406536 0.020588 0.044444
3 0.443015 0.384967 0.033088 0.079739
7 0.505882 0.479085 0.019118 0.030065
4 0.508088 0.431373 0.019118 0.044444
4 0.533824 0.438562 0.020588 0.050980
3 0.464706 0.555556 0.101471 0.104575
2 0.615074 0.547059 0.059559 0.066667
2 0.622426 0.487582 0.058088 0.062745
1 0.729044 0.590196 0.066912 0.061438
1 0.752574 0.526797 0.068382 0.054902
2 0.715074 0.467974 0.074265 0.070588
4 0.569485 0.443791 0.025735 0.045752
4 0.601838 0.439216 0.022794 0.044444
4 0.656250 0.432680 0.024265 0.047059
4 0.683456 0.428758 0.024265 0.044444
4 0.706618 0.421569 0.027941 0.048366
4 0.736029 0.417647 0.029412 0.048366
4 0.763603 0.408497 0.028676 0.048366
1 0.752206 0.357516 0.033824 0.058824
7 0.704412 0.339869 0.008824 0.031373
7 0.646691 0.373856 0.018382 0.026144
7 0.628309 0.358824 0.018382 0.024837
7 0.641176 0.345098 0.019118 0.028758
7 0.608088 0.388889 0.007353 0.030065
7 0.573529 0.388235 0.016176 0.026144
0 0.583088 0.390850 0.017647 0.020915
0 0.636029 0.392157 0.020588 0.026144
0 0.658456 0.387582 0.018382 0.030065
1 0.793015 0.364052 0.049265 0.050980
2 0.808456 0.462745 0.072794 0.070588
1 0.851471 0.401961 0.061765 0.043137
1 0.817647 0.584314 0.077941 0.057516
2 0.901103 0.562745 0.065441 0.066667
1 0.895588 0.511111 0.067647 0.052288
2 0.902206 0.457516 0.067647 0.065359
1 0.970588 0.555556 0.058824 0.057516
1 0.982353 0.494118 0.035294 0.054902
1 0.987868 0.449020 0.024265 0.045752
1 0.921324 0.407190 0.054412 0.064052
2 0.879779 0.343791 0.053676 0.054902
0 0.916544 0.337908 0.022794 0.027451
7 0.842279 0.283007 0.016912 0.022222
