1 0.358333 0.549074 0.043750 0.061111
0 0.403646 0.531481 0.030208 0.044444
5 0.378646 0.478704 0.019792 0.038889
7 0.343750 0.441667 0.010417 0.027778
7 0.439062 0.452778 0.015625 0.035185
7 0.456771 0.498148 0.015625 0.037037
4 0.472917 0.485185 0.027083 0.037037
4 0.406771 0.400000 0.017708 0.033333
4 0.361458 0.366667 0.022917 0.029630
1 0.389062 0.332407 0.036458 0.031481
1 0.323958 0.385185 0.043750 0.037037
1 0.225521 0.383333 0.048958 0.044444
7 0.188542 0.394444 0.018750 0.029630
4 0.189583 0.422222 0.029167 0.029630
2 0.128125 0.413889 0.060417 0.053704
1 0.022917 0.456481 0.045833 0.038889
1 0.160938 0.132407 0.015625 0.012963
1 0.138021 0.161111 0.011458 0.014815
1 0.171875 0.219444 0.016667 0.020370
4 0.036979 0.633333 0.026042 0.062963
1 0.900000 0.931481 0.083333 0.111111
