0 0.784375 0.769444 0.169792 0.125926
0 0.951302 0.770370 0.097396 0.142593
0 0.335938 0.842593 0.094792 0.150000
0 0.266406 0.757407 0.091146 0.129630
0 0.390625 0.740278 0.066667 0.097222
0 0.297396 0.702315 0.064583 0.080556
0 0.397396 0.662500 0.044792 0.062037
0 0.348958 0.621759 0.040625 0.052778
0 0.409896 0.605093 0.029167 0.047222
0 0.445573 0.564815 0.019271 0.033333
0 0.406771 0.583333 0.028125 0.042593
0 0.414062 0.565278 0.021875 0.030556
0 0.418750 0.555556 0.018750 0.025926
0 0.426823 0.538426 0.013021 0.021296
0 0.445573 0.549537 0.015104 0.021296
0 0.440885 0.543056 0.016146 0.019444
0 0.434115 0.527315 0.011979 0.017593
0 0.369792 0.545833 0.034375 0.025000
