3 0.706985 0.679085 0.290441 0.142484
3 0.654779 0.635948 0.269853 0.124183
3 0.892647 0.638562 0.211765 0.126797
3 0.908456 0.907843 0.183088 0.166013
1 0.271324 0.261438 0.017647 0.020915
1 0.320588 0.353595 0.017647 0.032680
1 0.369485 0.295425 0.027206 0.026144
1 0.370221 0.279739 0.012500 0.015686
3 0.387132 0.262092 0.037500 0.035294
1 0.480147 0.528758 0.055882 0.040523
1 0.586029 0.526144 0.057353 0.048366
1 0.559191 0.454902 0.046324 0.036601
1 0.452941 0.503922 0.045588 0.048366
1 0.478309 0.489542 0.052206 0.050980
3 0.498529 0.401307 0.164706 0.078431
3 0.514706 0.379085 0.150000 0.070588
1 0.544853 0.353595 0.035294 0.024837
1 0.513235 0.345752 0.032353 0.024837
3 0.513603 0.311765 0.118382 0.064052
3 0.506250 0.274510 0.075735 0.049673
1 0.521691 0.251634 0.022794 0.016993
1 0.550735 0.252941 0.022059 0.016993
1 0.549265 0.247712 0.022059 0.014379
