3 0.652206 0.700000 0.404412 0.291503
4 0.554412 0.394771 0.086765 0.107190
3 0.453676 0.366013 0.329412 0.230065
7 0.518015 0.222876 0.016912 0.048366
3 0.406618 0.222876 0.214706 0.152941
3 0.408456 0.109150 0.093382 0.082353
3 0.360294 0.068627 0.135294 0.116340
3 0.347059 0.045098 0.133824 0.090196
1 0.635294 0.032026 0.054412 0.045752
2 0.664338 0.050327 0.047794 0.045752
3 0.708088 0.065359 0.095588 0.099346
3 0.733824 0.106536 0.125000 0.132026
2 0.792279 0.147059 0.055147 0.066667
3 0.828676 0.156863 0.133824 0.167320
2 0.876471 0.213072 0.058824 0.062745
1 0.900735 0.241830 0.060294 0.062745
1 0.957353 0.290196 0.057353 0.073203
1 0.988603 0.318954 0.022794 0.070588
