1 0.444271 0.718519 0.036458 0.074074
1 0.506771 0.810185 0.040625 0.079630
1 0.504687 0.709259 0.034375 0.062963
2 0.500000 0.640741 0.022917 0.059259
2 0.504687 0.587963 0.023958 0.053704
1 0.466667 0.511111 0.020833 0.040741
1 0.510417 0.489815 0.016667 0.031481
1 0.473438 0.428704 0.011458 0.020370
5 0.333854 0.689815 0.023958 0.053704
4 0.359375 0.712963 0.050000 0.040741
4 0.371875 0.680556 0.043750 0.042593
7 0.629687 0.850926 0.028125 0.027778
7 0.644271 0.867593 0.017708 0.072222
7 0.318229 0.832407 0.034375 0.035185
0 0.276562 0.976852 0.036458 0.042593
0 0.380729 0.900000 0.013542 0.051852
7 0.296354 0.922222 0.046875 0.033333
0 0.332813 0.928704 0.013542 0.042593
7 0.310937 0.866667 0.046875 0.033333
7 0.321875 0.881481 0.033333 0.037037
1 0.517708 0.563889 0.018750 0.035185
7 0.538542 0.537037 0.006250 0.029630
7 0.452604 0.575926 0.009375 0.037037
1 0.487500 0.331481 0.008333 0.018519
1 0.486458 0.362037 0.010417 0.012963
5 0.463021 0.442593 0.007292 0.025926
1 0.577083 0.426852 0.012500 0.024074
1 0.521875 0.457407 0.010417 0.022222
7 0.491146 0.384259 0.003125 0.020370
7 0.500521 0.386111 0.003125 0.020370
7 0.469792 0.373148 0.004167 0.009259
7 0.475521 0.350926 0.005208 0.016667
