2 0.684375 0.687963 0.093750 0.153704
2 0.635938 0.578704 0.066667 0.111111
0 0.472656 0.453704 0.026562 0.046296
2 0.536719 0.362963 0.027604 0.059259
2 0.527865 0.335648 0.022396 0.054630
2 0.522135 0.324537 0.023438 0.045370
0 0.472917 0.298611 0.013542 0.019444
2 0.491927 0.255093 0.016146 0.034259
0 0.462760 0.258333 0.008854 0.012963
2 0.484635 0.243981 0.009896 0.017593
1 0.482031 0.234722 0.010937 0.025000
2 0.480208 0.228704 0.011458 0.024074
1 0.476042 0.220833 0.009375 0.021296
0 0.221354 0.201389 0.010417 0.008333
0 0.535156 0.275463 0.026562 0.013889
0 0.413802 0.217130 0.006771 0.008333
0 0.420833 0.217593 0.006250 0.009259
0 0.425000 0.224074 0.010417 0.009259
0 0.453125 0.221759 0.006250 0.010185
2 0.471875 0.213889 0.007292 0.014815
0 0.453906 0.215278 0.005729 0.008333
0 0.461979 0.206944 0.005208 0.008333
0 0.453906 0.205093 0.004687 0.006481
0 0.460156 0.204167 0.006771 0.006481
0 0.465625 0.200926 0.004167 0.005556
0 0.464583 0.199074 0.005208 0.005556
0 0.461458 0.195833 0.003125 0.004630
0 0.459375 0.190741 0.003125 0.005556
0 0.451302 0.196296 0.004687 0.005556
