1 0.531771 0.252778 0.005208 0.009259
1 0.522917 0.252778 0.006250 0.009259
1 0.498437 0.266667 0.013542 0.011111
1 0.533333 0.267593 0.012500 0.009259
1 0.543229 0.281481 0.005208 0.007407
1 0.540625 0.286111 0.006250 0.009259
1 0.552083 0.281481 0.006250 0.011111
1 0.559375 0.290741 0.006250 0.007407
1 0.557813 0.300926 0.005208 0.012963
2 0.536979 0.314815 0.007292 0.014815
1 0.542708 0.415741 0.012500 0.024074
1 0.523958 0.414815 0.012500 0.022222
7 0.546875 0.388889 0.004167 0.011111
5 0.601042 0.365741 0.006250 0.024074
4 0.606771 0.398148 0.007292 0.018519
0 0.696875 0.415741 0.004167 0.012963
1 0.466146 0.322222 0.011458 0.014815
1 0.462500 0.380556 0.012500 0.020370
1 0.454687 0.418519 0.013542 0.022222
1 0.507812 0.490741 0.017708 0.029630
7 0.434375 0.409259 0.006250 0.011111
1 0.423437 0.479630 0.017708 0.029630
7 0.422917 0.511111 0.008333 0.018519
1 0.390104 0.488889 0.021875 0.033333
1 0.401042 0.544444 0.025000 0.040741
1 0.367708 0.631481 0.033333 0.059259
5 0.332813 0.541667 0.017708 0.031481
5 0.286458 0.567593 0.020833 0.038889
0 0.319271 0.589815 0.009375 0.020370
1 0.515625 0.777778 0.033333 0.085185
1 0.454687 0.955556 0.038542 0.088889
5 0.276042 0.846296 0.039583 0.088889
1 0.096354 0.940741 0.082292 0.118519
