2 0.158824 0.677778 0.176471 0.215686
0 0.198897 0.445098 0.078676 0.116340
0 0.270956 0.450980 0.063971 0.109804
0 0.370588 0.388889 0.057353 0.121569
0 0.466912 0.333987 0.089706 0.079739
0 0.041912 0.179739 0.083824 0.058824
0 0.059559 0.150980 0.080882 0.056209
0 0.098897 0.130065 0.078676 0.058824
0 0.120221 0.086928 0.055147 0.045752
0 0.133456 0.064052 0.065441 0.049673
0 0.166912 0.030065 0.051471 0.044444
0 0.271691 0.185621 0.077206 0.057516
0 0.282721 0.148366 0.059559 0.045752
0 0.290074 0.125490 0.066912 0.049673
0 0.304779 0.093464 0.061029 0.045752
0 0.309559 0.078431 0.055882 0.041830
0 0.330147 0.043791 0.052941 0.043137
0 0.336397 0.019608 0.062500 0.039216
0 0.377941 0.148366 0.035294 0.069281
0 0.392647 0.105229 0.066176 0.050980
0 0.391544 0.082353 0.061029 0.049673
2 0.406618 0.035294 0.057353 0.041830
0 0.415074 0.024837 0.052206 0.039216
0 0.808456 0.478431 0.125735 0.115033
0 0.934191 0.508497 0.131618 0.128105
