0 0.817647 0.830719 0.083824 0.150327
0 0.708088 0.481699 0.038235 0.071895
0 0.524265 0.455556 0.036765 0.079739
0 0.367279 0.424183 0.072794 0.077124
0 0.098897 0.408497 0.081618 0.056209
0 0.131985 0.344444 0.055147 0.053595
0 0.020956 0.396732 0.041912 0.056209
0 0.079044 0.335294 0.040441 0.064052
0 0.238971 0.328105 0.048529 0.052288
0 0.448529 0.301307 0.032353 0.053595
0 0.495221 0.310458 0.030147 0.053595
0 0.540809 0.326797 0.028676 0.054902
0 0.551838 0.257516 0.025735 0.044444
0 0.516912 0.228758 0.023529 0.039216
0 0.527206 0.181699 0.023529 0.036601
0 0.569853 0.150980 0.017647 0.032680
0 0.498897 0.150980 0.022794 0.032680
1 0.540809 0.123529 0.031618 0.071895
0 0.519853 0.132026 0.014706 0.028758
0 0.581985 0.111111 0.015441 0.020915
0 0.584191 0.096078 0.015441 0.027451
0 0.587500 0.079739 0.014706 0.026144
0 0.564706 0.089542 0.017647 0.024837
0 0.515809 0.113072 0.013971 0.024837
0 0.512868 0.099346 0.030147 0.028758
0 0.484926 0.095425 0.033088 0.026144
0 0.533824 0.075817 0.014706 0.023529
0 0.550000 0.078431 0.014706 0.023529
0 0.555515 0.067974 0.011029 0.020915
0 0.513235 0.071242 0.027941 0.019608
0 0.518015 0.051634 0.028676 0.019608
0 0.522794 0.045752 0.027941 0.018301
0 0.533824 0.037908 0.025000 0.018301
0 0.554044 0.040523 0.012500 0.018301
0 0.554044 0.027451 0.025735 0.018301
0 0.609559 0.043137 0.011765 0.020915
1 0.792279 0.280392 0.055147 0.118954
0 0.737132 0.112418 0.021324 0.031373
0 0.674265 0.071242 0.013235 0.022222
0 0.721324 0.081046 0.014706 0.020915
2 0.742279 0.072549 0.025735 0.024837
0 0.742279 0.062745 0.024265 0.013072
0 0.739706 0.053595 0.027941 0.015686
0 0.561397 0.022222 0.008088 0.015686
0 0.697059 0.018301 0.011765 0.015686
0 0.718382 0.015686 0.022059 0.015686
