3 0.250368 0.260131 0.091912 0.133333
1 0.295221 0.950327 0.093382 0.096732
1 0.444853 0.837908 0.069118 0.130719
1 0.562132 0.843137 0.059559 0.122876
1 0.398897 0.430719 0.049265 0.074510
1 0.614706 0.015686 0.019118 0.026144
1 0.405515 0.596732 0.046324 0.071895
1 0.458088 0.643137 0.060294 0.091503
1 0.528309 0.673856 0.058088 0.100654
2 0.609191 0.664706 0.052206 0.087582
1 0.538603 0.573203 0.059559 0.084967
2 0.630882 0.536601 0.055882 0.087582
1 0.692279 0.550980 0.040441 0.071895
1 0.659559 0.440523 0.039706 0.060131
1 0.710294 0.447059 0.038235 0.062745
1 0.657353 0.357516 0.038235 0.053595
1 0.700368 0.294771 0.028676 0.043137
1 0.726103 0.371242 0.041912 0.054902
1 0.714338 0.339216 0.033088 0.050980
6 0.596691 0.422222 0.081618 0.146405
6 0.675000 0.254902 0.061765 0.091503
1 0.775000 0.321569 0.035294 0.052288
1 0.731985 0.228758 0.031618 0.041830
2 0.737132 0.280392 0.037500 0.064052
1 0.797426 0.258824 0.028676 0.041830
1 0.771691 0.249020 0.030147 0.045752
1 0.776103 0.159477 0.027206 0.036601
1 0.765074 0.208497 0.024265 0.037908
1 0.791912 0.215033 0.026471 0.037908
1 0.795221 0.180392 0.024265 0.036601
1 0.826471 0.211111 0.026471 0.043137
1 0.814338 0.148366 0.024265 0.035294
1 0.813603 0.126144 0.025735 0.030065
1 0.837868 0.105229 0.025735 0.035294
1 0.846324 0.064052 0.022059 0.028758
1 0.853309 0.083007 0.024265 0.032680
1 0.870588 0.093464 0.022059 0.030065
1 0.854779 0.129412 0.021324 0.028758
3 0.852941 0.160131 0.038235 0.071895
1 0.883456 0.119608 0.021324 0.032680
1 0.896691 0.082353 0.019853 0.031373
1 0.905515 0.060131 0.018382 0.026144
3 0.920221 0.026144 0.030147 0.052288
1 0.868750 0.020915 0.019853 0.026144
6 0.884926 0.037908 0.038971 0.070588
