3 0.322794 0.674510 0.094118 0.086275
1 0.425735 0.644444 0.030882 0.081046
1 0.370956 0.546405 0.063971 0.041830
0 0.501838 0.845752 0.009559 0.039216
1 0.622059 0.559477 0.057353 0.041830
1 0.549265 0.469281 0.023529 0.039216
1 0.569118 0.525490 0.030882 0.044444
1 0.535294 0.432026 0.023529 0.037908
3 0.413235 0.471895 0.025000 0.073203
2 0.421691 0.420261 0.016912 0.050980
2 0.408088 0.384967 0.016176 0.045752
1 0.452206 0.356863 0.017647 0.033987
3 0.442279 0.313072 0.016912 0.032680
1 0.413235 0.324183 0.025000 0.028758
1 0.406985 0.307843 0.021324 0.030065
1 0.347059 0.311111 0.036765 0.026144
2 0.521691 0.359477 0.015441 0.044444
7 0.494485 0.349020 0.005147 0.018301
1 0.492279 0.287582 0.015441 0.023529
1 0.511397 0.301307 0.030147 0.024837
2 0.481618 0.247712 0.013235 0.022222
0 0.426103 0.232026 0.003676 0.011765
7 0.452574 0.226797 0.003676 0.011765
7 0.459559 0.270588 0.004412 0.013072
7 0.466544 0.255556 0.003676 0.009150
2 0.477206 0.216340 0.019118 0.024837
1 0.471324 0.213725 0.014706 0.019608
1 0.467279 0.204575 0.018382 0.019608
1 0.463235 0.190196 0.019118 0.016993
1 0.462132 0.179085 0.018382 0.013072
1 0.456250 0.171242 0.015441 0.018301
2 0.459559 0.156863 0.010294 0.018301
4 0.447059 0.199346 0.007353 0.019608
1 0.431985 0.190850 0.011029 0.018301
1 0.411765 0.213072 0.016176 0.020915
1 0.398529 0.246405 0.013235 0.024837
2 0.391912 0.277124 0.030882 0.028758
1 0.375735 0.264706 0.030882 0.022222
1 0.358088 0.235294 0.029412 0.020915
3 0.341176 0.226797 0.036765 0.022222
1 0.360662 0.219608 0.027206 0.015686
1 0.389706 0.222222 0.023529 0.020915
3 0.362132 0.199346 0.033088 0.022222
1 0.395956 0.199346 0.012500 0.022222
2 0.393382 0.185621 0.014706 0.023529
1 0.368750 0.186928 0.022794 0.018301
1 0.368015 0.181699 0.021324 0.013072
1 0.360662 0.178431 0.024265 0.016993
2 0.361397 0.171895 0.021324 0.011765
1 0.359559 0.162092 0.022059 0.013072
2 0.392279 0.178431 0.016912 0.022222
2 0.412500 0.141176 0.010294 0.020915
1 0.399265 0.133333 0.008824 0.015686
1 0.410662 0.125490 0.011029 0.013072
1 0.421324 0.119608 0.007353 0.011765
1 0.425368 0.132026 0.009559 0.013072
1 0.438235 0.141176 0.010294 0.015686
4 0.447794 0.150327 0.007353 0.018301
2 0.608456 0.509804 0.027206 0.054902
7 0.641176 0.401961 0.016176 0.024837
7 0.629044 0.390196 0.013971 0.019608
5 0.400000 0.162092 0.007353 0.018301
2 0.380515 0.166667 0.012500 0.019608
1 0.343015 0.127451 0.011029 0.016993
3 0.342647 0.150327 0.020588 0.020915
3 0.366912 0.141830 0.025000 0.024837
1 0.363235 0.152288 0.010294 0.014379
5 0.419485 0.097386 0.005147 0.011765
