0 0.012868 0.390196 0.025735 0.032680
0 0.252206 0.211111 0.005882 0.011765
0 0.269853 0.211111 0.005882 0.009150
0 0.277206 0.209150 0.005882 0.010458
0 0.284926 0.210458 0.003676 0.007843
0 0.291176 0.210458 0.004412 0.007843
0 0.287868 0.213725 0.005147 0.009150
0 0.295956 0.212418 0.005147 0.009150
0 0.296691 0.218301 0.006618 0.007843
0 0.296324 0.224183 0.007353 0.011765
0 0.308824 0.220915 0.007353 0.010458
0 0.314706 0.233333 0.007353 0.011765
0 0.252941 0.222876 0.007353 0.009150
0 0.254412 0.227451 0.005882 0.010458
0 0.258824 0.233987 0.005882 0.010458
0 0.261397 0.239216 0.006618 0.010458
0 0.263235 0.243791 0.007353 0.011765
0 0.265441 0.247059 0.007353 0.013072
1 0.250368 0.240523 0.013971 0.028758
0 0.264706 0.228105 0.007353 0.011765
0 0.266544 0.229412 0.006618 0.009150
0 0.267647 0.232026 0.005882 0.009150
0 0.272059 0.238562 0.007353 0.011765
0 0.276471 0.244444 0.007353 0.013072
0 0.279412 0.250327 0.008824 0.014379
0 0.278309 0.232026 0.008088 0.014379
0 0.281250 0.235294 0.006618 0.010458
0 0.285294 0.241176 0.007353 0.011765
0 0.291544 0.247059 0.008088 0.013072
0 0.294485 0.249673 0.009559 0.015686
0 0.343750 0.283660 0.012500 0.018301
0 0.362132 0.284314 0.013971 0.016993
0 0.354412 0.295425 0.011765 0.015686
0 0.360662 0.303922 0.015441 0.019608
0 0.375368 0.296732 0.012500 0.018301
0 0.381985 0.284967 0.012500 0.015686
0 0.395588 0.296078 0.013235 0.016993
1 0.411397 0.281046 0.031618 0.047059
0 0.406618 0.307843 0.013235 0.014379
0 0.388971 0.312418 0.016176 0.018301
0 0.369853 0.316993 0.016176 0.022222
0 0.378309 0.331373 0.016912 0.022222
0 0.396691 0.321569 0.013971 0.018301
0 0.418015 0.317647 0.015441 0.020915
0 0.428309 0.303922 0.016912 0.024837
0 0.392647 0.340523 0.020588 0.024837
0 0.397426 0.356209 0.018382 0.022222
0 0.408456 0.371242 0.019853 0.026144
0 0.418750 0.388889 0.021324 0.032680
0 0.430882 0.415686 0.026471 0.033987
0 0.441176 0.437255 0.027941 0.040523
0 0.453309 0.467320 0.031618 0.050980
0 0.460662 0.507190 0.036029 0.054902
0 0.489706 0.597386 0.044118 0.075817
0 0.508088 0.686928 0.058824 0.103268
0 0.062868 0.918954 0.122794 0.156863
0 0.186029 0.929412 0.094118 0.141176
0 0.332721 0.896078 0.075735 0.200000
0 0.549265 0.837908 0.075000 0.143791
0 0.407721 0.329412 0.016912 0.026144
0 0.416912 0.341830 0.017647 0.027451
0 0.427941 0.356209 0.019118 0.024837
0 0.439338 0.373856 0.021324 0.028758
0 0.448529 0.390850 0.022059 0.036601
0 0.463235 0.414379 0.025000 0.036601
0 0.484559 0.437908 0.033824 0.052288
0 0.501471 0.473856 0.035294 0.053595
0 0.520588 0.512418 0.032353 0.054902
0 0.538971 0.558170 0.050000 0.065359
0 0.427574 0.327451 0.016912 0.022222
0 0.434926 0.337255 0.016912 0.023529
0 0.448529 0.349673 0.019118 0.024837
0 0.458456 0.364052 0.021324 0.027451
0 0.474265 0.373856 0.017647 0.028758
1 0.497059 0.381699 0.055882 0.096732
0 0.525368 0.445098 0.034559 0.053595
0 0.577941 0.528758 0.044118 0.058824
0 0.626838 0.528105 0.046324 0.060131
0 0.440441 0.314379 0.016176 0.022222
0 0.454412 0.327451 0.019118 0.024837
0 0.466176 0.338562 0.017647 0.023529
0 0.504779 0.292810 0.027206 0.018301
0 0.508456 0.303268 0.024265 0.015686
0 0.519118 0.305882 0.025000 0.018301
0 0.529412 0.312418 0.027941 0.023529
0 0.543015 0.315686 0.024265 0.024837
0 0.562500 0.330065 0.035294 0.024837
0 0.508824 0.334641 0.005882 0.018301
0 0.625735 0.390850 0.032353 0.033987
0 0.645221 0.405882 0.037500 0.043137
0 0.658456 0.485621 0.021324 0.030065
0 0.705882 0.505882 0.014706 0.036601
0 0.803309 0.873203 0.128676 0.151634
