1 0.280147 0.162092 0.039706 0.036601
3 0.550368 0.678431 0.083088 0.235294
7 0.462132 0.625490 0.021324 0.040523
1 0.916176 0.775163 0.044118 0.109804
1 0.895956 0.330719 0.025735 0.047059
1 0.958824 0.356863 0.026471 0.054902
1 0.889338 0.188889 0.021324 0.035294
2 0.947426 0.194771 0.018382 0.039216
1 0.849632 0.054902 0.015441 0.023529
2 0.953309 0.098693 0.015441 0.030065
2 0.955515 0.066667 0.013971 0.023529
2 0.958088 0.027451 0.011765 0.023529
1 0.878309 0.026797 0.024265 0.014379
1 0.828309 0.028105 0.016912 0.014379
2 0.750000 0.016993 0.026471 0.023529
7 0.768750 0.037255 0.008088 0.011765
1 0.802941 0.023529 0.023529 0.015686
1 0.811765 0.022876 0.019118 0.016993
1 0.806618 0.014379 0.019118 0.018301
1 0.816544 0.005882 0.022794 0.011765
7 0.298897 0.894771 0.028676 0.061438
