0 0.760662 0.980392 0.052206 0.039216
0 0.657353 0.800654 0.054412 0.124183
0 0.458456 0.776471 0.047794 0.141176
0 0.330515 0.919608 0.061029 0.160784
0 0.410294 0.649020 0.054412 0.113725
0 0.512500 0.524183 0.033824 0.073203
0 0.373162 0.484314 0.037500 0.058824
0 0.502941 0.416340 0.026471 0.056209
0 0.455147 0.358824 0.026471 0.056209
0 0.499632 0.355556 0.025735 0.049673
0 0.503309 0.309804 0.025735 0.049673
0 0.454412 0.240523 0.023529 0.041830
0 0.409191 0.231373 0.022794 0.041830
0 0.445588 0.288889 0.054412 0.049673
0 0.196691 0.300000 0.053676 0.050980
0 0.339338 0.268627 0.041912 0.040523
0 0.333088 0.248366 0.050000 0.036601
0 0.358088 0.216993 0.050000 0.036601
0 0.374265 0.202614 0.050000 0.036601
0 0.369853 0.186275 0.039706 0.030065
0 0.388971 0.177124 0.038235 0.027451
0 0.394853 0.170588 0.038235 0.027451
0 0.381985 0.158824 0.038971 0.027451
0 0.387868 0.145752 0.038971 0.027451
0 0.388235 0.133987 0.038235 0.027451
0 0.387500 0.132680 0.038235 0.027451
0 0.411397 0.131373 0.038971 0.027451
0 0.396324 0.118301 0.038235 0.027451
0 0.395956 0.105229 0.038971 0.027451
0 0.350000 0.149673 0.038235 0.032680
0 0.325368 0.118954 0.016912 0.026144
2 0.455515 0.128758 0.024265 0.048366
0 0.456618 0.102614 0.013235 0.022222
0 0.546691 0.158824 0.036029 0.035294
0 0.525368 0.134641 0.015441 0.023529
0 0.547426 0.131373 0.028676 0.022222
0 0.543750 0.122222 0.028676 0.022222
0 0.460662 0.069935 0.013971 0.019608
0 0.460662 0.034641 0.013971 0.019608
0 0.459926 0.014379 0.011029 0.020915
2 0.598529 0.466667 0.045588 0.107190
2 0.574265 0.386928 0.052941 0.099346
0 0.649265 0.443791 0.069118 0.045752
2 0.427206 0.066013 0.014706 0.040523
2 0.429412 0.036601 0.014706 0.033987
2 0.434191 0.013072 0.011029 0.026144
2 0.515441 0.025490 0.025000 0.030065
2 0.513971 0.017647 0.030882 0.030065
2 0.505882 0.015686 0.030882 0.031373
1 0.541176 0.749673 0.091176 0.330719
