2 0.526042 0.127778 0.006250 0.014815
0 0.513021 0.133333 0.003125 0.007407
0 0.507292 0.137963 0.008333 0.009259
0 0.551562 0.158333 0.009375 0.009259
1 0.538021 0.168519 0.007292 0.014815
0 0.528646 0.177778 0.007292 0.011111
2 0.538021 0.179630 0.005208 0.011111
0 0.536979 0.187963 0.005208 0.012963
0 0.507812 0.170370 0.007292 0.007407
0 0.506250 0.179630 0.006250 0.011111
0 0.492188 0.175000 0.007292 0.009259
0 0.485417 0.192593 0.006250 0.011111
0 0.480208 0.206481 0.006250 0.012963
0 0.530208 0.233333 0.008333 0.014815
0 0.554688 0.230556 0.007292 0.012963
0 0.555208 0.248148 0.014583 0.014815
0 0.556771 0.266667 0.009375 0.014815
0 0.468750 0.232407 0.006250 0.012963
0 0.464583 0.253704 0.008333 0.014815
0 0.420312 0.226852 0.009375 0.012963
2 0.452604 0.275926 0.015625 0.025926
0 0.445312 0.294444 0.013542 0.022222
0 0.433854 0.329630 0.015625 0.025926
2 0.419792 0.360185 0.033333 0.038889
0 0.516146 0.386111 0.015625 0.027778
0 0.378125 0.468519 0.022917 0.044444
0 0.333854 0.581481 0.032292 0.059259
0 0.450521 0.485185 0.023958 0.048148
0 0.499479 0.524074 0.021875 0.044444
2 0.563542 0.300000 0.008333 0.025926
2 0.565104 0.325000 0.009375 0.035185
2 0.565625 0.354630 0.010417 0.020370
2 0.561979 0.380556 0.021875 0.046296
0 0.576042 0.498148 0.020833 0.040741
0 0.580208 0.538889 0.025000 0.040741
0 0.603646 0.857407 0.023958 0.070370
0 0.765104 0.592593 0.038542 0.033333
0 0.637500 0.433333 0.039583 0.025926
0 0.641146 0.420370 0.038542 0.025926
2 0.603125 0.292593 0.014583 0.025926
0 0.640625 0.291667 0.018750 0.020370
2 0.245312 0.468519 0.042708 0.081481
