1 0.510294 0.669281 0.045588 0.141176
1 0.522059 0.392810 0.032353 0.095425
1 0.288971 0.416993 0.076471 0.078431
1 0.383088 0.260784 0.029412 0.074510
1 0.394853 0.322876 0.070588 0.088889
1 0.470221 0.237255 0.028676 0.069281
1 0.507721 0.181699 0.022794 0.052288
1 0.510294 0.071895 0.019118 0.039216
1 0.465809 0.055556 0.022794 0.053595
1 0.068015 0.482353 0.078676 0.122876
1 0.020588 0.467974 0.041176 0.107190
1 0.135662 0.856209 0.116912 0.112418
3 0.705147 0.524183 0.116176 0.120261
3 0.668015 0.405229 0.102206 0.083660
3 0.658824 0.333333 0.101471 0.065359
6 0.838603 0.166013 0.116912 0.088889
1 0.962500 0.324837 0.075000 0.074510
1 0.982353 0.243137 0.035294 0.054902
1 0.975000 0.182353 0.050000 0.053595
1 0.213971 0.213072 0.064706 0.052288
1 0.237868 0.174510 0.066912 0.045752
1 0.244853 0.151634 0.047059 0.041830
1 0.253676 0.130719 0.058824 0.049673
1 0.271324 0.088889 0.055882 0.047059
1 0.281250 0.049020 0.050735 0.035294
1 0.280882 0.032680 0.052941 0.036601
1 0.289338 0.016993 0.044853 0.028758
1 0.156250 0.021569 0.041912 0.043137
1 0.142279 0.486928 0.090441 0.113725
0 0.080882 0.187582 0.020588 0.030065
7 0.529044 0.118301 0.006618 0.030065
7 0.748162 0.109804 0.008088 0.028758
7 0.741544 0.111111 0.008088 0.028758
0 0.720221 0.064706 0.012500 0.019608
0 0.713971 0.062092 0.011765 0.019608
0 0.715809 0.052941 0.015441 0.014379
0 0.704412 0.033987 0.007353 0.023529
