0 0.018015 0.579085 0.036029 0.091503
0 0.017647 0.315686 0.035294 0.069281
0 0.045588 0.260784 0.055882 0.064052
0 0.023529 0.226797 0.047059 0.064052
0 0.123897 0.135294 0.030147 0.045752
0 0.166176 0.075163 0.033824 0.050980
0 0.236765 0.031373 0.044118 0.026144
0 0.514338 0.395425 0.034559 0.079739
0 0.585662 0.316340 0.034559 0.065359
0 0.576838 0.241176 0.033088 0.058824
0 0.430882 0.233987 0.029412 0.065359
0 0.560662 0.145752 0.028676 0.048366
0 0.475368 0.131373 0.025735 0.045752
0 0.509559 0.107843 0.022059 0.035294
0 0.543382 0.067320 0.022059 0.035294
0 0.537868 0.037255 0.019853 0.032680
0 0.445956 0.015033 0.018382 0.030065
0 0.838971 0.371242 0.050000 0.044444
0 0.827941 0.339216 0.060294 0.053595
0 0.745956 0.298693 0.044853 0.074510
2 0.623162 0.015686 0.027206 0.031373
0 0.626471 0.050980 0.026471 0.041830
0 0.635662 0.082353 0.024265 0.039216
0 0.660294 0.139869 0.027941 0.039216
0 0.709191 0.177778 0.036029 0.052288
0 0.715441 0.127451 0.038235 0.037908
0 0.718015 0.094118 0.049265 0.036601
0 0.697426 0.072549 0.053676 0.043137
