3 0.491912 0.860131 0.189706 0.279739
3 0.706985 0.928758 0.103676 0.142484
3 0.279779 0.633333 0.216912 0.192157
3 0.495588 0.537255 0.113235 0.180392
3 0.505515 0.390196 0.136029 0.142484
3 0.893750 0.377778 0.053676 0.125490
3 0.967279 0.394771 0.065441 0.130719
3 0.795221 0.078431 0.033088 0.060131
3 0.894853 0.098693 0.038235 0.074510
3 0.842647 0.258824 0.069118 0.122876
3 0.724265 0.330065 0.051471 0.121569
3 0.614338 0.266667 0.077206 0.109804
7 0.604779 0.215033 0.025735 0.032680
4 0.420221 0.058170 0.016912 0.022222
3 0.498897 0.011111 0.049265 0.022222
3 0.565074 0.013072 0.034559 0.026144
3 0.500000 0.037255 0.035294 0.053595
3 0.513235 0.113725 0.044118 0.073203
3 0.489338 0.177124 0.036029 0.087582
3 0.503676 0.219608 0.086765 0.083660
3 0.333088 0.146405 0.058824 0.073203
3 0.345956 0.258170 0.078676 0.084967
3 0.231618 0.195425 0.102941 0.092810
3 0.262868 0.232026 0.090441 0.092810
3 0.305515 0.247059 0.093382 0.091503
1 0.079044 0.234641 0.063971 0.058824
3 0.052941 0.326144 0.105882 0.147712
3 0.072426 0.484967 0.144853 0.172549
3 0.200735 0.389542 0.097059 0.133333
3 0.241912 0.475817 0.154412 0.167320
