1 0.443229 0.018519 0.011458 0.022222
1 0.428646 0.022222 0.013542 0.029630
7 0.455729 0.196296 0.005208 0.022222
4 0.521875 0.280556 0.012500 0.031481
1 0.359375 0.068519 0.033333 0.029630
3 0.365625 0.119444 0.018750 0.050000
1 0.288542 0.214815 0.047917 0.029630
1 0.278646 0.238889 0.044792 0.029630
2 0.299479 0.299074 0.053125 0.050000
6 0.390625 0.240741 0.037500 0.118519
7 0.427083 0.346296 0.010417 0.033333
1 0.496354 0.502778 0.040625 0.090741
4 0.433854 0.497222 0.019792 0.068519
2 0.254688 0.435185 0.063542 0.062963
1 0.210417 0.522222 0.091667 0.074074
4 0.244271 0.588889 0.055208 0.044444
1 0.243750 0.649074 0.102083 0.083333
1 0.291667 0.853704 0.058333 0.185185
1 0.113021 0.963889 0.132292 0.072222
