1 0.510938 0.367130 0.007292 0.008333
1 0.521094 0.368519 0.004687 0.009259
1 0.525260 0.378241 0.007812 0.012037
1 0.518490 0.385648 0.008854 0.012037
1 0.531510 0.385185 0.007812 0.012963
1 0.502865 0.380093 0.006771 0.010185
1 0.497135 0.387500 0.007812 0.013889
1 0.484896 0.399537 0.010417 0.017593
1 0.478906 0.421759 0.010937 0.021296
1 0.468750 0.455093 0.013542 0.028704
1 0.509896 0.415741 0.010417 0.018519
1 0.525000 0.460648 0.014583 0.019444
1 0.556250 0.393056 0.009375 0.012037
1 0.586979 0.436574 0.015625 0.017593
1 0.544010 0.533333 0.023438 0.042593
1 0.489063 0.527778 0.022917 0.037037
1 0.445312 0.701852 0.044792 0.083333
1 0.605469 0.612037 0.036979 0.053704
1 0.658333 0.783796 0.054167 0.076852
1 0.489323 0.372685 0.015104 0.010185
1 0.552604 0.378704 0.006250 0.011111
1 0.590885 0.452315 0.016146 0.013889
1 0.594271 0.460648 0.015625 0.015741
1 0.600000 0.468056 0.020833 0.019444
1 0.603906 0.475463 0.018229 0.021296
1 0.608333 0.487500 0.020833 0.023148
1 0.613021 0.504167 0.021875 0.021296
1 0.622135 0.516204 0.022396 0.032407
1 0.630469 0.538889 0.027604 0.029630
1 0.637240 0.560185 0.029687 0.035185
1 0.650781 0.589352 0.034896 0.037963
1 0.663281 0.623148 0.043229 0.042593
1 0.680469 0.666204 0.053646 0.063889
1 0.708594 0.730093 0.057812 0.067593
1 0.734896 0.807870 0.073958 0.095370
1 0.779687 0.925463 0.093750 0.134259
7 0.713802 0.586574 0.014063 0.034259
0 0.561979 0.419444 0.009375 0.011111
0 0.570052 0.428704 0.003646 0.011111
0 0.573438 0.437037 0.004167 0.016667
0 0.575521 0.428704 0.004167 0.012963
0 0.396615 0.463889 0.005729 0.012963
0 0.413021 0.461574 0.007292 0.010185
0 0.425000 0.444444 0.005208 0.012963
0 0.430208 0.444444 0.005208 0.011111
0 0.435677 0.439815 0.004687 0.012963
7 0.444010 0.433796 0.005729 0.013889
0 0.380208 0.425926 0.011458 0.011111
0 0.325781 0.472685 0.009896 0.013889
0 0.297396 0.478241 0.011458 0.015741
1 0.409115 0.384259 0.019271 0.016667
1 0.444271 0.405556 0.011458 0.016667
2 0.451562 0.420833 0.014583 0.028704
1 0.458333 0.415278 0.011458 0.023148
1 0.431250 0.395370 0.009375 0.012963
1 0.427083 0.405093 0.010417 0.015741
1 0.406771 0.423611 0.013542 0.015741
1 0.399219 0.431944 0.015104 0.025000
2 0.415625 0.412037 0.016667 0.024074
1 0.414323 0.436574 0.018229 0.025000
1 0.391146 0.435185 0.015625 0.025926
1 0.383333 0.444907 0.016667 0.026852
1 0.376042 0.454167 0.014583 0.026852
2 0.363802 0.458333 0.021354 0.031481
1 0.341667 0.486111 0.021875 0.033333
1 0.330990 0.522685 0.030729 0.045370
1 0.298177 0.551389 0.041146 0.045370
0 0.350000 0.556019 0.011458 0.023148
0 0.250260 0.519907 0.006771 0.023148
2 0.307812 0.503241 0.025000 0.047222
1 0.285677 0.527778 0.029687 0.048148
1 0.233854 0.571296 0.047917 0.064815
1 0.191667 0.617130 0.046875 0.062037
0 0.210677 0.571759 0.025521 0.021296
0 0.167969 0.604167 0.026562 0.028704
0 0.186719 0.588426 0.028646 0.025000
0 0.012500 0.864815 0.025000 0.040741
0 0.102604 0.777778 0.029167 0.044444
0 0.014063 0.731944 0.028125 0.041667
7 0.211979 0.768981 0.013542 0.056481
1 0.146615 0.665278 0.063021 0.075000
1 0.085938 0.714815 0.086458 0.087037
1 0.031771 0.780556 0.063542 0.085185
7 0.771354 0.686111 0.026042 0.053704
7 0.768490 0.670833 0.024479 0.039815
7 0.763542 0.655093 0.026042 0.032407
0 0.634375 0.500926 0.006250 0.022222
0 0.584375 0.546296 0.008333 0.029630
0 0.623698 0.469444 0.010937 0.016667
0 0.614844 0.463889 0.006771 0.020370
5 0.619531 0.404167 0.021354 0.025000
0 0.604948 0.419444 0.003646 0.014815
7 0.595313 0.408796 0.008333 0.012037
0 0.544531 0.382870 0.002604 0.012037
7 0.541927 0.379630 0.002604 0.011111
1 0.322135 0.381481 0.020313 0.012963
1 0.323698 0.388426 0.020313 0.017593
1 0.441927 0.369444 0.017188 0.012963
1 0.438542 0.375000 0.016667 0.012963
1 0.402865 0.370370 0.016146 0.012963
1 0.407292 0.367593 0.015625 0.014815
7 0.458854 0.392593 0.003125 0.012963
7 0.465885 0.386574 0.006771 0.008333
