1 0.430882 0.828105 0.061765 0.181699
1 0.104044 0.263399 0.077206 0.048366
1 0.121691 0.216993 0.074265 0.054902
1 0.152574 0.178431 0.062500 0.043137
1 0.503676 0.245098 0.029412 0.045752
1 0.221324 0.075163 0.025000 0.035294
1 0.946691 0.539869 0.091912 0.104575
1 0.747059 0.216993 0.036765 0.044444
1 0.690074 0.098693 0.028676 0.040523
1 0.664706 0.062092 0.032353 0.043137
2 0.203676 0.113725 0.033824 0.047059
0 0.017279 0.811111 0.033088 0.082353
0 0.873162 0.473203 0.013971 0.041830
7 0.041912 0.905229 0.042647 0.061438
7 0.855515 0.849020 0.044853 0.069281
0 0.676471 0.697386 0.013235 0.056209
4 0.281985 0.900000 0.036029 0.145098
4 0.920221 0.652288 0.055147 0.091503
4 0.815074 0.390196 0.028676 0.071895
3 0.764338 0.294118 0.041912 0.081046
7 0.889706 0.748366 0.019118 0.074510
3 0.812132 0.692810 0.090441 0.172549
4 0.750735 0.584967 0.060294 0.098039
4 0.720588 0.503922 0.039706 0.079739
7 0.187868 0.360784 0.018382 0.047059
