0 0.009926 0.099346 0.019853 0.031373
0 0.053309 0.079739 0.022794 0.026144
0 0.425735 0.937908 0.060294 0.092810
0 0.531985 0.902614 0.058088 0.158170
0 0.506250 0.715033 0.041912 0.112418
0 0.442647 0.637908 0.042647 0.107190
0 0.499632 0.569281 0.034559 0.082353
0 0.497426 0.483660 0.036029 0.067974
0 0.433456 0.480392 0.033088 0.064052
0 0.496691 0.413072 0.030147 0.057516
0 0.441176 0.379085 0.029412 0.054902
0 0.488971 0.364052 0.027941 0.048366
0 0.438235 0.328105 0.025000 0.047059
0 0.447426 0.286928 0.022794 0.040523
0 0.488235 0.280392 0.025000 0.043137
0 0.476838 0.249020 0.022794 0.037908
0 0.434559 0.246405 0.020588 0.040523
2 0.473162 0.205882 0.022794 0.048366
0 0.436397 0.216340 0.021324 0.032680
0 0.434559 0.193464 0.019118 0.028758
0 0.466912 0.186275 0.019118 0.027451
0 0.461397 0.166013 0.015441 0.028758
0 0.434559 0.170588 0.016176 0.027451
0 0.462500 0.150980 0.016176 0.024837
0 0.432721 0.149020 0.016912 0.023529
0 0.461397 0.133987 0.015441 0.022222
0 0.431250 0.133987 0.015441 0.022222
0 0.458824 0.120261 0.016176 0.020915
0 0.430882 0.118954 0.014706 0.020915
0 0.454779 0.106536 0.015441 0.019608
0 0.430147 0.103922 0.013235 0.022222
0 0.431250 0.091503 0.013971 0.023529
0 0.431250 0.077124 0.012500 0.018301
0 0.429412 0.066667 0.010294 0.018301
0 0.432721 0.057516 0.011029 0.018301
0 0.430147 0.047059 0.010294 0.018301
0 0.428676 0.031373 0.010294 0.015686
0 0.423897 0.024183 0.009559 0.016993
1 0.425735 0.011765 0.014706 0.023529
2 0.455147 0.060784 0.016176 0.035294
2 0.449632 0.041176 0.013971 0.035294
2 0.444118 0.013072 0.014706 0.026144
