3 0.491406 0.774074 0.050521 0.140741
1 0.651302 0.894444 0.060937 0.144444
3 0.626042 0.729630 0.051042 0.137037
3 0.620573 0.611111 0.047396 0.111111
3 0.609635 0.542593 0.040104 0.092593
4 0.581771 0.706481 0.019792 0.051852
1 0.516667 0.489352 0.025000 0.049074
1 0.553906 0.392130 0.018229 0.032407
2 0.505208 0.380093 0.018750 0.045370
3 0.583854 0.350463 0.019792 0.039815
1 0.544792 0.293981 0.012500 0.019444
1 0.545833 0.273611 0.011458 0.015741
3 0.578646 0.317130 0.019792 0.045370
2 0.579688 0.337500 0.014583 0.026852
1 0.543490 0.242130 0.008854 0.015741
2 0.539583 0.218981 0.008333 0.012037
3 0.567708 0.283333 0.015625 0.027778
3 0.560417 0.250463 0.011458 0.025000
1 0.553125 0.225926 0.009375 0.012963
3 0.552083 0.214352 0.010417 0.025000
3 0.340365 0.205556 0.026562 0.016667
3 0.947656 0.726389 0.100521 0.117593
3 0.847135 0.529630 0.127604 0.181481
3 0.788021 0.378241 0.048958 0.039815
3 0.972656 0.340741 0.054688 0.040741
3 0.939583 0.318056 0.034375 0.034259
3 0.941146 0.327315 0.032292 0.028704
2 0.740885 0.342593 0.017188 0.029630
2 0.736719 0.496296 0.039062 0.044444
2 0.744792 0.508333 0.046875 0.040741
1 0.756771 0.530556 0.048958 0.035185
1 0.763802 0.546759 0.042188 0.032407
2 0.694531 0.389815 0.043229 0.038889
2 0.678646 0.402315 0.028125 0.030556
1 0.714844 0.418519 0.029687 0.025926
1 0.722656 0.294907 0.025521 0.021296
1 0.745052 0.291667 0.027604 0.014815
1 0.741406 0.288426 0.027604 0.017593
3 0.710677 0.267593 0.024479 0.022222
