0 0.891912 0.896078 0.176471 0.207843
0 0.802206 0.701961 0.091176 0.128105
0 0.767279 0.450980 0.049265 0.078431
0 0.779779 0.296732 0.061029 0.047059
0 0.617279 0.275817 0.030147 0.049673
0 0.647794 0.226144 0.023529 0.041830
0 0.317279 0.776471 0.115441 0.167320
0 0.343382 0.652288 0.101471 0.128105
0 0.419853 0.256209 0.027941 0.047059
0 0.374632 0.572549 0.097794 0.104575
0 0.359559 0.462092 0.045588 0.087582
0 0.377574 0.398693 0.038971 0.073203
0 0.273897 0.366013 0.083088 0.057516
0 0.332721 0.264052 0.027206 0.049673
0 0.370588 0.260784 0.032353 0.048366
0 0.365809 0.203268 0.056618 0.032680
0 0.419118 0.208497 0.029412 0.035294
0 0.491544 0.160131 0.018382 0.027451
0 0.435294 0.179085 0.047059 0.033987
0 0.416912 0.167320 0.038235 0.031373
0 0.440441 0.143791 0.036765 0.028758
1 0.446691 0.108497 0.047794 0.047059
0 0.463971 0.081699 0.011765 0.016993
0 0.447794 0.086275 0.014706 0.015686
0 0.455147 0.077124 0.016176 0.018301
0 0.447059 0.081699 0.010294 0.016993
0 0.529412 0.075817 0.011765 0.015686
0 0.529779 0.069935 0.009559 0.014379
0 0.480147 0.030065 0.005882 0.010458
0 0.488603 0.038562 0.006618 0.011765
0 0.512132 0.042484 0.012500 0.011765
0 0.525735 0.047712 0.016176 0.011765
0 0.514338 0.049673 0.013971 0.010458
0 0.518015 0.054902 0.015441 0.013072
0 0.525000 0.063399 0.008824 0.014379
0 0.521691 0.057516 0.009559 0.015686
0 0.545221 0.103922 0.013971 0.019608
