1 0.172426 0.940523 0.178676 0.118954
7 0.045956 0.659477 0.030147 0.082353
7 0.013603 0.633987 0.027206 0.044444
4 0.055147 0.523529 0.107353 0.108497
7 0.094853 0.384314 0.016176 0.052288
7 0.100735 0.315033 0.029412 0.039216
7 0.134926 0.205229 0.025735 0.028758
7 0.141912 0.194771 0.022059 0.028758
1 0.173529 0.156863 0.050000 0.044444
1 0.192647 0.105229 0.044118 0.032680
1 0.253676 0.186275 0.051471 0.050980
1 0.372059 0.767320 0.064706 0.193464
7 0.760294 0.726797 0.039706 0.086275
7 0.693015 0.555556 0.037500 0.044444
1 0.930147 0.738562 0.089706 0.086275
1 0.913603 0.947059 0.131618 0.105882
7 0.877574 0.650980 0.044853 0.049673
7 0.864338 0.635948 0.044853 0.048366
7 0.831250 0.600654 0.044853 0.048366
7 0.811397 0.584967 0.053676 0.043137
7 0.814706 0.569935 0.045588 0.039216
7 0.808088 0.554902 0.045588 0.040523
7 0.790809 0.533987 0.043382 0.040523
7 0.663235 0.520915 0.019118 0.056209
0 0.602574 0.471242 0.038971 0.032680
5 0.663603 0.441176 0.053676 0.077124
4 0.725000 0.426144 0.057353 0.073203
4 0.664338 0.378431 0.056618 0.045752
0 0.638971 0.325490 0.030882 0.039216
2 0.736765 0.859477 0.116176 0.105882
1 0.649265 0.685621 0.070588 0.139869
1 0.572794 0.528758 0.070588 0.111111
1 0.465809 0.471242 0.055147 0.092810
7 0.175000 0.701307 0.042647 0.058824
7 0.163971 0.686928 0.047059 0.048366
7 0.213971 0.673203 0.044118 0.049673
7 0.216912 0.630065 0.044118 0.049673
7 0.193750 0.652288 0.043382 0.052288
7 0.195956 0.550327 0.036029 0.044444
7 0.268015 0.513725 0.019853 0.057516
0 0.197059 0.335294 0.016176 0.053595
0 0.224265 0.341176 0.016176 0.052288
7 0.227574 0.298693 0.025735 0.037908
1 0.368750 0.360784 0.046324 0.104575
1 0.353309 0.269281 0.033088 0.065359
1 0.293015 0.430719 0.080147 0.105882
1 0.272794 0.383660 0.039706 0.084967
1 0.268750 0.316993 0.038971 0.074510
1 0.270956 0.254248 0.033088 0.061438
1 0.275735 0.160131 0.026471 0.043137
1 0.406250 0.513072 0.052206 0.116340
1 0.325000 0.082353 0.023529 0.039216
1 0.412500 0.125490 0.025000 0.039216
1 0.498529 0.340523 0.044118 0.066667
7 0.310294 0.189542 0.008824 0.028758
7 0.315074 0.348366 0.015441 0.043137
7 0.335294 0.663399 0.020588 0.053595
7 0.303309 0.785621 0.027206 0.073203
7 0.426103 0.231373 0.011029 0.033987
7 0.389706 0.227451 0.010294 0.028758
7 0.407353 0.190850 0.010294 0.028758
7 0.390074 0.162092 0.009559 0.023529
4 0.429044 0.311111 0.027206 0.057516
2 0.338971 0.165359 0.026471 0.056209
1 0.272426 0.075163 0.027206 0.037908
2 0.302574 0.032680 0.018382 0.041830
1 0.393750 0.075817 0.021324 0.033987
1 0.384926 0.052941 0.021324 0.030065
1 0.380515 0.041830 0.022794 0.026144
1 0.365441 0.015033 0.020588 0.030065
1 0.450000 0.105229 0.050000 0.032680
7 0.515074 0.279085 0.031618 0.032680
7 0.504412 0.130065 0.010294 0.027451
7 0.513971 0.130719 0.011765 0.031373
0 0.537132 0.120915 0.012500 0.019608
0 0.454779 0.275817 0.009559 0.039216
