2 0.041544 0.918954 0.083088 0.135948
0 0.238235 0.262092 0.055882 0.053595
0 0.265074 0.194118 0.043382 0.045752
0 0.345221 0.781046 0.068382 0.173856
0 0.324265 0.655556 0.050000 0.145098
0 0.326471 0.533987 0.047059 0.113725
0 0.336765 0.424837 0.039706 0.083660
0 0.324265 0.315686 0.060294 0.066667
0 0.352574 0.274510 0.028676 0.057516
0 0.730147 0.950327 0.094118 0.099346
0 0.940809 0.739869 0.118382 0.104575
0 0.617279 0.598693 0.058088 0.109804
0 0.510662 0.230719 0.027206 0.043137
0 0.358824 0.149020 0.020588 0.041830
0 0.355882 0.086928 0.017647 0.030065
0 0.343750 0.066013 0.036029 0.027451
0 0.359926 0.039216 0.013971 0.026144
0 0.390809 0.124183 0.019853 0.036601
0 0.394118 0.081046 0.017647 0.031373
0 0.426103 0.103268 0.019853 0.033987
0 0.428309 0.068627 0.018382 0.030065
0 0.553676 0.199346 0.055882 0.040523
0 0.548897 0.184967 0.046324 0.035294
0 0.529412 0.135294 0.044118 0.030065
0 0.518015 0.113072 0.041912 0.035294
0 0.529044 0.097386 0.027206 0.035294
0 0.444485 0.171895 0.024265 0.037908
0 0.491544 0.156209 0.024265 0.037908
0 0.481250 0.124183 0.022794 0.033987
0 0.475368 0.105229 0.019853 0.030065
0 0.511029 0.071895 0.023529 0.026144
0 0.462132 0.067974 0.018382 0.031373
0 0.458824 0.055556 0.017647 0.024837
0 0.451471 0.030065 0.014706 0.023529
0 0.443382 0.008497 0.013235 0.016993
0 0.464706 0.008497 0.019118 0.016993
