0 0.350000 0.722222 0.051471 0.108497
0 0.460662 0.501961 0.025735 0.047059
0 0.429412 0.433987 0.020588 0.036601
0 0.397059 0.450980 0.023529 0.041830
0 0.357721 0.453595 0.024265 0.039216
0 0.386397 0.396732 0.018382 0.035294
0 0.431250 0.371895 0.016912 0.027451
0 0.537500 0.519608 0.029412 0.045752
0 0.601103 0.575817 0.031618 0.050980
0 0.659559 0.730719 0.058824 0.088889
0 0.689338 0.660131 0.052206 0.067974
0 0.618015 0.531373 0.036029 0.045752
0 0.639706 0.490196 0.032353 0.041830
0 0.559559 0.479085 0.029412 0.043137
0 0.507721 0.417647 0.021324 0.037908
0 0.501103 0.388889 0.019853 0.024837
0 0.544118 0.432680 0.026471 0.039216
0 0.576103 0.433333 0.028676 0.035294
0 0.596324 0.423529 0.025000 0.031373
0 0.526471 0.402614 0.019118 0.028758
0 0.647794 0.407190 0.038235 0.024837
0 0.174632 0.684314 0.058088 0.105882
0 0.311765 0.360784 0.032353 0.023529
0 0.311397 0.350980 0.031618 0.022222
0 0.486029 0.931373 0.063235 0.129412
0 0.451838 0.347059 0.015441 0.024837
0 0.410294 0.345752 0.014706 0.024837
0 0.429044 0.328758 0.015441 0.024837
0 0.486765 0.356209 0.014706 0.024837
0 0.518382 0.350980 0.014706 0.024837
0 0.525735 0.329412 0.014706 0.020915
0 0.495588 0.337255 0.014706 0.020915
0 0.473162 0.318954 0.012500 0.020915
0 0.427941 0.258824 0.008824 0.013072
0 0.407721 0.274510 0.009559 0.013072
0 0.391912 0.311765 0.011765 0.019608
0 0.394853 0.284967 0.010294 0.013072
0 0.393750 0.269281 0.009559 0.013072
0 0.424632 0.304575 0.012500 0.023529
0 0.423529 0.300000 0.014706 0.024837
0 0.408824 0.324837 0.014706 0.024837
0 0.409191 0.309150 0.012500 0.024837
0 0.409926 0.297386 0.013971 0.016993
0 0.421324 0.281699 0.010294 0.016993
0 0.416912 0.270588 0.008824 0.015686
0 0.404779 0.266013 0.009559 0.014379
0 0.417279 0.260784 0.008088 0.014379
0 0.406250 0.254902 0.009559 0.010458
0 0.458456 0.291503 0.009559 0.015686
0 0.486765 0.288235 0.008824 0.014379
0 0.475000 0.300000 0.008824 0.014379
0 0.488235 0.312418 0.010294 0.018301
0 0.501471 0.322876 0.010294 0.018301
0 0.496324 0.305882 0.008824 0.018301
0 0.473162 0.289542 0.009559 0.016993
0 0.477206 0.279085 0.008824 0.014379
0 0.453676 0.280392 0.008824 0.014379
0 0.460294 0.272549 0.008824 0.014379
0 0.463971 0.263399 0.008824 0.014379
0 0.444118 0.264706 0.008824 0.014379
0 0.456985 0.264052 0.009559 0.013072
0 0.452574 0.261438 0.009559 0.013072
1 0.549265 0.375817 0.039706 0.069281
0 0.976471 0.667974 0.044118 0.060131
0 0.975735 0.666667 0.044118 0.060131
0 0.916544 0.582353 0.069853 0.050980
0 0.792279 0.473856 0.058088 0.035294
