1 0.946324 0.752288 0.107353 0.121569
2 0.244853 0.834641 0.122059 0.121569
2 0.432353 0.774510 0.117647 0.137255
4 0.563971 0.756863 0.054412 0.054902
7 0.068015 0.684314 0.040441 0.048366
3 0.184926 0.569281 0.077206 0.181699
5 0.438971 0.535948 0.092647 0.091503
5 0.632721 0.528105 0.058088 0.083660
5 0.621691 0.434641 0.058088 0.082353
0 0.573162 0.235948 0.009559 0.032680
7 0.864706 0.300000 0.011765 0.035294
5 0.698529 0.006536 0.013235 0.013072
0 0.738971 0.133333 0.016176 0.020915
4 0.938235 0.124183 0.020588 0.028758
3 0.961765 0.074510 0.075000 0.109804
1 0.810294 0.111765 0.035294 0.048366
