0 0.976302 0.431944 0.043229 0.030556
2 0.932292 0.337963 0.037500 0.022222
0 0.563542 0.394444 0.036458 0.022222
0 0.475260 0.950926 0.057812 0.098148
2 0.388542 0.783333 0.061458 0.137037
0 0.321094 0.778704 0.051562 0.105556
0 0.477604 0.669907 0.033333 0.060185
0 0.342708 0.608796 0.035417 0.071296
0 0.514844 0.581944 0.027604 0.047222
0 0.506250 0.511111 0.023958 0.037037
0 0.510677 0.431019 0.018229 0.028704
0 0.495052 0.392593 0.015104 0.022222
0 0.398177 0.425926 0.018229 0.031481
0 0.383333 0.352315 0.028125 0.017593
0 0.489844 0.355093 0.011979 0.019444
0 0.092969 0.338889 0.024479 0.018519
0 0.062760 0.371759 0.035937 0.021296
0 0.012760 0.336111 0.024479 0.016667
0 0.018490 0.333333 0.021354 0.016667
0 0.034115 0.328241 0.028646 0.017593
0 0.039062 0.326389 0.025000 0.015741
0 0.042969 0.323611 0.023438 0.015741
0 0.051823 0.302315 0.013021 0.013889
0 0.064323 0.300000 0.009896 0.014815
0 0.080469 0.301389 0.014063 0.013889
2 0.098177 0.297222 0.019271 0.020370
2 0.130990 0.290278 0.030729 0.023148
0 0.446875 0.369907 0.014583 0.021296
2 0.415885 0.389815 0.017188 0.029630
2 0.415365 0.356944 0.022396 0.045370
0 0.421354 0.340741 0.011458 0.018519
0 0.437500 0.349074 0.012500 0.020370
0 0.466667 0.347685 0.011458 0.017593
0 0.447656 0.331019 0.010937 0.017593
0 0.464844 0.312963 0.009896 0.014815
0 0.403385 0.318519 0.010937 0.014815
0 0.430469 0.318056 0.009896 0.015741
0 0.480729 0.306481 0.009375 0.014815
1 0.488021 0.318519 0.016667 0.037037
0 0.467187 0.293056 0.008333 0.012037
0 0.467187 0.266204 0.007292 0.010185
0 0.477083 0.273611 0.006250 0.010185
2 0.478646 0.283796 0.009375 0.021296
0 0.430469 0.300000 0.009896 0.016667
0 0.431250 0.289815 0.008333 0.012963
0 0.450521 0.288889 0.008333 0.011111
0 0.434115 0.254167 0.005729 0.010185
0 0.442448 0.263889 0.006771 0.011111
0 0.453385 0.264352 0.005729 0.010185
0 0.442969 0.254167 0.005729 0.010185
0 0.445833 0.249537 0.005208 0.010185
2 0.453646 0.254167 0.007292 0.017593
0 0.454687 0.253704 0.005208 0.009259
2 0.443490 0.231481 0.005729 0.009259
0 0.447135 0.234259 0.004687 0.007407
0 0.449219 0.230093 0.004687 0.006481
2 0.445833 0.240741 0.006250 0.012963
2 0.455208 0.241667 0.005208 0.009259
0 0.455990 0.235648 0.004687 0.006481
0 0.473177 0.240278 0.004687 0.006481
0 0.472917 0.231944 0.004167 0.006481
0 0.464583 0.234259 0.004167 0.007407
2 0.463542 0.231019 0.005208 0.008333
0 0.324740 0.334259 0.028646 0.018519
