0 0.424479 0.900926 0.076042 0.101852
0 0.438021 0.779630 0.080208 0.070370
0 0.536979 0.789815 0.036458 0.075926
0 0.565625 0.476852 0.041667 0.038889
0 0.603125 0.508333 0.020833 0.038889
0 0.559375 0.398148 0.012500 0.018519
0 0.590625 0.391667 0.010417 0.024074
0 0.588021 0.370370 0.009375 0.014815
0 0.537500 0.343519 0.008333 0.012963
2 0.533854 0.353704 0.011458 0.022222
0 0.584375 0.316667 0.006250 0.014815
0 0.567708 0.297222 0.008333 0.009259
0 0.556771 0.290741 0.005208 0.007407
0 0.525521 0.403704 0.015625 0.025926
