0 0.387500 0.894444 0.050000 0.096296
0 0.391146 0.780556 0.038542 0.087037
0 0.775000 0.550926 0.066667 0.053704
2 0.828125 0.529630 0.083333 0.062963
0 0.730208 0.528704 0.058333 0.042593
0 0.654167 0.546296 0.064583 0.037037
0 0.650521 0.518519 0.055208 0.037037
0 0.826042 0.449074 0.027083 0.042593
0 0.778646 0.444444 0.023958 0.040741
0 0.741146 0.434259 0.026042 0.053704
0 0.676562 0.434259 0.023958 0.038889
0 0.642188 0.428704 0.019792 0.042593
0 0.614062 0.431481 0.019792 0.040741
0 0.588021 0.431481 0.019792 0.040741
0 0.642708 0.385185 0.033333 0.022222
0 0.651563 0.406481 0.042708 0.027778
0 0.528125 0.423148 0.018750 0.038889
0 0.560937 0.425926 0.017708 0.037037
0 0.617188 0.382407 0.030208 0.027778
0 0.599479 0.379630 0.026042 0.025926
0 0.584896 0.374074 0.026042 0.025926
0 0.545312 0.365741 0.026042 0.027778
0 0.532813 0.362963 0.026042 0.025926
2 0.564583 0.363889 0.037500 0.031481
0 0.469271 0.390741 0.030208 0.025926
0 0.460417 0.384259 0.027083 0.024074
0 0.399479 0.557407 0.057292 0.055556
