5 0.016912 0.048366 0.033824 0.044444
1 0.056250 0.079085 0.047794 0.035294
4 0.054779 0.052288 0.040441 0.023529
1 0.082721 0.041830 0.046324 0.036601
1 0.099265 0.018954 0.047059 0.030065
1 0.140809 0.014379 0.028676 0.028758
7 0.191176 0.007843 0.008824 0.015686
1 0.146691 0.054902 0.021324 0.033987
1 0.109559 0.115033 0.029412 0.044444
7 0.083088 0.092810 0.013235 0.023529
0 0.040074 0.096732 0.015441 0.023529
1 0.028309 0.129412 0.043382 0.052288
0 0.052574 0.137255 0.011029 0.026144
1 0.012500 0.164052 0.025000 0.045752
2 0.053309 0.376471 0.074265 0.081046
1 0.278676 0.007190 0.017647 0.014379
1 0.266544 0.015686 0.040441 0.023529
1 0.262500 0.026144 0.042647 0.026144
1 0.258456 0.039869 0.034559 0.027451
7 0.207353 0.037908 0.007353 0.023529
7 0.200000 0.072549 0.005882 0.022222
1 0.224265 0.065359 0.025000 0.031373
1 0.262868 0.051634 0.037500 0.035294
1 0.248897 0.086928 0.044853 0.035294
1 0.227574 0.113072 0.028676 0.048366
1 0.207721 0.143137 0.050735 0.035294
7 0.256985 0.132026 0.018382 0.020915
7 0.255882 0.166667 0.022059 0.027451
2 0.215809 0.180392 0.063971 0.049673
0 0.177941 0.188235 0.013235 0.028758
4 0.263603 0.200000 0.012500 0.031373
5 0.238603 0.190196 0.037500 0.043137
2 0.216176 0.226797 0.076471 0.061438
4 0.282353 0.186928 0.016176 0.036601
1 0.185294 0.259477 0.067647 0.050980
2 0.198529 0.280392 0.079412 0.069281
7 0.356618 0.144444 0.007353 0.032680
5 0.194485 0.320261 0.038971 0.081046
7 0.145221 0.333987 0.021324 0.035294
4 0.151838 0.379085 0.033088 0.065359
1 0.121691 0.446405 0.097794 0.082353
1 0.076471 0.536601 0.123529 0.118954
4 0.056250 0.483660 0.069853 0.081046
5 0.051838 0.652288 0.066912 0.138562
7 0.017647 0.609804 0.029412 0.043137
1 0.036397 0.766667 0.072794 0.121569
4 0.029779 0.928758 0.059559 0.124183
7 0.062500 0.952288 0.041176 0.095425
7 0.070588 0.873856 0.032353 0.092810
7 0.364706 0.116340 0.008824 0.031373
5 0.655515 0.141176 0.030147 0.052288
4 0.633824 0.133333 0.032353 0.026144
4 0.653676 0.178431 0.038235 0.030065
0 0.617647 0.190850 0.017647 0.023529
7 0.748162 0.032680 0.013971 0.015686
7 0.772059 0.056209 0.010294 0.020915
0 0.990809 0.111765 0.015441 0.024837
4 0.914706 0.413072 0.066176 0.054902
0 0.987132 0.235294 0.025735 0.031373
