1 0.582353 0.162092 0.017647 0.028758
1 0.620956 0.177778 0.031618 0.023529
1 0.682353 0.156863 0.030882 0.018301
1 0.599632 0.211765 0.018382 0.023529
1 0.655882 0.254248 0.038235 0.037908
1 0.671324 0.229412 0.017647 0.030065
1 0.686397 0.345752 0.052206 0.032680
1 0.727941 0.399346 0.052941 0.045752
1 0.778309 0.462745 0.072794 0.052288
1 0.726103 0.647059 0.087500 0.073203
1 0.245956 0.240523 0.034559 0.028758
1 0.178676 0.424837 0.058824 0.049673
1 0.209559 0.387582 0.039706 0.035294
1 0.268750 0.357516 0.031618 0.045752
1 0.326103 0.239869 0.016912 0.037908
1 0.341912 0.539869 0.048529 0.073203
1 0.530147 0.898693 0.047059 0.147712
1 0.818750 0.749673 0.080147 0.082353
2 0.422059 0.541830 0.029412 0.090196
2 0.496691 0.710458 0.033088 0.098039
2 0.245956 0.835294 0.059559 0.183007
3 0.338603 0.186928 0.025735 0.062745
3 0.121691 0.528105 0.078676 0.096732
4 0.198162 0.485621 0.028676 0.053595
3 0.625368 0.277778 0.030147 0.066667
3 0.913235 0.573856 0.117647 0.078431
4 0.587500 0.528105 0.027941 0.049673
7 0.341912 0.682353 0.035294 0.033987
7 0.556985 0.545752 0.009559 0.032680
4 0.654412 0.750980 0.063235 0.043137
0 0.741912 0.743137 0.008824 0.043137
0 0.129412 0.720261 0.011765 0.041830
7 0.142279 0.281699 0.011029 0.019608
7 0.209559 0.203268 0.013235 0.016993
7 0.976471 0.532026 0.019118 0.033987
7 0.783088 0.293464 0.011765 0.022222
7 0.161397 0.243791 0.015441 0.014379
4 0.759559 0.554902 0.060294 0.040523
3 0.626103 0.493464 0.049265 0.103268
1 0.608824 0.243791 0.019118 0.032680
1 0.536765 0.232026 0.020588 0.037908
1 0.461397 0.177778 0.013971 0.028758
1 0.468750 0.105882 0.011029 0.026144
1 0.424265 0.175163 0.016176 0.026144
1 0.488603 0.088889 0.009559 0.013072
1 0.469118 0.064706 0.008824 0.022222
1 0.502941 0.046405 0.007353 0.014379
1 0.520221 0.084967 0.012500 0.018301
1 0.460294 0.032026 0.007353 0.011765
3 0.489338 0.050327 0.012500 0.024837
1 0.573162 0.083660 0.021324 0.020915
1 0.631985 0.123529 0.022794 0.016993
1 0.616176 0.112418 0.026471 0.018301
1 0.602206 0.032680 0.019118 0.015686
1 0.597059 0.020915 0.014706 0.013072
2 0.591912 0.049673 0.017647 0.015686
1 0.560662 0.058824 0.022794 0.015686
1 0.554779 0.070588 0.011029 0.015686
1 0.555882 0.075163 0.010294 0.006536
1 0.595588 0.077124 0.026471 0.018301
1 0.581250 0.045098 0.019853 0.014379
1 0.578309 0.039869 0.019853 0.016993
1 0.546324 0.045752 0.013235 0.015686
1 0.541176 0.037255 0.017647 0.022222
1 0.537868 0.008497 0.008088 0.014379
1 0.491912 0.019608 0.007353 0.013072
2 0.475000 0.026797 0.011765 0.022222
1 0.473162 0.012418 0.008088 0.011765
1 0.501838 0.008497 0.008088 0.016993
1 0.488971 0.015033 0.004412 0.014379
1 0.393015 0.083007 0.008088 0.022222
7 0.509191 0.185621 0.009559 0.020915
7 0.432721 0.188235 0.013971 0.015686
7 0.563971 0.454902 0.011765 0.028758
