2 0.429412 0.579739 0.036765 0.103268
1 0.630147 0.580392 0.041176 0.078431
4 0.606250 0.472549 0.015441 0.043137
0 0.408088 0.384314 0.010294 0.028758
1 0.582721 0.360784 0.022794 0.039216
3 0.701838 0.884314 0.106618 0.231373
1 0.066912 0.810458 0.100000 0.143791
1 0.026103 0.728105 0.052206 0.086275
1 0.236765 0.504575 0.039706 0.062745
4 0.845588 0.693464 0.039706 0.071895
1 0.937132 0.676471 0.109559 0.092810
0 0.792647 0.478431 0.008824 0.033987
0 0.908456 0.488889 0.009559 0.028758
0 0.896691 0.400000 0.006618 0.026144
2 0.827941 0.411111 0.044118 0.058824
3 0.830515 0.562745 0.066912 0.124183
1 0.767279 0.566667 0.052206 0.084967
2 0.723162 0.458170 0.036029 0.058824
2 0.694485 0.396078 0.025735 0.054902
1 0.683088 0.358824 0.030882 0.045752
1 0.656618 0.320915 0.027941 0.045752
2 0.180515 0.425490 0.081618 0.061438
1 0.146691 0.392157 0.030147 0.049673
0 0.086029 0.399346 0.008824 0.040523
0 0.088603 0.360784 0.011029 0.026144
1 0.201103 0.318954 0.031618 0.039216
2 0.288603 0.382353 0.031618 0.053595
0 0.158088 0.296732 0.013235 0.020915
2 0.184926 0.271895 0.025735 0.039216
1 0.459191 0.275817 0.015441 0.031373
0 0.540441 0.294118 0.004412 0.020915
4 0.544118 0.255556 0.010294 0.030065
1 0.459559 0.200000 0.013235 0.023529
1 0.465809 0.158170 0.009559 0.018301
1 0.461765 0.133333 0.008824 0.013072
1 0.316176 0.200000 0.029412 0.020915
1 0.320221 0.197386 0.025735 0.020915
1 0.325368 0.190850 0.024265 0.018301
1 0.328309 0.188235 0.028676 0.018301
2 0.333088 0.179085 0.026471 0.020915
2 0.336765 0.177124 0.023529 0.022222
2 0.325368 0.152288 0.019853 0.019608
0 0.218382 0.245752 0.008824 0.013072
0 0.270221 0.196078 0.006618 0.015686
1 0.629044 0.186275 0.012500 0.022222
2 0.630515 0.129412 0.021324 0.018301
2 0.616912 0.111111 0.008824 0.018301
2 0.629044 0.111111 0.011029 0.018301
2 0.609559 0.105229 0.016176 0.014379
