0 0.822059 0.577778 0.051471 0.060131
0 0.513603 0.421569 0.025735 0.045752
0 0.406618 0.356863 0.023529 0.047059
0 0.242647 0.522876 0.047059 0.062745
0 0.268015 0.471895 0.038971 0.057516
0 0.350368 0.290850 0.022794 0.035294
0 0.367279 0.255556 0.019853 0.030065
0 0.381250 0.224837 0.018382 0.026144
0 0.359559 0.203922 0.033824 0.020915
0 0.415809 0.186275 0.028676 0.022222
0 0.400000 0.141830 0.011765 0.019608
0 0.312500 0.376471 0.029412 0.054902
0 0.535294 0.248366 0.017647 0.026144
0 0.530515 0.213725 0.030147 0.024837
0 0.499632 0.209150 0.013971 0.020915
0 0.511397 0.185621 0.013971 0.020915
0 0.508088 0.161438 0.011765 0.019608
0 0.483456 0.159477 0.012500 0.020915
0 0.649265 0.306536 0.041176 0.040523
0 0.647426 0.281699 0.028676 0.027451
0 0.619485 0.243791 0.019853 0.035294
0 0.399265 0.126144 0.010294 0.016993
0 0.508088 0.124183 0.008824 0.013072
0 0.498897 0.103268 0.018382 0.013072
0 0.514706 0.103268 0.017647 0.013072
0 0.507353 0.115686 0.010294 0.011765
