0 0.503676 0.618954 0.041176 0.090196
0 0.504412 0.369281 0.029412 0.056209
0 0.502206 0.288235 0.023529 0.043137
0 0.470588 0.234641 0.019118 0.037908
0 0.511397 0.190850 0.018382 0.028758
0 0.542647 0.162092 0.016176 0.026144
0 0.677574 0.955556 0.066912 0.088889
0 0.727941 0.794118 0.101471 0.111111
0 0.217279 0.810458 0.124265 0.099346
0 0.150735 0.953595 0.129412 0.092810
0 0.572794 0.445752 0.039706 0.067974
0 0.574265 0.346405 0.029412 0.047059
0 0.581985 0.391503 0.025735 0.050980
0 0.554044 0.320261 0.052206 0.044444
0 0.550735 0.281046 0.022059 0.036601
0 0.399632 0.353595 0.028676 0.058824
0 0.411765 0.318301 0.027941 0.050980
0 0.446691 0.192810 0.018382 0.040523
0 0.475735 0.185621 0.017647 0.033987
0 0.479779 0.206536 0.016912 0.036601
0 0.400000 0.235294 0.033824 0.033987
0 0.278676 0.592810 0.095588 0.079739
0 0.708088 0.688235 0.104412 0.087582
0 0.566176 0.138562 0.030882 0.023529
0 0.569853 0.149673 0.026471 0.024837
0 0.417279 0.181699 0.033088 0.031373
2 0.477206 0.062092 0.017647 0.037908
