1 0.891912 0.939216 0.080882 0.121569
7 0.973897 0.836601 0.030147 0.054902
7 0.928676 0.759477 0.038235 0.033987
7 0.920588 0.735948 0.035294 0.039216
1 0.782353 0.573856 0.086765 0.073203
2 0.611029 0.479739 0.035294 0.096732
7 0.173897 0.478431 0.030147 0.033987
7 0.189338 0.561438 0.022794 0.048366
7 0.164706 0.582353 0.032353 0.037908
7 0.162132 0.566013 0.033088 0.036601
7 0.174265 0.319608 0.011765 0.035294
1 0.228309 0.360784 0.046324 0.078431
1 0.276838 0.556209 0.040441 0.113725
7 0.256250 0.115033 0.012500 0.031373
1 0.266544 0.158824 0.046324 0.061438
5 0.289706 0.049020 0.041176 0.050980
7 0.433456 0.387582 0.012500 0.040523
7 0.449632 0.166013 0.008088 0.033987
1 0.525000 0.184967 0.029412 0.056209
2 0.502206 0.047712 0.025000 0.053595
1 0.628676 0.135294 0.055882 0.043137
1 0.625735 0.093464 0.058824 0.037908
7 0.550735 0.100000 0.010294 0.030065
7 0.528676 0.026144 0.007353 0.028758
4 0.563971 0.065359 0.019118 0.049673
7 0.536029 0.052941 0.008824 0.027451
