5 0.138235 0.895425 0.057353 0.117647
1 0.220221 0.772549 0.056618 0.109804
1 0.230515 0.672549 0.084559 0.079739
0 0.142647 0.770588 0.032353 0.043137
4 0.022426 0.630719 0.044853 0.056209
1 0.038603 0.547059 0.077206 0.053595
4 0.114338 0.577778 0.052206 0.044444
1 0.185662 0.548366 0.081618 0.056209
1 0.211029 0.502614 0.069118 0.050980
4 0.159191 0.457516 0.052206 0.039216
7 0.095221 0.445752 0.027206 0.028758
1 0.090074 0.426144 0.068382 0.041830
2 0.019485 0.421569 0.038971 0.048366
2 0.056985 0.380392 0.031618 0.044444
2 0.107721 0.384314 0.047794 0.039216
4 0.192647 0.401961 0.038235 0.027451
7 0.160662 0.368627 0.013971 0.031373
1 0.197059 0.366013 0.036765 0.036601
2 0.239338 0.336601 0.037500 0.066667
2 0.265809 0.349020 0.028676 0.047059
4 0.278309 0.336601 0.022794 0.019608
7 0.394853 0.442484 0.022059 0.024837
7 0.316912 0.269935 0.011765 0.016993
7 0.340809 0.261438 0.009559 0.018301
1 0.366544 0.335948 0.024265 0.039216
4 0.373162 0.273856 0.012500 0.024837
1 0.409559 0.337255 0.022059 0.036601
2 0.417647 0.305882 0.020588 0.036601
2 0.415441 0.283007 0.017647 0.030065
1 0.444853 0.336601 0.020588 0.035294
1 0.445221 0.309150 0.019853 0.032680
1 0.449265 0.281699 0.017647 0.030065
1 0.422059 0.264052 0.016176 0.026144
1 0.423529 0.244444 0.016176 0.026144
1 0.393382 0.235294 0.017647 0.026144
2 0.451838 0.256863 0.013971 0.030065
2 0.456985 0.241830 0.012500 0.033987
2 0.452206 0.230719 0.013235 0.024837
2 0.375735 0.195425 0.029412 0.022222
2 0.400735 0.198039 0.026471 0.024837
1 0.404779 0.207843 0.012500 0.020915
6 0.442647 0.181699 0.029412 0.049673
1 0.398897 0.177124 0.022794 0.016993
1 0.416912 0.178431 0.011765 0.019608
1 0.430882 0.181046 0.011765 0.019608
1 0.399265 0.158824 0.023529 0.014379
1 0.404412 0.155556 0.023529 0.018301
1 0.412868 0.150327 0.021324 0.015686
1 0.431250 0.150980 0.011029 0.016993
2 0.429412 0.140523 0.022059 0.014379
7 0.460294 0.112418 0.002941 0.010458
2 0.407721 0.139869 0.016912 0.015686
1 0.434926 0.136601 0.008088 0.014379
2 0.420221 0.128105 0.016912 0.018301
2 0.430147 0.118954 0.017647 0.015686
1 0.441912 0.114379 0.011765 0.011765
1 0.431250 0.111111 0.015441 0.013072
1 0.428676 0.106536 0.019118 0.011765
1 0.431618 0.104575 0.016176 0.010458
1 0.430882 0.102614 0.017647 0.011765
1 0.447794 0.096078 0.005882 0.011765
2 0.434559 0.101307 0.016176 0.014379
1 0.442279 0.072549 0.012500 0.009150
2 0.484191 0.103922 0.006618 0.014379
4 0.503676 0.143137 0.005882 0.011765
2 0.489338 0.167320 0.015441 0.020915
1 0.500368 0.188235 0.024265 0.018301
0 0.470588 0.197386 0.004412 0.013072
1 0.844118 0.695425 0.052941 0.075817
1 0.712868 0.543791 0.052206 0.060131
1 0.705515 0.466667 0.062500 0.044444
0 0.718382 0.444444 0.019118 0.028758
4 0.795221 0.452288 0.052206 0.049673
4 0.897426 0.450327 0.053676 0.045752
7 0.513235 0.441176 0.017647 0.024837
0 0.525368 0.436601 0.021324 0.023529
6 0.629044 0.302614 0.038971 0.079739
0 0.589338 0.290196 0.005147 0.020915
0 0.600000 0.273856 0.004412 0.016993
2 0.648897 0.253595 0.027206 0.028758
2 0.596691 0.213725 0.011029 0.027451
2 0.588235 0.196732 0.016176 0.022222
2 0.613603 0.195425 0.011029 0.024837
1 0.574632 0.176471 0.012500 0.015686
3 0.592279 0.168627 0.024265 0.020915
4 0.562132 0.169935 0.006618 0.013072
1 0.590809 0.161438 0.016912 0.011765
1 0.588603 0.156209 0.019853 0.014379
2 0.578309 0.150980 0.018382 0.019608
2 0.584559 0.139216 0.017647 0.016993
2 0.572426 0.128758 0.016912 0.016993
2 0.570221 0.124183 0.021324 0.015686
1 0.552574 0.129412 0.009559 0.013072
1 0.570221 0.126797 0.016912 0.010458
2 0.564706 0.116340 0.014706 0.013072
2 0.564706 0.114379 0.014706 0.011765
2 0.561029 0.111765 0.013235 0.014379
4 0.555882 0.139869 0.005882 0.010458
0 0.527574 0.101961 0.002206 0.007843
4 0.513603 0.078431 0.003676 0.007843
1 0.480515 0.052288 0.005147 0.005229
2 0.487132 0.052288 0.005147 0.007843
2 0.480147 0.041176 0.004412 0.006536
