0 0.100368 0.877124 0.103676 0.164706
0 0.516176 0.790850 0.054412 0.154248
0 0.501471 0.956863 0.061765 0.086275
0 0.827574 0.623529 0.077206 0.130719
0 0.388971 0.104575 0.016176 0.023529
1 0.285294 0.339216 0.075000 0.158170
1 0.371324 0.256209 0.050000 0.117647
0 0.716912 0.229412 0.057353 0.035294
0 0.711397 0.198693 0.055147 0.036601
0 0.697059 0.169935 0.052941 0.041830
2 0.378676 0.408497 0.111765 0.095425
0 0.040809 0.230719 0.065441 0.032680
0 0.051103 0.208497 0.061029 0.030065
0 0.149632 0.124183 0.047794 0.028758
0 0.156250 0.109150 0.049265 0.027451
