0 0.085938 0.782870 0.170833 0.160185
0 0.071615 0.715278 0.143229 0.126852
0 0.404167 0.698611 0.105208 0.119444
0 0.579167 0.699074 0.088542 0.103704
0 0.734115 0.880556 0.098437 0.168519
0 0.764583 0.759259 0.073958 0.122222
0 0.498437 0.610185 0.072917 0.083333
0 0.446875 0.572685 0.075000 0.100926
0 0.222396 0.615278 0.104167 0.093519
0 0.212500 0.551389 0.081250 0.075000
0 0.322917 0.559259 0.081250 0.072222
0 0.344271 0.493056 0.061458 0.058333
0 0.414323 0.513889 0.058854 0.059259
0 0.469792 0.490278 0.047917 0.056481
0 0.428385 0.480556 0.047396 0.042593
0 0.570052 0.570833 0.048438 0.065741
0 0.580469 0.529167 0.053646 0.054630
0 0.613021 0.498148 0.046875 0.046296
0 0.582812 0.475463 0.042708 0.050926
0 0.549740 0.442593 0.042188 0.040741
0 0.507031 0.458333 0.042188 0.042593
0 0.497135 0.420833 0.038021 0.043519
0 0.525521 0.417130 0.030208 0.032407
0 0.571875 0.421759 0.033333 0.039815
0 0.565625 0.399537 0.031250 0.028704
0 0.596875 0.409259 0.027083 0.027778
0 0.615885 0.399074 0.031771 0.029630
0 0.582812 0.384259 0.022917 0.029630
0 0.611458 0.383796 0.023958 0.026852
0 0.611198 0.371759 0.020313 0.026852
0 0.625521 0.364815 0.014583 0.024074
0 0.641406 0.360648 0.019271 0.021296
0 0.654427 0.381019 0.024479 0.030556
0 0.648177 0.474074 0.034896 0.038889
0 0.691667 0.487963 0.033333 0.046296
0 0.751563 0.558333 0.046875 0.057407
0 0.785937 0.675000 0.056250 0.092593
0 0.793229 0.604630 0.041667 0.070370
0 0.803125 0.569907 0.043750 0.062037
0 0.815104 0.529630 0.036458 0.050000
0 0.818490 0.498148 0.030729 0.035185
0 0.825521 0.484259 0.026042 0.044444
0 0.829427 0.463889 0.028646 0.044444
0 0.829167 0.443981 0.028125 0.037963
0 0.838281 0.431944 0.019271 0.032407
0 0.839323 0.421759 0.019271 0.039815
0 0.844531 0.404630 0.017188 0.024074
0 0.845833 0.387500 0.014583 0.023148
0 0.664323 0.447685 0.031771 0.050926
0 0.682031 0.431019 0.028646 0.047222
0 0.701302 0.419444 0.015104 0.029630
0 0.716927 0.453241 0.031771 0.045370
0 0.730729 0.420833 0.027083 0.032407
0 0.766146 0.428704 0.025000 0.037037
0 0.722135 0.397222 0.019271 0.033333
0 0.710417 0.409259 0.016667 0.027778
0 0.733333 0.389815 0.016667 0.027778
0 0.748177 0.403704 0.024479 0.029630
0 0.806510 0.425000 0.023438 0.035185
0 0.812500 0.405093 0.016667 0.021296
0 0.786198 0.395833 0.019271 0.025000
0 0.797135 0.382870 0.017188 0.026852
0 0.763281 0.387963 0.018229 0.025926
0 0.748177 0.372222 0.017188 0.024074
0 0.758594 0.363889 0.015104 0.022222
0 0.768229 0.355093 0.014583 0.017593
0 0.773958 0.374537 0.016667 0.028704
0 0.785677 0.362500 0.015104 0.019444
0 0.807031 0.368056 0.016146 0.019444
0 0.814063 0.357407 0.017708 0.022222
0 0.790885 0.344444 0.011979 0.016667
0 0.808594 0.342130 0.008854 0.015741
0 0.799219 0.336574 0.009896 0.013889
0 0.805469 0.329630 0.007812 0.012963
0 0.811458 0.320833 0.008333 0.012037
0 0.798438 0.327778 0.008333 0.011111
0 0.780990 0.337037 0.009896 0.016667
0 0.785156 0.325463 0.009896 0.012037
0 0.764323 0.326389 0.010937 0.015741
0 0.755208 0.337037 0.012500 0.016667
0 0.731510 0.344907 0.015104 0.019444
0 0.721354 0.337500 0.016667 0.017593
0 0.675260 0.375463 0.017188 0.025000
0 0.690625 0.368519 0.019792 0.024074
0 0.705469 0.358796 0.016146 0.023148
0 0.684375 0.345833 0.015625 0.017593
0 0.665885 0.346296 0.020313 0.024074
0 0.672917 0.355093 0.014583 0.015741
