1 0.568750 0.919608 0.041912 0.118954
1 0.722059 0.691503 0.042647 0.083660
1 0.473897 0.713072 0.033088 0.092810
0 0.300000 0.858170 0.016176 0.079739
1 0.755882 0.430065 0.045588 0.044444
7 0.608088 0.480392 0.008824 0.030065
1 0.508088 0.430719 0.025000 0.053595
1 0.462500 0.379739 0.023529 0.045752
2 0.386765 0.435294 0.025000 0.078431
1 0.413603 0.342484 0.019853 0.052288
1 0.458456 0.300654 0.019853 0.039216
1 0.627574 0.316340 0.038971 0.036601
4 0.682353 0.167974 0.019118 0.019608
7 0.640809 0.116340 0.009559 0.015686
1 0.580147 0.145098 0.026471 0.023529
2 0.559926 0.168627 0.019853 0.036601
0 0.543382 0.147712 0.002941 0.015686
3 0.452574 0.186928 0.015441 0.039216
1 0.410294 0.184967 0.017647 0.035294
2 0.446691 0.121569 0.015441 0.036601
5 0.425368 0.105882 0.008088 0.023529
3 0.479412 0.094771 0.017647 0.040523
1 0.590074 0.035294 0.025735 0.018301
1 0.563235 0.019608 0.023529 0.018301
1 0.526103 0.035294 0.012500 0.020915
3 0.569485 0.011111 0.043382 0.022222
0 0.505515 0.033987 0.003676 0.010458
0 0.507721 0.020261 0.003676 0.009150
0 0.502574 0.015686 0.005147 0.007843
4 0.517647 0.098039 0.004412 0.013072
1 0.277941 0.290850 0.023529 0.048366
7 0.466176 0.079739 0.004412 0.010458
7 0.466912 0.053595 0.004412 0.010458
3 0.304412 0.171895 0.025000 0.056209
1 0.326838 0.094771 0.015441 0.024837
1 0.333824 0.074510 0.013235 0.023529
2 0.343382 0.033333 0.011765 0.027451
1 0.350735 0.013072 0.011765 0.018301
7 0.363235 0.020261 0.002941 0.011765
1 0.115441 0.101307 0.022059 0.027451
0 0.150000 0.131373 0.013235 0.011765
1 0.201103 0.086928 0.031618 0.024837
1 0.226838 0.058824 0.013971 0.020915
7 0.774265 0.768627 0.017647 0.044444
