1 0.818750 0.584314 0.119853 0.094118
5 0.913603 0.526144 0.097794 0.121569
4 0.889706 0.368627 0.060294 0.065359
7 0.761765 0.473856 0.032353 0.050980
3 0.568750 0.538562 0.108088 0.104575
2 0.552206 0.385621 0.100000 0.091503
2 0.454779 0.388235 0.091912 0.088889
4 0.370588 0.564706 0.076471 0.067974
7 0.337868 0.488235 0.034559 0.045752
0 0.204412 0.606536 0.041176 0.067974
4 0.204412 0.390850 0.075000 0.075817
4 0.115809 0.400000 0.087500 0.088889
7 0.120588 0.447059 0.047059 0.060131
0 0.063971 0.424837 0.027941 0.054902
5 0.026103 0.403922 0.052206 0.086275
1 0.050735 0.177124 0.091176 0.069281
1 0.183088 0.171895 0.069118 0.071895
1 0.489338 0.143137 0.069853 0.053595
0 0.440809 0.124183 0.027206 0.033987
1 0.846691 0.130065 0.065441 0.053595
7 0.326103 0.074510 0.024265 0.031373
1 0.308456 0.011111 0.063971 0.022222
4 0.529044 0.063399 0.040441 0.035294
1 0.929779 0.024837 0.044853 0.047059
