0 0.394485 0.071242 0.003676 0.006536
0 0.395956 0.078431 0.003676 0.005229
0 0.387868 0.076471 0.003676 0.003922
0 0.386397 0.098039 0.005147 0.007843
0 0.380515 0.094771 0.005147 0.006536
0 0.376103 0.096732 0.003676 0.007843
0 0.396691 0.094118 0.005147 0.007843
0 0.396691 0.100654 0.005147 0.007843
0 0.406250 0.102614 0.005147 0.006536
0 0.402206 0.108497 0.004412 0.007843
2 0.405147 0.111111 0.005882 0.010458
0 0.397059 0.110458 0.005882 0.009150
0 0.369118 0.115033 0.005882 0.010458
0 0.400735 0.130719 0.007353 0.010458
0 0.398897 0.134641 0.008088 0.013072
0 0.400000 0.144444 0.007353 0.011765
0 0.420588 0.141830 0.007353 0.009150
0 0.420956 0.145098 0.005147 0.010458
0 0.424632 0.148366 0.008088 0.011765
0 0.352206 0.100000 0.005882 0.006536
0 0.348897 0.106536 0.005147 0.009150
0 0.341544 0.120261 0.006618 0.010458
0 0.337868 0.126797 0.006618 0.010458
0 0.332353 0.118954 0.010294 0.007843
0 0.330882 0.134641 0.007353 0.010458
0 0.447426 0.134641 0.009559 0.010458
0 0.450735 0.138562 0.008824 0.010458
0 0.448897 0.143791 0.009559 0.010458
2 0.454412 0.146405 0.008824 0.013072
0 0.428309 0.162092 0.009559 0.015686
0 0.430515 0.180392 0.011029 0.015686
0 0.401838 0.181046 0.011029 0.016993
0 0.396324 0.167320 0.010294 0.015686
0 0.360662 0.152288 0.008088 0.011765
0 0.356985 0.158824 0.009559 0.014379
0 0.312500 0.152941 0.008824 0.015686
0 0.322059 0.156209 0.010294 0.014379
0 0.324632 0.177778 0.009559 0.013072
0 0.313235 0.171242 0.011765 0.018301
0 0.307353 0.182353 0.011765 0.016993
0 0.466176 0.171895 0.014706 0.016993
0 0.473529 0.185621 0.013235 0.015686
0 0.477206 0.200000 0.010294 0.018301
0 0.488235 0.202614 0.016176 0.020915
0 0.437868 0.202614 0.011029 0.018301
0 0.383088 0.228758 0.013235 0.020915
0 0.345221 0.242484 0.015441 0.024837
0 0.238603 0.246405 0.030147 0.027451
0 0.247794 0.296732 0.026471 0.039216
0 0.198162 0.316340 0.041912 0.028758
0 0.192647 0.393464 0.035294 0.039216
0 0.148162 0.485621 0.040441 0.066667
0 0.373162 0.279739 0.016912 0.028758
0 0.406618 0.266013 0.017647 0.027451
0 0.465809 0.266667 0.028676 0.023529
0 0.366176 0.352288 0.023529 0.043137
0 0.444485 0.658170 0.044853 0.090196
0 0.501838 0.234641 0.016912 0.016993
0 0.502574 0.247059 0.013971 0.020915
0 0.517647 0.262092 0.035294 0.022222
0 0.514338 0.279739 0.018382 0.026144
0 0.529412 0.293464 0.020588 0.035294
0 0.541176 0.311765 0.022059 0.037908
0 0.569853 0.365359 0.025000 0.037908
0 0.602574 0.436601 0.033088 0.044444
0 0.633824 0.456863 0.054412 0.050980
0 0.672794 0.549673 0.050000 0.071895
0 0.713235 0.640523 0.055882 0.070588
0 0.767279 0.732026 0.077206 0.112418
0 0.986029 0.943137 0.027941 0.082353
0 0.890809 0.667974 0.108088 0.088889
0 0.845221 0.604575 0.093382 0.061438
0 0.804044 0.575163 0.086029 0.054902
0 0.755147 0.554248 0.082353 0.062745
0 0.757353 0.514379 0.072059 0.050980
0 0.742647 0.481699 0.077941 0.048366
0 0.726838 0.460784 0.069853 0.045752
0 0.704779 0.440523 0.055147 0.036601
0 0.728676 0.411765 0.036765 0.047059
0 0.766912 0.270588 0.029412 0.023529
0 0.806985 0.267974 0.013971 0.018301
0 0.773162 0.334641 0.049265 0.026144
0 0.783456 0.349020 0.050735 0.028758
0 0.780515 0.361438 0.056618 0.030065
0 0.785662 0.377124 0.046324 0.035294
0 0.826471 0.383660 0.051471 0.030065
0 0.836765 0.399346 0.051471 0.037908
2 0.872059 0.415033 0.073529 0.043137
0 0.895221 0.437908 0.056618 0.039216
0 0.934559 0.459477 0.063235 0.045752
0 0.961397 0.481046 0.068382 0.044444
0 0.976471 0.504575 0.047059 0.044444
0 0.992647 0.532680 0.014706 0.024837
0 0.976838 0.565359 0.046324 0.061438
