6 0.456618 0.244444 0.017647 0.028758
1 0.490074 0.300654 0.011029 0.015686
1 0.462868 0.420261 0.021324 0.032680
1 0.498897 0.268627 0.009559 0.014379
1 0.502574 0.277778 0.009559 0.014379
6 0.513235 0.296732 0.020588 0.049673
1 0.537868 0.370588 0.016912 0.022222
1 0.555882 0.387582 0.022059 0.035294
0 0.639706 0.471242 0.008824 0.030065
0 0.631250 0.470588 0.009559 0.023529
1 0.608456 0.486928 0.034559 0.045752
1 0.628676 0.527451 0.038235 0.050980
0 0.702574 0.498039 0.009559 0.028758
0 0.676471 0.549673 0.010294 0.037908
0 0.900368 0.937908 0.046324 0.061438
0 0.893015 0.909804 0.030147 0.067974
1 0.645221 0.573856 0.036029 0.060131
1 0.634559 0.803922 0.061765 0.128105
1 0.236765 0.855556 0.072059 0.142484
1 0.108456 0.924837 0.105147 0.150327
1 0.188235 0.970588 0.080882 0.058824
6 0.058088 0.866667 0.116176 0.264052
0 0.104044 0.452288 0.012500 0.033987
0 0.111765 0.352941 0.011765 0.018301
1 0.391544 0.540523 0.031618 0.061438
1 0.422794 0.302614 0.013235 0.022222
1 0.429779 0.290196 0.011029 0.018301
1 0.426838 0.279085 0.012500 0.019608
1 0.428309 0.271242 0.009559 0.016993
1 0.426103 0.266667 0.009559 0.015686
1 0.425368 0.259477 0.009559 0.014379
1 0.422059 0.255556 0.008824 0.014379
1 0.401471 0.252941 0.008824 0.011765
1 0.411029 0.261438 0.008824 0.013072
1 0.411397 0.266013 0.009559 0.011765
1 0.410662 0.272549 0.011029 0.014379
1 0.411029 0.281699 0.010294 0.016993
1 0.407353 0.285621 0.011765 0.016993
1 0.405882 0.297386 0.013235 0.019608
2 0.401103 0.303922 0.012500 0.024837
1 0.400000 0.317647 0.014706 0.023529
1 0.395956 0.327451 0.015441 0.022222
1 0.394853 0.339216 0.014706 0.022222
1 0.391544 0.349020 0.016912 0.026144
1 0.396324 0.364706 0.017647 0.026144
1 0.390441 0.378431 0.019118 0.030065
1 0.372794 0.414379 0.023529 0.036601
1 0.365441 0.435294 0.026471 0.041830
2 0.377941 0.387582 0.020588 0.045752
1 0.357721 0.459477 0.028676 0.045752
1 0.348897 0.488235 0.028676 0.048366
1 0.342279 0.526144 0.034559 0.053595
1 0.386029 0.250327 0.008824 0.011765
1 0.384926 0.256863 0.008088 0.011765
6 0.373529 0.272549 0.017647 0.035294
1 0.395956 0.258824 0.008088 0.013072
1 0.396691 0.267320 0.009559 0.014379
1 0.396324 0.273856 0.011765 0.016993
1 0.391176 0.283007 0.010294 0.019608
1 0.389338 0.290850 0.011029 0.019608
1 0.387132 0.298693 0.012500 0.019608
1 0.384191 0.306536 0.013971 0.022222
1 0.376471 0.316993 0.014706 0.019608
1 0.368382 0.303268 0.013235 0.018301
1 0.372059 0.292810 0.011765 0.015686
1 0.354044 0.299346 0.013971 0.020915
1 0.354779 0.311765 0.016912 0.019608
1 0.350368 0.326797 0.015441 0.020915
1 0.373162 0.329412 0.015441 0.020915
1 0.366912 0.343137 0.017647 0.027451
1 0.359559 0.355556 0.020588 0.031373
1 0.338603 0.346405 0.018382 0.028758
1 0.360294 0.377124 0.019118 0.027451
1 0.354412 0.392157 0.025000 0.033987
1 0.339338 0.373856 0.021324 0.031373
1 0.330147 0.390196 0.025000 0.035294
1 0.337500 0.409804 0.023529 0.037908
1 0.327941 0.433333 0.027941 0.040523
1 0.317279 0.464052 0.031618 0.047059
1 0.301838 0.508497 0.036029 0.054902
1 0.282353 0.549673 0.039706 0.053595
1 0.287132 0.447059 0.028676 0.044444
1 0.287868 0.416993 0.025735 0.039216
1 0.299265 0.400000 0.025000 0.041830
1 0.306618 0.381699 0.020588 0.031373
1 0.315809 0.367320 0.021324 0.028758
6 0.234926 0.473856 0.086029 0.168627
2 0.296691 0.268627 0.015441 0.024837
