1 0.619853 0.656209 0.063235 0.120261
1 0.584926 0.355556 0.033088 0.054902
1 0.351471 0.473856 0.055882 0.087582
1 0.240074 0.592810 0.094853 0.139869
1 0.187132 0.728105 0.159559 0.156863
1 0.284559 0.466667 0.057353 0.094118
1 0.335294 0.396078 0.067647 0.078431
1 0.348162 0.335294 0.044853 0.058824
1 0.368750 0.273856 0.028676 0.043137
1 0.559559 0.245752 0.022059 0.041830
1 0.473162 0.119608 0.012500 0.022222
1 0.580515 0.315686 0.033088 0.053595
1 0.377574 0.247059 0.031618 0.041830
1 0.392647 0.219608 0.025000 0.036601
1 0.400000 0.200000 0.019118 0.031373
1 0.405147 0.183007 0.019118 0.028758
1 0.368750 0.174510 0.040441 0.024837
1 0.398897 0.161438 0.037500 0.024837
1 0.397059 0.156209 0.033824 0.022222
1 0.546691 0.162745 0.030147 0.022222
1 0.557353 0.154902 0.029412 0.022222
1 0.549265 0.152288 0.033824 0.024837
1 0.544853 0.149020 0.025000 0.023529
1 0.527574 0.135294 0.027206 0.016993
1 0.530147 0.130065 0.027941 0.019608
1 0.529412 0.124183 0.023529 0.018301
1 0.522794 0.117647 0.025000 0.020915
1 0.533456 0.115686 0.027206 0.022222
1 0.535662 0.175817 0.036029 0.024837
1 0.531250 0.141830 0.025735 0.022222
1 0.556618 0.167974 0.035294 0.019608
1 0.424265 0.147712 0.016176 0.023529
1 0.430882 0.141176 0.033824 0.020915
1 0.425735 0.136601 0.019118 0.024837
2 0.504044 0.119608 0.011029 0.024837
1 0.434926 0.128105 0.019853 0.018301
1 0.437500 0.120261 0.017647 0.018301
1 0.436765 0.115033 0.026471 0.018301
1 0.473162 0.062092 0.012500 0.011765
1 0.511397 0.056209 0.012500 0.013072
1 0.536029 0.071895 0.008824 0.010458
1 0.546691 0.067974 0.008088 0.013072
1 0.526838 0.057516 0.012500 0.015686
1 0.552206 0.225490 0.019118 0.032680
1 0.550000 0.209150 0.019118 0.028758
1 0.541912 0.198693 0.033824 0.031373
7 0.409559 0.369935 0.010294 0.036601
7 0.602206 0.237255 0.010294 0.024837
1 0.563971 0.142484 0.019118 0.018301
7 0.621691 0.341176 0.027206 0.026144
0 0.622059 0.320261 0.023529 0.026144
0 0.617647 0.309804 0.022059 0.026144
0 0.613235 0.302614 0.023529 0.024837
7 0.607353 0.288235 0.022059 0.032680
7 0.619118 0.222876 0.005882 0.027451
7 0.611765 0.225490 0.008824 0.027451
7 0.493382 0.079739 0.004412 0.010458
0 0.578309 0.736601 0.019853 0.084967
7 0.319485 0.900000 0.027206 0.098039
7 0.118382 0.871895 0.042647 0.099346
7 0.097794 0.583660 0.025000 0.058824
