1 0.527865 0.183333 0.003646 0.005556
2 0.518229 0.207870 0.004167 0.010185
7 0.517969 0.223611 0.003646 0.004630
1 0.524219 0.224537 0.007812 0.008333
7 0.534896 0.224537 0.004167 0.004630
7 0.535417 0.230556 0.002083 0.005556
5 0.538021 0.237037 0.004167 0.007407
1 0.538802 0.243056 0.004687 0.006481
1 0.531771 0.235648 0.004167 0.008333
1 0.529948 0.238889 0.005729 0.007407
7 0.520052 0.245370 0.002604 0.005556
1 0.526563 0.246759 0.006250 0.010185
5 0.534115 0.251852 0.002604 0.009259
7 0.537760 0.253704 0.002604 0.009259
7 0.511719 0.248611 0.002604 0.006481
1 0.504948 0.249537 0.005729 0.010185
1 0.502865 0.257870 0.003646 0.006481
7 0.511458 0.259259 0.002083 0.005556
7 0.504948 0.267593 0.002604 0.005556
7 0.511979 0.267593 0.003125 0.007407
7 0.519010 0.274537 0.002604 0.010185
7 0.523958 0.276389 0.003125 0.006481
1 0.541927 0.262963 0.006771 0.009259
1 0.541406 0.270370 0.007812 0.009259
1 0.542969 0.277315 0.007812 0.010185
1 0.528646 0.283333 0.006250 0.011111
7 0.521615 0.285648 0.002604 0.012037
1 0.513542 0.283796 0.007292 0.012037
1 0.496615 0.280093 0.005729 0.012037
7 0.494271 0.287963 0.004167 0.009259
5 0.489583 0.295370 0.006250 0.014815
0 0.495833 0.299537 0.005208 0.010185
7 0.524479 0.298148 0.003125 0.009259
7 0.522917 0.304167 0.003125 0.010185
7 0.516146 0.304167 0.002083 0.006481
7 0.503646 0.305556 0.003125 0.011111
1 0.490885 0.306481 0.006771 0.011111
2 0.489583 0.319444 0.008333 0.016667
7 0.521875 0.327315 0.003125 0.008333
7 0.519531 0.340278 0.003646 0.008333
7 0.499740 0.337963 0.003646 0.009259
7 0.492708 0.340741 0.003125 0.007407
7 0.492188 0.353241 0.003125 0.010185
0 0.520052 0.354167 0.002604 0.010185
3 0.510417 0.366667 0.027083 0.022222
7 0.487240 0.359722 0.003646 0.010185
1 0.535677 0.425463 0.009896 0.019444
1 0.471094 0.366667 0.008854 0.018519
1 0.465885 0.381019 0.007812 0.021296
7 0.512500 0.434259 0.004167 0.022222
1 0.460417 0.403241 0.013542 0.023148
5 0.458594 0.416204 0.008854 0.023148
7 0.480990 0.454167 0.004687 0.015741
7 0.475781 0.471759 0.005729 0.015741
7 0.487500 0.515278 0.005208 0.015741
1 0.454427 0.433333 0.009896 0.022222
1 0.447917 0.446296 0.014583 0.020370
7 0.443229 0.506019 0.004167 0.017593
1 0.426302 0.519907 0.017188 0.032407
7 0.452344 0.559722 0.006771 0.015741
1 0.495052 0.574537 0.018229 0.034259
1 0.418229 0.548148 0.017708 0.027778
2 0.405990 0.570833 0.015104 0.034259
1 0.403906 0.611111 0.023438 0.042593
2 0.386979 0.651389 0.026042 0.058333
7 0.376563 0.680556 0.012500 0.025926
7 0.424479 0.625926 0.006250 0.020370
7 0.492708 0.647685 0.007292 0.023148
1 0.518490 0.684722 0.022396 0.049074
1 0.520312 0.760185 0.033333 0.061111
1 0.533854 0.827778 0.025000 0.059259
0 0.502083 0.678241 0.004167 0.030556
7 0.477604 0.668519 0.007292 0.027778
7 0.473958 0.718056 0.010417 0.037963
0 0.476302 0.830556 0.007812 0.035185
7 0.454687 0.768981 0.005208 0.036111
7 0.458333 0.806019 0.007292 0.030556
7 0.404427 0.772222 0.008854 0.029630
1 0.534896 0.985648 0.029167 0.028704
1 0.413802 0.934259 0.034896 0.083333
1 0.333594 0.925000 0.039062 0.094444
1 0.348177 0.783333 0.027604 0.062963
1 0.291406 0.978704 0.033854 0.042593
7 0.301042 0.935185 0.023958 0.044444
7 0.459375 0.870833 0.007292 0.036111
7 0.390625 0.830556 0.009375 0.031481
7 0.380469 0.893981 0.011979 0.039815
7 0.109375 0.869444 0.027083 0.035185
7 0.178385 0.844444 0.021354 0.029630
0 0.144792 0.782870 0.021875 0.023148
7 0.328125 0.848611 0.012500 0.036111
7 0.291927 0.855093 0.021354 0.023148
7 0.292187 0.833796 0.018750 0.019444
7 0.291927 0.819907 0.021354 0.025000
7 0.300000 0.815278 0.021875 0.021296
7 0.301563 0.806019 0.021875 0.019444
7 0.214844 0.547685 0.011979 0.015741
7 0.279948 0.543981 0.013021 0.015741
7 0.279167 0.532407 0.015625 0.018519
2 0.273698 0.482870 0.024479 0.036111
1 0.297396 0.468519 0.013542 0.020370
7 0.316927 0.452778 0.011979 0.016667
7 0.339062 0.428241 0.006250 0.013889
