0 0.747917 0.342593 0.033333 0.024074
0 0.330990 0.917593 0.054688 0.150000
0 0.112500 0.892130 0.128125 0.106481
0 0.278906 0.723148 0.048438 0.098148
0 0.372396 0.541667 0.029167 0.053704
0 0.318750 0.535648 0.028125 0.052778
0 0.360938 0.407870 0.018750 0.032407
0 0.418229 0.375000 0.019792 0.027778
2 0.400521 0.307870 0.020833 0.037963
0 0.372135 0.288426 0.013021 0.021296
0 0.346354 0.275000 0.011458 0.014815
0 0.350781 0.256019 0.009896 0.012037
0 0.334635 0.250000 0.009896 0.014815
2 0.332292 0.232870 0.011458 0.017593
0 0.340104 0.232870 0.008333 0.010185
2 0.283073 0.223611 0.013021 0.023148
0 0.320312 0.221296 0.007292 0.011111
1 0.304688 0.203704 0.014583 0.022222
2 0.295052 0.190741 0.008854 0.018519
0 0.283594 0.193981 0.004687 0.006481
0 0.267708 0.195833 0.004167 0.008333
0 0.280729 0.190278 0.004167 0.006481
0 0.286979 0.176852 0.004167 0.005556
0 0.274219 0.181481 0.004687 0.007407
2 0.269010 0.168981 0.003646 0.008333
0 0.265104 0.170370 0.003125 0.005556
1 0.255990 0.173148 0.006771 0.016667
1 0.248958 0.165741 0.004167 0.009259
