1 0.555469 0.121296 0.004687 0.009259
1 0.537240 0.123611 0.006771 0.008333
1 0.548177 0.126389 0.005729 0.010185
1 0.561458 0.127315 0.006250 0.010185
1 0.523958 0.138889 0.006250 0.011111
1 0.535937 0.137037 0.006250 0.009259
1 0.519792 0.158333 0.008333 0.012963
1 0.547135 0.170833 0.006771 0.013889
1 0.548698 0.187963 0.009896 0.016667
1 0.579688 0.184259 0.009375 0.014815
1 0.563542 0.210185 0.011458 0.018519
1 0.544531 0.207870 0.010937 0.021296
1 0.561458 0.234259 0.013542 0.024074
1 0.587500 0.236574 0.012500 0.019444
1 0.491146 0.300000 0.017708 0.029630
1 0.595313 0.332870 0.018750 0.032407
1 0.565885 0.338426 0.018229 0.034259
1 0.516406 0.359259 0.019271 0.035185
1 0.483333 0.397222 0.021875 0.048148
1 0.628385 0.489352 0.026562 0.052778
1 0.463281 0.560185 0.033854 0.074074
1 0.516406 0.556019 0.029687 0.065741
1 0.578125 0.547685 0.031250 0.067593
1 0.509635 0.764352 0.041146 0.112037
1 0.670573 0.783333 0.049479 0.116667
1 0.786719 0.326389 0.023438 0.026852
1 0.734115 0.303704 0.018229 0.024074
1 0.701562 0.243981 0.014583 0.019444
1 0.696094 0.180093 0.010937 0.015741
1 0.655990 0.204630 0.010937 0.014815
1 0.532552 0.166204 0.007812 0.013889
1 0.639062 0.561574 0.034375 0.067593
1 0.359635 0.952315 0.067187 0.095370
1 0.706771 0.956481 0.063542 0.087037
2 0.573958 0.709722 0.037500 0.117593
2 0.307812 0.881019 0.078125 0.186111
2 0.546615 0.142130 0.006771 0.015741
4 0.713542 0.206944 0.008333 0.013889
3 0.686198 0.255556 0.015104 0.027778
3 0.528125 0.178241 0.011458 0.023148
2 0.654427 0.643056 0.044271 0.108333
