0 0.023897 0.530065 0.046324 0.098039
0 0.110294 0.586275 0.119118 0.087582
0 0.194853 0.520261 0.066176 0.094118
0 0.238603 0.377778 0.037500 0.070588
0 0.795588 0.520915 0.057353 0.084967
2 0.741544 0.547712 0.084559 0.154248
0 0.646691 0.351634 0.066912 0.054902
0 0.633456 0.264052 0.030147 0.057516
0 0.569485 0.277124 0.030147 0.054902
0 0.603309 0.195425 0.044853 0.035294
0 0.539338 0.258824 0.030147 0.044444
0 0.548162 0.215033 0.025735 0.035294
0 0.553309 0.183660 0.022794 0.043137
0 0.548529 0.161438 0.019118 0.032680
0 0.367647 0.508497 0.047059 0.096732
0 0.413603 0.436601 0.038971 0.083660
0 0.373897 0.377124 0.046324 0.100654
0 0.390441 0.283007 0.032353 0.064052
0 0.418382 0.322222 0.032353 0.061438
0 0.400000 0.239216 0.027941 0.060131
0 0.406618 0.204575 0.023529 0.043137
0 0.409926 0.173203 0.024265 0.043137
0 0.419485 0.118954 0.021324 0.033987
0 0.427574 0.083007 0.015441 0.027451
0 0.431250 0.049673 0.016912 0.023529
0 0.433088 0.037255 0.016176 0.022222
0 0.531250 0.077124 0.013971 0.023529
0 0.503309 0.054248 0.019853 0.022222
0 0.491176 0.045098 0.016176 0.024837
0 0.490074 0.030719 0.015441 0.019608
0 0.489338 0.011111 0.012500 0.019608
