1 0.972396 0.922222 0.055208 0.077778
3 0.940625 0.761111 0.118750 0.118519
7 0.394792 0.818519 0.012500 0.040741
7 0.416667 0.831481 0.012500 0.048148
7 0.502083 0.825926 0.014583 0.048148
7 0.538021 0.669444 0.009375 0.035185
7 0.429688 0.672222 0.017708 0.029630
7 0.535937 0.410185 0.005208 0.016667
7 0.497396 0.454630 0.005208 0.012963
7 0.523958 0.348148 0.004167 0.011111
1 0.515104 0.578704 0.023958 0.038889
4 0.555208 0.562037 0.010417 0.024074
1 0.309896 0.788889 0.055208 0.051852
1 0.464583 0.501852 0.018750 0.037037
1 0.442188 0.462037 0.030208 0.027778
1 0.525000 0.456481 0.016667 0.027778
1 0.520833 0.387037 0.010417 0.018519
4 0.543750 0.400926 0.006250 0.016667
0 0.539062 0.379630 0.005208 0.011111
7 0.516667 0.345370 0.002083 0.009259
