0 0.727206 0.919608 0.083824 0.160784
0 0.680882 0.696078 0.070588 0.160784
0 0.646324 0.521569 0.045588 0.094118
0 0.626471 0.401961 0.047059 0.095425
0 0.674632 0.272549 0.072794 0.058824
0 0.587132 0.190850 0.030147 0.057516
0 0.576103 0.143137 0.031618 0.058824
0 0.425000 0.483007 0.041176 0.113725
0 0.568750 0.100000 0.028676 0.048366
0 0.563235 0.054248 0.025000 0.045752
0 0.554779 0.016340 0.025735 0.032680
0 0.364338 0.020261 0.025735 0.040523
0 0.356985 0.060131 0.025735 0.054902
0 0.352941 0.101961 0.027941 0.060131
0 0.306250 0.392157 0.040441 0.099346
0 0.267647 0.225490 0.069118 0.066667
0 0.245588 0.283007 0.067647 0.066667
0 0.223529 0.442484 0.079412 0.079739
0 0.242647 0.777778 0.069118 0.180392
0 0.200735 0.928758 0.070588 0.142484
0 0.098529 0.802614 0.108824 0.175163
