4 0.667279 0.728105 0.052206 0.120261
4 0.730515 0.283007 0.058088 0.053595
7 0.809191 0.554902 0.036029 0.069281
0 0.869118 0.783007 0.066176 0.070588
1 0.669485 0.585621 0.075735 0.154248
1 0.504779 0.758170 0.090441 0.190850
1 0.451471 0.604575 0.117647 0.132026
1 0.426838 0.446405 0.124265 0.113725
1 0.354044 0.318954 0.058088 0.104575
1 0.328309 0.112418 0.087500 0.075817
1 0.286029 0.028105 0.069118 0.056209
1 0.677574 0.207843 0.080147 0.073203
1 0.709926 0.241830 0.090441 0.060131
1 0.769853 0.368627 0.070588 0.086275
0 0.324265 0.471895 0.019118 0.057516
0 0.262132 0.018301 0.053676 0.036601
1 0.515809 0.059477 0.053676 0.048366
0 0.764706 0.169935 0.023529 0.036601
