0 0.457721 0.807843 0.065441 0.211765
0 0.520221 0.524837 0.043382 0.087582
0 0.536765 0.341830 0.032353 0.056209
0 0.494485 0.286275 0.025735 0.044444
0 0.454044 0.086928 0.013971 0.019608
0 0.603676 0.887582 0.077941 0.177778
0 0.265074 0.249673 0.025735 0.044444
0 0.460294 0.060131 0.011765 0.018301
0 0.472059 0.045098 0.010294 0.016993
0 0.453676 0.039869 0.011765 0.019608
0 0.407721 0.055556 0.012500 0.019608
0 0.408456 0.039869 0.011029 0.019608
0 0.510294 0.015033 0.008824 0.016993
0 0.297059 0.127451 0.038235 0.030065
0 0.303309 0.154248 0.019853 0.031373
2 0.284926 0.162092 0.038971 0.033987
0 0.196691 0.276471 0.044853 0.035294
0 0.238603 0.311765 0.033088 0.048366
2 0.046324 0.475817 0.086765 0.060131
2 0.170588 0.450980 0.094118 0.073203
