1 0.609115 0.818981 0.051562 0.087963
1 0.583594 0.732407 0.040104 0.066667
1 0.615885 0.636574 0.041146 0.054630
1 0.568750 0.659722 0.038542 0.056481
1 0.553646 0.591667 0.035417 0.046296
1 0.530469 0.548611 0.028646 0.047222
1 0.552865 0.499537 0.026562 0.036111
1 0.526302 0.508333 0.023438 0.029630
1 0.479427 0.508333 0.021354 0.037037
1 0.407812 0.542130 0.023958 0.047222
1 0.428385 0.466667 0.021354 0.033333
1 0.406510 0.401389 0.016146 0.028704
1 0.468490 0.461111 0.019271 0.035185
1 0.522396 0.428704 0.017708 0.029630
1 0.510938 0.397222 0.016667 0.022222
6 0.507031 0.368056 0.024479 0.052778
1 0.013802 0.256944 0.027604 0.015741
1 0.053646 0.255556 0.032292 0.018519
1 0.214844 0.251389 0.026562 0.013889
1 0.205990 0.256944 0.025521 0.015741
1 0.060156 0.358796 0.034896 0.017593
1 0.082031 0.350463 0.031771 0.017593
1 0.139844 0.345833 0.030729 0.017593
2 0.277344 0.340278 0.024479 0.023148
1 0.303646 0.343981 0.027083 0.017593
1 0.461198 0.418519 0.015104 0.022222
1 0.459896 0.399074 0.014583 0.014815
1 0.456510 0.387037 0.014063 0.020370
1 0.454167 0.374537 0.013542 0.017593
1 0.508854 0.472685 0.023958 0.036111
1 0.503385 0.452315 0.021354 0.026852
1 0.496094 0.431944 0.016146 0.025000
1 0.493750 0.414815 0.015625 0.020370
1 0.488802 0.404167 0.015104 0.021296
1 0.485156 0.389815 0.015104 0.020370
1 0.480729 0.372685 0.013542 0.019444
1 0.449479 0.291204 0.009375 0.012037
1 0.476042 0.290741 0.018750 0.011111
1 0.496615 0.291667 0.020313 0.012963
2 0.423437 0.297685 0.010417 0.015741
2 0.403906 0.243519 0.022396 0.020370
1 0.405469 0.250000 0.024479 0.014815
1 0.363281 0.249074 0.021354 0.018519
1 0.455729 0.250926 0.023958 0.012963
1 0.501302 0.245833 0.023438 0.015741
1 0.404427 0.225926 0.003646 0.005556
1 0.409375 0.219907 0.004167 0.006481
1 0.439323 0.219444 0.003646 0.003704
1 0.686719 0.246296 0.019271 0.011111
1 0.765365 0.248611 0.024479 0.015741
1 0.328906 0.334722 0.021354 0.017593
7 0.405990 0.362037 0.007812 0.011111
7 0.372656 0.537500 0.006771 0.026852
0 0.486198 0.749074 0.010937 0.044444
7 0.542448 0.671296 0.018229 0.037037
