0 0.138542 0.465741 0.015625 0.027778
0 0.336198 0.428241 0.025521 0.026852
0 0.361979 0.462500 0.032292 0.026852
0 0.367969 0.432407 0.024479 0.024074
0 0.400260 0.289352 0.017188 0.010185
0 0.410417 0.286111 0.014583 0.012963
2 0.326823 0.895370 0.023438 0.072222
0 0.571354 0.844907 0.033333 0.073148
0 0.416667 0.623148 0.022917 0.048148
0 0.524219 0.570370 0.009896 0.038889
0 0.493750 0.568519 0.019792 0.033333
0 0.502083 0.478241 0.016667 0.028704
0 0.447917 0.475926 0.015625 0.035185
0 0.479167 0.416667 0.015625 0.025926
0 0.498177 0.392593 0.010937 0.022222
0 0.474740 0.358333 0.010937 0.014815
0 0.525781 0.413889 0.013021 0.024074
0 0.549740 0.433333 0.014063 0.025926
0 0.517188 0.337963 0.008333 0.012963
0 0.494792 0.300463 0.011458 0.013889
0 0.495052 0.291667 0.014063 0.009259
0 0.535417 0.297222 0.018750 0.014815
