0 0.294118 0.277778 0.010294 0.009150
0 0.315809 0.279085 0.009559 0.006536
2 0.347794 0.245098 0.016176 0.019608
0 0.361397 0.260784 0.006618 0.006536
0 0.370221 0.260784 0.006618 0.006536
2 0.313603 0.325490 0.011029 0.028758
2 0.370588 0.365359 0.023529 0.045752
0 0.394853 0.366013 0.010294 0.018301
0 0.332353 0.428105 0.016176 0.019608
0 0.251103 0.540523 0.022794 0.027451
0 0.469853 0.397386 0.011765 0.018301
0 0.284559 0.975163 0.057353 0.049673
0 0.244118 0.838562 0.035294 0.053595
1 0.326838 0.830065 0.078676 0.149020
0 0.437132 0.897386 0.033088 0.066667
0 0.441544 0.801961 0.030147 0.053595
0 0.393382 0.812418 0.035294 0.058824
0 0.381250 0.745752 0.031618 0.050980
0 0.426838 0.727451 0.028676 0.045752
0 0.452206 0.735294 0.035294 0.053595
0 0.415074 0.680392 0.025735 0.035294
0 0.486397 0.673203 0.025735 0.041830
1 0.380147 0.665359 0.054412 0.086275
0 0.435294 0.624183 0.027941 0.032680
0 0.469853 0.634641 0.023529 0.035294
0 0.462132 0.599346 0.019853 0.030065
0 0.467279 0.554902 0.021324 0.030065
0 0.482721 0.602614 0.021324 0.031373
0 0.483456 0.572549 0.019853 0.028758
0 0.497426 0.622876 0.021324 0.032680
0 0.513971 0.585621 0.019118 0.033987
0 0.495588 0.545752 0.019118 0.027451
0 0.492647 0.527451 0.020588 0.024837
0 0.509926 0.507190 0.019853 0.026144
2 0.529044 0.542484 0.027206 0.062745
0 0.512132 0.476471 0.015441 0.022222
0 0.521324 0.486275 0.019118 0.026144
0 0.546691 0.511111 0.015441 0.023529
0 0.533088 0.496732 0.016176 0.023529
0 0.552574 0.483007 0.013971 0.022222
0 0.556618 0.465359 0.013235 0.020915
0 0.524265 0.439869 0.013235 0.019608
0 0.527574 0.427451 0.012500 0.015686
1 0.539706 0.447059 0.023529 0.052288
2 0.547426 0.402614 0.016912 0.047059
2 0.552206 0.373856 0.016176 0.044444
2 0.563971 0.427451 0.019118 0.060131
2 0.569853 0.392157 0.013235 0.033987
0 0.569853 0.369935 0.010294 0.020915
0 0.560294 0.355556 0.008824 0.013072
0 0.574632 0.360784 0.009559 0.015686
0 0.566912 0.343791 0.007353 0.010458
0 0.578309 0.347059 0.006618 0.011765
0 0.582721 0.337908 0.006618 0.011765
0 0.586765 0.329412 0.007353 0.010458
1 0.570956 0.323529 0.015441 0.030065
0 0.587868 0.323529 0.006618 0.011765
0 0.590441 0.317647 0.005882 0.007843
0 0.578309 0.313725 0.006618 0.010458
0 0.581250 0.308497 0.006618 0.007843
0 0.580882 0.303922 0.007353 0.009150
0 0.584559 0.298039 0.005882 0.010458
0 0.583824 0.292157 0.005882 0.009150
0 0.586397 0.288889 0.005147 0.007843
0 0.588603 0.284314 0.005147 0.009150
0 0.590441 0.280392 0.005882 0.009150
0 0.594853 0.300000 0.007353 0.009150
0 0.593382 0.305882 0.007353 0.007843
0 0.591912 0.311765 0.007353 0.009150
0 0.597059 0.296078 0.005882 0.009150
0 0.597794 0.288235 0.007353 0.009150
0 0.600368 0.282353 0.006618 0.007843
0 0.864338 0.386928 0.015441 0.018301
0 0.824265 0.376471 0.025000 0.015686
0 0.894485 0.371242 0.022794 0.015686
0 0.888971 0.365359 0.022059 0.014379
0 0.879412 0.361438 0.022059 0.016993
0 0.872794 0.358824 0.017647 0.011765
0 0.871324 0.353595 0.017647 0.011765
0 0.751103 0.403268 0.024265 0.027451
0 0.733824 0.379739 0.025000 0.016993
0 0.727574 0.366667 0.021324 0.014379
0 0.724265 0.362092 0.022059 0.013072
0 0.720588 0.352288 0.019118 0.014379
0 0.714706 0.337255 0.019118 0.013072
0 0.788603 0.388235 0.025735 0.015686
0 0.786397 0.381699 0.025735 0.013072
0 0.783456 0.360784 0.024265 0.018301
0 0.783088 0.372549 0.022059 0.015686
0 0.772794 0.347712 0.020588 0.013072
0 0.786029 0.330719 0.019118 0.013072
0 0.766176 0.343791 0.019118 0.013072
0 0.766176 0.337908 0.020588 0.014379
0 0.774265 0.311111 0.017647 0.013072
0 0.780515 0.321569 0.016912 0.010458
0 0.781250 0.318301 0.016912 0.011765
0 0.797426 0.298039 0.015441 0.013072
0 0.804044 0.301961 0.015441 0.010458
0 0.807353 0.303268 0.014706 0.010458
0 0.810662 0.306536 0.016912 0.009150
0 0.814338 0.313072 0.015441 0.011765
0 0.836029 0.326797 0.019118 0.013072
0 0.829412 0.320915 0.017647 0.014379
0 0.833088 0.324837 0.017647 0.011765
0 0.825368 0.317647 0.016912 0.013072
