0 0.269485 0.871895 0.105147 0.109804
0 0.123897 0.833987 0.128676 0.104575
0 0.405515 0.743791 0.047794 0.128105
0 0.419118 0.560784 0.035294 0.081046
0 0.334926 0.552288 0.040441 0.090196
0 0.412132 0.426797 0.028676 0.079739
0 0.478676 0.487582 0.030882 0.070588
0 0.426838 0.332680 0.024265 0.061438
0 0.431618 0.249020 0.023529 0.048366
0 0.439706 0.220261 0.023529 0.048366
0 0.479412 0.224837 0.023529 0.049673
0 0.109559 0.971242 0.067647 0.057516
0 0.189338 0.675163 0.093382 0.056209
0 0.195956 0.623529 0.102206 0.054902
0 0.256250 0.513072 0.083088 0.061438
0 0.284559 0.469281 0.086765 0.054902
0 0.284191 0.436601 0.069853 0.049673
0 0.309926 0.414379 0.069853 0.049673
0 0.333456 0.396078 0.069853 0.049673
0 0.312868 0.367320 0.069853 0.049673
0 0.331250 0.352941 0.069853 0.049673
0 0.273162 0.351634 0.069853 0.049673
0 0.313603 0.366013 0.069853 0.049673
0 0.356985 0.299346 0.050735 0.047059
0 0.338235 0.279739 0.069118 0.049673
0 0.344118 0.269281 0.066176 0.041830
0 0.351471 0.245752 0.069118 0.049673
0 0.348162 0.248366 0.053676 0.044444
0 0.236397 0.277124 0.027206 0.041830
0 0.566544 0.358170 0.056618 0.054902
0 0.530882 0.314379 0.025000 0.045752
0 0.570956 0.299346 0.047794 0.041830
0 0.562132 0.269281 0.046324 0.041830
0 0.445956 0.160784 0.016912 0.028758
0 0.474265 0.116340 0.016176 0.026144
0 0.468015 0.078431 0.011029 0.023529
2 0.432721 0.116993 0.019853 0.045752
2 0.395221 0.158824 0.025735 0.061438
2 0.401838 0.112418 0.024265 0.033987
2 0.516912 0.090850 0.033824 0.050980
2 0.509559 0.076471 0.033824 0.050980
2 0.497059 0.066013 0.033824 0.050980
2 0.384191 0.909804 0.086029 0.180392
