1 0.245221 0.928758 0.088971 0.139869
6 0.131985 0.775163 0.247794 0.449673
1 0.293750 0.676471 0.066912 0.132026
6 0.683088 0.545098 0.114706 0.337255
6 0.782721 0.709804 0.087500 0.138562
0 0.880147 0.729412 0.039706 0.060131
7 0.833824 0.393464 0.016176 0.031373
1 0.642647 0.376471 0.036765 0.039216
1 0.626838 0.339216 0.037500 0.050980
1 0.604779 0.295425 0.034559 0.049673
0 0.652574 0.333987 0.013971 0.027451
0 0.804044 0.379739 0.016912 0.032680
0 0.790441 0.351634 0.013235 0.023529
0 0.681618 0.324183 0.014706 0.023529
7 0.680147 0.296732 0.020588 0.023529
0 0.695956 0.306536 0.009559 0.024837
0 0.706250 0.306536 0.006618 0.030065
0 0.773529 0.342484 0.008824 0.023529
2 0.727941 0.253595 0.039706 0.049673
0 0.061029 0.349020 0.017647 0.028758
0 0.088971 0.280392 0.014706 0.024837
0 0.129044 0.260131 0.011029 0.026144
0 0.143750 0.264052 0.009559 0.026144
0 0.160662 0.347059 0.022794 0.024837
7 0.240074 0.195425 0.015441 0.016993
0 0.200735 0.188235 0.008824 0.018301
0 0.257721 0.126797 0.005147 0.015686
7 0.097059 0.164706 0.008824 0.015686
6 0.203309 0.354248 0.091912 0.141176
1 0.255147 0.317647 0.032353 0.057516
6 0.268750 0.240523 0.056618 0.120261
1 0.345956 0.084967 0.013971 0.020915
1 0.296691 0.341176 0.034559 0.060131
1 0.327941 0.239869 0.025000 0.043137
1 0.366544 0.261438 0.028676 0.060131
1 0.404044 0.220915 0.024265 0.047059
1 0.368750 0.219608 0.025735 0.039216
1 0.372426 0.169281 0.021324 0.035294
1 0.348897 0.146405 0.016912 0.031373
1 0.385294 0.138562 0.017647 0.026144
1 0.365809 0.105229 0.015441 0.022222
1 0.373529 0.088889 0.013235 0.020915
1 0.363971 0.075163 0.011765 0.019608
1 0.392279 0.083660 0.013971 0.020915
1 0.409191 0.083660 0.012500 0.018301
1 0.410662 0.067974 0.008088 0.018301
1 0.395221 0.069281 0.011029 0.015686
1 0.386029 0.055556 0.010294 0.019608
1 0.407353 0.061438 0.007353 0.015686
1 0.406250 0.049673 0.011029 0.015686
1 0.378676 0.043791 0.008824 0.016993
1 0.383088 0.035948 0.007353 0.016993
1 0.402941 0.037255 0.013235 0.019608
1 0.487132 0.223529 0.024265 0.036601
1 0.507353 0.176471 0.020588 0.028758
1 0.504412 0.140523 0.017647 0.030065
1 0.472794 0.152941 0.017647 0.026144
1 0.420588 0.033333 0.010294 0.014379
1 0.428676 0.045752 0.010294 0.013072
1 0.434926 0.060784 0.009559 0.014379
1 0.438235 0.079085 0.011765 0.016993
1 0.463971 0.108497 0.011765 0.018301
1 0.474265 0.081699 0.013235 0.016993
1 0.461765 0.088889 0.013235 0.020915
1 0.455147 0.068627 0.011765 0.016993
1 0.465441 0.060784 0.008824 0.016993
1 0.451471 0.058170 0.008824 0.014379
1 0.443750 0.047059 0.011029 0.013072
4 0.463235 0.045752 0.008824 0.015686
0 0.496324 0.084967 0.005882 0.013072
7 0.519118 0.114379 0.005882 0.016993
0 0.546691 0.170588 0.005147 0.014379
0 0.488235 0.072549 0.002941 0.009150
0 0.632721 0.279085 0.016912 0.024837
