1 0.134559 0.462092 0.044118 0.043137
1 0.119118 0.944444 0.095588 0.100654
2 0.329779 0.941830 0.037500 0.116340
4 0.401471 0.780392 0.026471 0.088889
7 0.504412 0.888235 0.016176 0.050980
1 0.601103 0.930719 0.052206 0.115033
7 0.663971 0.924183 0.020588 0.057516
7 0.613971 0.743791 0.029412 0.041830
0 0.610662 0.738562 0.027206 0.031373
0 0.588971 0.562745 0.017647 0.030065
0 0.586397 0.553595 0.022794 0.035294
7 0.577574 0.546405 0.021324 0.026144
0 0.572426 0.516340 0.009559 0.031373
7 0.544485 0.530065 0.012500 0.030065
7 0.575000 0.467974 0.007353 0.028758
3 0.472794 0.444444 0.027941 0.067974
7 0.479044 0.368627 0.006618 0.023529
7 0.417647 0.394771 0.008824 0.023529
1 0.376838 0.521569 0.033088 0.062745
5 0.374632 0.386275 0.021324 0.053595
2 0.416912 0.340523 0.014706 0.040523
1 0.513971 0.339216 0.036765 0.032680
1 0.513603 0.315686 0.036029 0.030065
5 0.515074 0.288235 0.019853 0.037908
1 0.484559 0.232026 0.013235 0.022222
1 0.477206 0.213725 0.014706 0.024837
1 0.464706 0.209804 0.013235 0.019608
1 0.471324 0.196732 0.011765 0.022222
7 0.454044 0.213725 0.003676 0.011765
2 0.400000 0.226797 0.026471 0.024837
1 0.472059 0.152941 0.010294 0.018301
1 0.431618 0.110458 0.007353 0.011765
1 0.431985 0.105882 0.005147 0.010458
1 0.439338 0.089542 0.006618 0.011765
1 0.439706 0.084314 0.005882 0.011765
1 0.442279 0.075817 0.006618 0.010458
1 0.462500 0.092157 0.005882 0.011765
1 0.466912 0.100000 0.010294 0.011765
1 0.468015 0.090196 0.006618 0.010458
1 0.430147 0.092810 0.010294 0.010458
1 0.455882 0.062745 0.008824 0.010458
2 0.367647 0.073203 0.017647 0.015686
2 0.368750 0.068627 0.013971 0.014379
1 0.367279 0.093464 0.013971 0.009150
1 0.369118 0.100000 0.007353 0.011765
1 0.344485 0.100654 0.008088 0.010458
1 0.345221 0.111111 0.009559 0.015686
3 0.350000 0.139869 0.020588 0.039216
1 0.315074 0.147059 0.012500 0.014379
1 0.308456 0.156209 0.009559 0.014379
1 0.299632 0.199346 0.024265 0.022222
7 0.257353 0.245752 0.013235 0.015686
1 0.312500 0.298039 0.032353 0.028758
7 0.251103 0.262092 0.008088 0.011765
4 0.248529 0.283660 0.026471 0.020915
1 0.197426 0.284314 0.027206 0.035294
1 0.187868 0.297386 0.028676 0.032680
1 0.237500 0.300654 0.038235 0.028758
1 0.229044 0.312418 0.031618 0.026144
1 0.223529 0.320261 0.033824 0.023529
1 0.221324 0.330719 0.038235 0.028758
1 0.220956 0.341830 0.041912 0.027451
1 0.208088 0.360784 0.047059 0.036601
1 0.202206 0.368627 0.041176 0.033987
