0 0.761765 0.049020 0.008824 0.043137
1 0.704779 0.018301 0.063971 0.036601
1 0.712132 0.058824 0.074265 0.049673
1 0.737500 0.088889 0.061765 0.065359
1 0.731250 0.170588 0.080147 0.061438
2 0.772426 0.292157 0.081618 0.095425
2 0.754412 0.424837 0.092647 0.146405
3 0.702574 0.545752 0.047794 0.152941
1 0.843750 0.759477 0.140441 0.146405
4 0.823162 0.664706 0.058088 0.061438
0 0.822426 0.084967 0.012500 0.041830
1 0.445221 0.015033 0.036029 0.030065
2 0.370588 0.011111 0.035294 0.022222
0 0.445221 0.159477 0.011029 0.052288
0 0.405147 0.144444 0.008824 0.053595
1 0.395956 0.035294 0.036029 0.060131
1 0.376103 0.095425 0.038971 0.067974
1 0.372426 0.953595 0.077206 0.092810
1 0.171324 0.190850 0.111765 0.073203
1 0.239338 0.108497 0.068382 0.065359
0 0.104779 0.071242 0.036029 0.037908
1 0.554779 0.443791 0.053676 0.132026
