0 0.272794 0.686928 0.076471 0.152941
0 0.219118 0.878431 0.104412 0.219608
0 0.443015 0.213725 0.019853 0.035294
0 0.485294 0.182353 0.017647 0.027451
0 0.454412 0.121569 0.013235 0.020915
0 0.433824 0.115033 0.014706 0.023529
0 0.484559 0.158824 0.017647 0.027451
0 0.475000 0.145098 0.017647 0.023529
0 0.480147 0.079739 0.008824 0.015686
0 0.784926 0.683007 0.118382 0.103268
0 0.550735 0.650327 0.057353 0.121569
0 0.451838 0.636601 0.050735 0.138562
0 0.545221 0.465359 0.037500 0.073203
0 0.334559 0.479085 0.045588 0.084967
0 0.452941 0.243137 0.022059 0.044444
0 0.497426 0.239869 0.022794 0.037908
0 0.491912 0.207190 0.019118 0.030065
0 0.444853 0.158824 0.016176 0.027451
0 0.454044 0.185621 0.016912 0.028758
0 0.504412 0.139869 0.014706 0.026144
0 0.538603 0.328758 0.028676 0.048366
0 0.681985 0.735294 0.078676 0.145098
0 0.441544 0.132026 0.028676 0.020915
0 0.458088 0.110458 0.010294 0.019608
0 0.458456 0.100000 0.009559 0.014379
0 0.506618 0.109804 0.010294 0.015686
0 0.481618 0.090196 0.010294 0.018301
0 0.478309 0.065359 0.008088 0.013072
0 0.466176 0.054248 0.007353 0.009150
0 0.479044 0.051634 0.006618 0.009150
0 0.452941 0.052941 0.007353 0.009150
0 0.493382 0.059477 0.005882 0.009150
0 0.509559 0.060784 0.013235 0.009150
1 0.527941 0.225490 0.033824 0.103268
0 0.924632 0.921569 0.147794 0.138562
2 0.707721 0.907190 0.115441 0.180392
