1 0.407721 0.292810 0.066912 0.078431
1 0.199632 0.132680 0.041912 0.058824
1 0.054412 0.216993 0.094118 0.075817
1 0.796324 0.432680 0.057353 0.117647
1 0.551103 0.418301 0.090441 0.109804
1 0.407353 0.101307 0.064706 0.050980
1 0.377941 0.061438 0.047059 0.044444
2 0.464706 0.082353 0.033824 0.067974
2 0.422794 0.041176 0.026471 0.045752
2 0.352941 0.042484 0.060294 0.048366
7 0.588971 0.107843 0.023529 0.032680
7 0.575368 0.088235 0.016912 0.030065
7 0.523529 0.071242 0.025000 0.027451
7 0.486029 0.043791 0.019118 0.024837
4 0.476103 0.050980 0.022794 0.028758
0 0.538235 0.084314 0.016176 0.024837
0 0.562868 0.091503 0.008088 0.028758
0 0.543015 0.072549 0.021324 0.022222
7 0.516544 0.286928 0.018382 0.045752
7 0.343382 0.591503 0.033824 0.084967
7 0.169853 0.234641 0.016176 0.043137
5 0.242647 0.211765 0.042647 0.078431
4 0.181985 0.056863 0.027206 0.043137
