0 0.525521 0.741204 0.093750 0.115741
0 0.685156 0.895833 0.122396 0.208333
0 0.703385 0.772222 0.082812 0.107407
0 0.721354 0.706481 0.062500 0.098148
0 0.736719 0.666204 0.043229 0.069444
0 0.750260 0.646296 0.039062 0.055556
0 0.745052 0.621296 0.035937 0.035185
0 0.749740 0.607870 0.027604 0.041667
0 0.752083 0.592130 0.027083 0.034259
0 0.752604 0.580093 0.018750 0.032407
0 0.749740 0.571296 0.014063 0.022222
0 0.752865 0.568981 0.015104 0.028704
0 0.755990 0.564352 0.017188 0.028704
0 0.756510 0.553704 0.014063 0.018519
0 0.755469 0.548611 0.015104 0.017593
0 0.723698 0.530556 0.006771 0.014815
0 0.717969 0.534722 0.007812 0.012037
0 0.712500 0.537963 0.008333 0.012963
0 0.710677 0.557407 0.016146 0.024074
0 0.704688 0.543981 0.010417 0.012037
0 0.697656 0.546296 0.011979 0.014815
0 0.685417 0.548148 0.011458 0.018519
0 0.692708 0.582870 0.023958 0.037963
0 0.647396 0.621759 0.039583 0.056481
0 0.635938 0.587963 0.028125 0.035185
0 0.651302 0.560648 0.019271 0.030556
0 0.463021 0.618519 0.076042 0.053704
