0 0.545052 0.560185 0.024479 0.046296
0 0.449740 0.600463 0.030729 0.060185
2 0.280469 0.920370 0.085938 0.159259
0 0.039583 0.597222 0.044792 0.053704
0 0.081250 0.558333 0.047917 0.048148
2 0.063802 0.605093 0.067187 0.093519
0 0.009635 0.354630 0.019271 0.020370
2 0.336719 0.798611 0.077604 0.145370
0 0.359896 0.695370 0.040625 0.070370
0 0.368750 0.609722 0.032292 0.063889
0 0.482031 0.443981 0.021354 0.034259
2 0.539844 0.416204 0.023438 0.067593
0 0.872917 0.519907 0.055208 0.041667
2 0.823177 0.481019 0.077604 0.058333
2 0.813021 0.462037 0.078125 0.061111
2 0.909115 0.410648 0.042188 0.050926
0 0.856250 0.384722 0.028125 0.025000
0 0.907552 0.351852 0.032813 0.022222
0 0.793229 0.336574 0.029167 0.017593
0 0.719531 0.340741 0.032813 0.022222
0 0.647396 0.340741 0.030208 0.022222
0 0.669010 0.318056 0.019271 0.017593
0 0.597656 0.348148 0.030729 0.018519
0 0.356771 0.276389 0.008333 0.012037
0 0.550000 0.275926 0.011458 0.012963
0 0.569271 0.275463 0.010417 0.012037
0 0.579948 0.275000 0.010937 0.012963
0 0.578125 0.303241 0.012500 0.013889
0 0.591406 0.274074 0.009896 0.012963
0 0.594010 0.283333 0.010937 0.012963
2 0.608073 0.284259 0.017188 0.029630
0 0.620313 0.273611 0.011458 0.013889
0 0.638542 0.251389 0.010417 0.010185
2 0.890885 0.226389 0.015104 0.012037
0 0.707292 0.264352 0.016667 0.012037
0 0.696354 0.262500 0.014583 0.012037
0 0.687760 0.260648 0.016146 0.012037
0 0.696354 0.257870 0.013542 0.012037
0 0.678646 0.259722 0.015625 0.012037
0 0.683594 0.254167 0.016146 0.013889
0 0.682031 0.249074 0.013021 0.011111
0 0.668490 0.250000 0.013021 0.011111
0 0.667969 0.252315 0.014063 0.010185
0 0.663542 0.249537 0.013542 0.010185
0 0.660937 0.245833 0.013542 0.010185
0 0.672917 0.244444 0.010417 0.009259
0 0.660156 0.241204 0.011979 0.010185
0 0.653385 0.244907 0.014063 0.010185
0 0.646615 0.242593 0.011979 0.009259
0 0.646094 0.241204 0.013021 0.010185
0 0.702083 0.244444 0.013542 0.009259
0 0.710156 0.247685 0.017188 0.010185
0 0.686719 0.238889 0.013021 0.009259
