0 0.516176 0.566013 0.058824 0.088889
0 0.418382 0.708497 0.047059 0.128105
0 0.378676 0.503268 0.038235 0.081046
0 0.561397 0.779085 0.052206 0.130719
0 0.492279 0.822222 0.058088 0.135948
0 0.407721 0.379739 0.031618 0.058824
0 0.454779 0.367320 0.027206 0.062745
0 0.502574 0.215033 0.022794 0.037908
0 0.327206 0.865359 0.064706 0.162092
0 0.393382 0.948366 0.057353 0.098039
0 0.081250 0.609150 0.087500 0.073203
0 0.207353 0.436601 0.011765 0.041830
0 0.194485 0.433333 0.011029 0.048366
0 0.680515 0.382353 0.034559 0.050980
0 0.608456 0.177778 0.019853 0.031373
0 0.523529 0.177124 0.017647 0.024837
0 0.500368 0.168627 0.015441 0.023529
0 0.519118 0.087582 0.013235 0.020915
0 0.501103 0.069281 0.011029 0.018301
0 0.503309 0.050980 0.011029 0.015686
0 0.500735 0.029412 0.008824 0.011765
0 0.509926 0.005229 0.011029 0.010458
0 0.341176 0.216993 0.020588 0.039216
0 0.443750 0.168627 0.018382 0.031373
0 0.467279 0.188235 0.018382 0.031373
0 0.416544 0.209150 0.018382 0.031373
0 0.369853 0.142484 0.017647 0.028758
0 0.375368 0.130719 0.016912 0.023529
0 0.385662 0.116340 0.015441 0.018301
0 0.406250 0.057516 0.011029 0.018301
0 0.371691 0.007843 0.009559 0.013072
0 0.347426 0.021569 0.019853 0.014379
0 0.352941 0.028105 0.010294 0.016993
0 0.651838 0.096078 0.016912 0.019608
0 0.576471 0.084967 0.013235 0.018301
0 0.570588 0.067320 0.010294 0.016993
0 0.550735 0.005882 0.011765 0.011765
