2 0.148897 0.313725 0.084559 0.078431
2 0.125368 0.306536 0.091912 0.079739
0 0.048529 0.369281 0.061765 0.043137
0 0.597794 0.405229 0.048529 0.047059
0 0.587500 0.355556 0.047059 0.036601
0 0.535662 0.328758 0.024265 0.035294
0 0.515809 0.271242 0.015441 0.024837
0 0.472059 0.213072 0.022059 0.023529
0 0.399632 0.300654 0.030147 0.033987
2 0.473162 0.177124 0.016912 0.043137
2 0.501838 0.175817 0.012500 0.024837
0 0.927941 0.313072 0.032353 0.030065
0 0.954044 0.313725 0.031618 0.026144
0 0.818750 0.352288 0.043382 0.040523
2 0.597426 0.231373 0.137500 0.062745
1 0.630515 0.198693 0.040441 0.033987
1 0.531250 0.154902 0.015441 0.037908
2 0.576103 0.115033 0.065441 0.023529
2 0.499265 0.114379 0.010294 0.019608
2 0.536765 0.110458 0.008824 0.019608
2 0.447426 0.118954 0.050735 0.020915
2 0.417279 0.133333 0.075735 0.023529
0 0.466912 0.135948 0.013235 0.010458
0 0.250735 0.256209 0.036765 0.023529
0 0.276103 0.196732 0.018382 0.019608
0 0.245588 0.207190 0.019118 0.022222
0 0.390074 0.168627 0.016912 0.013072
0 0.372794 0.162745 0.019118 0.014379
0 0.386397 0.153595 0.008088 0.011765
0 0.355515 0.151634 0.009559 0.013072
0 0.364338 0.151634 0.009559 0.013072
