2 0.919118 0.270588 0.135294 0.075817
0 0.915441 0.408497 0.055882 0.045752
0 0.840074 0.383660 0.044853 0.037908
0 0.853676 0.366667 0.027941 0.035294
0 0.834559 0.301961 0.019118 0.028758
0 0.742279 0.283660 0.021324 0.028758
0 0.636029 0.347059 0.044118 0.040523
2 0.584559 0.382353 0.079412 0.066667
0 0.406985 0.360131 0.047794 0.035294
0 0.369853 0.369281 0.051471 0.043137
0 0.299265 0.330065 0.047059 0.043137
2 0.808824 0.238562 0.020588 0.037908
2 0.802941 0.181699 0.019118 0.041830
1 0.977574 0.232026 0.044853 0.040523
2 0.922426 0.137908 0.077206 0.027451
2 0.970588 0.171895 0.058824 0.032680
2 0.951838 0.164706 0.068382 0.033987
2 0.772426 0.136601 0.050735 0.024837
2 0.736397 0.149020 0.084559 0.028758
0 0.789338 0.152941 0.016912 0.013072
0 0.687132 0.175163 0.021324 0.015686
0 0.670221 0.164706 0.009559 0.015686
0 0.680882 0.166013 0.016176 0.013072
0 0.704779 0.160131 0.018382 0.014379
0 0.700735 0.167320 0.010294 0.013072
0 0.559926 0.260131 0.033088 0.023529
2 0.318015 0.259477 0.055147 0.037908
0 0.206985 0.258170 0.033088 0.030065
0 0.258824 0.270588 0.027941 0.023529
0 0.241544 0.265359 0.028676 0.028758
0 0.229779 0.260131 0.030147 0.028758
0 0.187132 0.252288 0.028676 0.028758
0 0.097426 0.201307 0.025735 0.020915
0 0.042279 0.213725 0.031618 0.019608
0 0.016912 0.214379 0.030882 0.020915
0 0.562500 0.213072 0.023529 0.020915
0 0.587500 0.203268 0.016176 0.022222
0 0.705147 0.183007 0.016176 0.013072
2 0.873162 0.130065 0.011029 0.019608
2 0.827206 0.132680 0.011765 0.019608
