1 0.729779 0.611111 0.062500 0.145098
1 0.571324 0.524183 0.088235 0.101961
1 0.445588 0.327451 0.058824 0.071895
1 0.477206 0.389542 0.044118 0.081046
1 0.331618 0.294118 0.050000 0.067974
1 0.441912 0.243137 0.055882 0.057516
1 0.357353 0.197386 0.036765 0.041830
1 0.322059 0.157516 0.036765 0.048366
1 0.287132 0.104575 0.030147 0.039216
1 0.208824 0.063399 0.027941 0.037908
2 0.429779 0.459477 0.063971 0.098039
7 0.404779 0.200654 0.013971 0.030065
7 0.050368 0.211765 0.018382 0.033987
1 0.131618 0.308497 0.086765 0.083660
1 0.137868 0.259477 0.088971 0.074510
5 0.033088 0.167974 0.066176 0.050980
7 0.030147 0.107190 0.020588 0.023529
0 0.038603 0.132026 0.011029 0.026144
7 0.033088 0.060784 0.016176 0.019608
7 0.033088 0.054902 0.016176 0.020915
1 0.054412 0.037908 0.036765 0.031373
1 0.059559 0.012418 0.038235 0.024837
7 0.100000 0.089542 0.022059 0.024837
7 0.098162 0.086928 0.019853 0.022222
1 0.143750 0.104575 0.025735 0.044444
1 0.148897 0.128105 0.030147 0.047059
1 0.138235 0.075817 0.023529 0.028758
0 0.128676 0.063399 0.016176 0.014379
1 0.119485 0.050327 0.037500 0.035294
1 0.133088 0.034641 0.019118 0.035294
4 0.152206 0.007843 0.013235 0.015686
7 0.165809 0.071895 0.009559 0.023529
1 0.233088 0.015686 0.022059 0.031373
0 0.219853 0.050980 0.007353 0.023529
7 0.301838 0.079085 0.018382 0.022222
0 0.355882 0.081699 0.016176 0.016993
5 0.381618 0.124837 0.033824 0.040523
5 0.415074 0.124183 0.031618 0.041830
7 0.386029 0.166013 0.022059 0.028758
7 0.379779 0.158170 0.019853 0.023529
4 0.480882 0.198039 0.039706 0.027451
4 0.516912 0.232026 0.027941 0.048366
7 0.469853 0.288235 0.026471 0.035294
7 0.575368 0.423529 0.030147 0.041830
7 0.601471 0.467320 0.032353 0.043137
4 0.915441 0.570588 0.027941 0.079739
0 0.975368 0.574510 0.040441 0.053595
0 0.280515 0.638562 0.019853 0.066667
7 0.320221 0.715686 0.019853 0.079739
7 0.545221 0.544444 0.028676 0.053595
7 0.721691 0.767974 0.053676 0.079739
7 0.291912 0.216340 0.011765 0.032680
