4 0.323897 0.824183 0.044853 0.147712
2 0.217647 0.703268 0.138235 0.154248
2 0.291912 0.567974 0.051471 0.132026
7 0.225368 0.528105 0.047794 0.049673
2 0.272059 0.468627 0.080882 0.079739
4 0.392647 0.452288 0.014706 0.047059
7 0.340441 0.305229 0.010294 0.035294
1 0.365074 0.177778 0.024265 0.041830
1 0.137132 0.273203 0.061029 0.057516
1 0.155147 0.284314 0.047059 0.053595
1 0.168750 0.188235 0.040441 0.044444
0 0.222426 0.158170 0.016912 0.023529
2 0.362868 0.132026 0.024265 0.049673
1 0.388603 0.154902 0.021324 0.037908
1 0.387132 0.115033 0.019853 0.033987
2 0.368015 0.101307 0.019853 0.035294
2 0.372059 0.079739 0.017647 0.033987
1 0.373529 0.066013 0.017647 0.027451
4 0.421691 0.104575 0.013971 0.018301
1 0.375000 0.052941 0.017647 0.030065
7 0.396324 0.045752 0.005882 0.015686
2 0.379779 0.022876 0.015441 0.024837
2 0.382721 0.007843 0.013971 0.015686
7 0.442647 0.097386 0.005882 0.022222
0 0.440809 0.008497 0.005147 0.014379
7 0.467279 0.017647 0.005147 0.014379
2 0.474265 0.043791 0.013235 0.022222
2 0.477206 0.055556 0.016176 0.027451
1 0.472426 0.069935 0.016912 0.022222
7 0.473162 0.085621 0.012500 0.014379
2 0.461765 0.102614 0.017647 0.030065
2 0.484559 0.094771 0.019118 0.032680
4 0.495956 0.117647 0.021324 0.020915
4 0.491912 0.136601 0.016176 0.024837
4 0.502574 0.152941 0.018382 0.026144
7 0.467647 0.205882 0.007353 0.027451
1 0.510294 0.056863 0.029412 0.027451
1 0.526471 0.090196 0.019118 0.033987
1 0.528309 0.123529 0.036029 0.024837
7 0.524632 0.249020 0.009559 0.032680
0 0.570956 0.345098 0.019853 0.033987
1 0.561029 0.396732 0.066176 0.079739
1 0.552206 0.477778 0.050000 0.087582
1 0.642647 0.418301 0.079412 0.065359
7 0.677941 0.466013 0.027941 0.056209
1 0.665809 0.194118 0.027206 0.037908
3 0.741176 0.168627 0.064706 0.073203
7 0.709191 0.333333 0.024265 0.026144
4 0.722059 0.362745 0.019118 0.053595
4 0.702206 0.387582 0.017647 0.048366
7 0.740441 0.416993 0.029412 0.039216
7 0.747794 0.411765 0.019118 0.036601
1 0.622794 0.671242 0.063235 0.124183
1 0.722426 0.696732 0.077206 0.138562
7 0.777941 0.833333 0.051471 0.058824
7 0.614338 0.868627 0.021324 0.090196
0 0.865809 0.573856 0.034559 0.049673
7 0.056985 0.920915 0.025735 0.095425
