0 0.254044 0.924183 0.078676 0.151634
0 0.512500 0.927451 0.061765 0.145098
2 0.398897 0.803922 0.077206 0.305882
2 0.395956 0.362745 0.046324 0.126797
0 0.570221 0.543137 0.041912 0.103268
0 0.559559 0.415033 0.038235 0.082353
0 0.985294 0.314379 0.029412 0.071895
0 0.988235 0.114379 0.023529 0.037908
0 0.977206 0.133333 0.045588 0.049673
0 0.938603 0.133987 0.043382 0.043137
0 0.905882 0.133333 0.033824 0.041830
0 0.871691 0.131373 0.040441 0.048366
0 0.545588 0.309804 0.033824 0.078431
0 0.467279 0.230065 0.028676 0.057516
0 0.413235 0.201961 0.029412 0.071895
0 0.360662 0.120915 0.036029 0.053595
0 0.402206 0.103922 0.023529 0.050980
0 0.472794 0.090196 0.022059 0.039216
0 0.464706 0.044444 0.022059 0.036601
0 0.508456 0.090850 0.024265 0.045752
0 0.512868 0.050327 0.021324 0.035294
0 0.466176 0.015033 0.020588 0.030065
0 0.527941 0.130719 0.025000 0.047059
0 0.533088 0.241176 0.027941 0.058824
2 0.506985 0.013725 0.027206 0.027451
