0 0.515809 0.616993 0.015441 0.031373
0 0.486029 0.543791 0.011765 0.026144
0 0.459191 0.527451 0.012500 0.022222
0 0.216544 0.654902 0.041912 0.031373
0 0.227574 0.675163 0.043382 0.027451
0 0.024265 0.783660 0.048529 0.037908
0 0.773162 0.930719 0.044853 0.065359
0 0.406250 0.566667 0.013971 0.019608
0 0.384191 0.624183 0.015441 0.019608
0 0.381618 0.649673 0.016176 0.023529
1 0.361765 0.742484 0.023529 0.052288
0 0.374632 0.717647 0.022794 0.028758
2 0.046691 0.757516 0.069853 0.040523
0 0.737868 0.856209 0.036029 0.054902
0 0.706985 0.789542 0.030147 0.049673
0 0.692279 0.758824 0.028676 0.048366
0 0.666176 0.706536 0.023529 0.037908
0 0.634926 0.647059 0.018382 0.028758
0 0.638235 0.618954 0.016176 0.024837
0 0.668015 0.964052 0.041912 0.071895
0 0.641912 0.888889 0.033824 0.075817
0 0.630882 0.828758 0.035294 0.054902
0 0.614706 0.788889 0.026471 0.040523
0 0.598162 0.741830 0.022794 0.050980
0 0.590809 0.714379 0.018382 0.035294
0 0.586397 0.684314 0.021324 0.048366
0 0.544853 0.541830 0.010294 0.014379
0 0.553309 0.562092 0.012500 0.023529
0 0.558088 0.579739 0.013235 0.024837
0 0.560662 0.601307 0.012500 0.018301
0 0.570956 0.633987 0.018382 0.036601
0 0.340441 0.583007 0.013235 0.018301
0 0.344118 0.773203 0.016176 0.037908
0 0.485662 0.477778 0.008088 0.016993
0 0.472059 0.475817 0.011765 0.015686
0 0.610294 0.589542 0.017647 0.023529
0 0.458456 0.516993 0.011029 0.019608
0 0.497426 0.424837 0.009559 0.013072
0 0.479044 0.420261 0.006618 0.009150
0 0.471691 0.434641 0.008088 0.009150
0 0.479412 0.465359 0.007353 0.013072
0 0.486397 0.503922 0.009559 0.016993
0 0.326838 0.877778 0.033088 0.077124
0 0.318015 0.951634 0.047794 0.067974
0 0.397794 0.599346 0.017647 0.027451
0 0.426471 0.505229 0.008824 0.019608
0 0.421691 0.524837 0.015441 0.014379
0 0.407353 0.548366 0.011765 0.016993
0 0.414338 0.483660 0.025735 0.015686
0 0.412500 0.472549 0.022059 0.011765
0 0.558824 0.465359 0.014706 0.018301
0 0.590074 0.450980 0.013971 0.015686
0 0.570588 0.440523 0.016176 0.013072
0 0.576471 0.511111 0.011765 0.013072
0 0.475000 0.398693 0.007353 0.010458
0 0.497794 0.392810 0.004412 0.009150
0 0.502941 0.401961 0.007353 0.006536
1 0.514706 0.393464 0.007353 0.013072
0 0.519118 0.405229 0.008824 0.005229
0 0.553676 0.435294 0.014706 0.010458
0 0.560662 0.437255 0.015441 0.011765
1 0.609926 0.441176 0.024265 0.019608
0 0.451471 0.403922 0.010294 0.010458
0 0.295588 0.681046 0.023529 0.039216
