1 0.404044 0.632026 0.052206 0.121569
2 0.152206 0.964052 0.158824 0.071895
1 0.233088 0.697386 0.116176 0.118954
2 0.309926 0.600000 0.065441 0.130719
2 0.268382 0.525490 0.094118 0.104575
6 0.277574 0.441830 0.161029 0.156863
2 0.301103 0.394771 0.094853 0.094118
1 0.501103 0.437255 0.040441 0.064052
1 0.531250 0.348366 0.034559 0.053595
7 0.302941 0.339216 0.019118 0.032680
1 0.316912 0.316340 0.058824 0.047059
1 0.323897 0.286275 0.034559 0.047059
1 0.363235 0.260784 0.025000 0.037908
1 0.327206 0.258170 0.026471 0.035294
1 0.347794 0.237908 0.030882 0.039216
1 0.344853 0.216340 0.022059 0.027451
1 0.348897 0.195425 0.016912 0.024837
1 0.351838 0.183660 0.018382 0.022222
1 0.358456 0.172549 0.016912 0.023529
1 0.336397 0.150980 0.028676 0.019608
1 0.353676 0.143791 0.027941 0.018301
1 0.360294 0.163399 0.013235 0.018301
1 0.361029 0.154248 0.013235 0.015686
1 0.454779 0.151634 0.025735 0.018301
2 0.461397 0.152941 0.011029 0.023529
1 0.458088 0.162745 0.020588 0.022222
1 0.484926 0.224837 0.018382 0.028758
1 0.470956 0.183660 0.015441 0.024837
1 0.484559 0.209804 0.019118 0.024837
1 0.466544 0.174510 0.013971 0.022222
1 0.466544 0.167320 0.013971 0.020915
7 0.389338 0.154902 0.003676 0.014379
7 0.403676 0.164706 0.007353 0.013072
7 0.387868 0.178431 0.003676 0.016993
7 0.450368 0.209804 0.008088 0.019608
0 0.462132 0.201961 0.005147 0.016993
7 0.507721 0.220261 0.015441 0.022222
7 0.501471 0.201307 0.013235 0.020915
