1 0.500000 0.500000 0.020588 0.071895
1 0.392647 0.646405 0.032353 0.035294
1 0.070956 0.836601 0.036029 0.049673
1 0.138235 0.874510 0.038235 0.031373
1 0.032353 0.780392 0.020588 0.067974
3 0.188235 0.654902 0.020588 0.094118
1 0.214338 0.829412 0.021324 0.079739
1 0.416176 0.826144 0.019118 0.073203
1 0.382353 0.843791 0.038235 0.037908
1 0.395956 0.593464 0.033088 0.039216
1 0.557353 0.773856 0.041176 0.041830
1 0.557721 0.705229 0.043382 0.035294
1 0.556618 0.646405 0.042647 0.035294
1 0.551838 0.953595 0.041912 0.035294
1 0.552941 0.913072 0.042647 0.035294
7 0.401471 0.739869 0.013235 0.010458
7 0.522426 0.738562 0.006618 0.015686
1 0.427941 0.256209 0.033824 0.099346
7 0.534191 0.232026 0.008088 0.016993
7 0.526471 0.184314 0.010294 0.013072
1 0.565074 0.418301 0.041912 0.060131
1 0.569118 0.567320 0.038235 0.039216
1 0.571324 0.184314 0.039706 0.036601
1 0.576103 0.139216 0.043382 0.048366
7 0.598529 0.202614 0.007353 0.026144
7 0.528309 0.527451 0.006618 0.016993
7 0.575368 0.238562 0.009559 0.027451
1 0.558456 0.849020 0.034559 0.027451
7 0.583824 0.922222 0.007353 0.030065
1 0.653309 0.092157 0.040441 0.030065
