1 0.378676 0.858170 0.023529 0.053595
1 0.383824 0.827451 0.019118 0.036601
1 0.387132 0.791503 0.016912 0.032680
1 0.391176 0.766013 0.017647 0.031373
1 0.397059 0.740523 0.016176 0.027451
1 0.395588 0.720261 0.016176 0.028758
1 0.396691 0.701961 0.013971 0.026144
1 0.402941 0.677778 0.014706 0.027451
1 0.402574 0.657516 0.013971 0.020915
1 0.401103 0.643137 0.011029 0.020915
1 0.327941 0.679085 0.032353 0.022222
2 0.331985 0.660784 0.027206 0.024837
6 0.484559 0.791503 0.025000 0.069281
1 0.511029 0.768627 0.019118 0.041830
1 0.611029 0.904575 0.029412 0.044444
1 0.680882 0.966013 0.026471 0.054902
1 0.775000 0.947712 0.042647 0.049673
1 0.662132 0.928758 0.031618 0.048366
1 0.806618 0.983007 0.047059 0.033987
2 0.750000 0.908497 0.025000 0.039216
1 0.644853 0.880392 0.032353 0.050980
1 0.627206 0.845098 0.025000 0.037908
1 0.613971 0.814379 0.025000 0.039216
2 0.603676 0.777778 0.025000 0.041830
1 0.590074 0.758824 0.024265 0.030065
3 0.701471 0.821569 0.030882 0.043137
1 0.684191 0.796732 0.027206 0.032680
2 0.666912 0.764706 0.019118 0.033987
7 0.675000 0.836601 0.007353 0.023529
1 0.569485 0.720261 0.015441 0.023529
1 0.563235 0.701307 0.017647 0.024837
2 0.608088 0.675817 0.016176 0.026144
1 0.593750 0.651634 0.015441 0.022222
1 0.554044 0.670588 0.015441 0.023529
1 0.547426 0.657516 0.013971 0.020915
1 0.539706 0.643791 0.013235 0.024837
1 0.535294 0.630719 0.013235 0.019608
1 0.530515 0.621569 0.011029 0.016993
1 0.523897 0.609804 0.011029 0.019608
1 0.521691 0.602614 0.009559 0.015686
1 0.518382 0.592810 0.010294 0.019608
1 0.583088 0.637255 0.013235 0.016993
1 0.573897 0.622222 0.011029 0.015686
1 0.569853 0.615033 0.013235 0.019608
1 0.561397 0.600654 0.012500 0.016993
1 0.568382 0.588889 0.016176 0.014379
1 0.475735 0.616340 0.011765 0.022222
7 0.507353 0.604575 0.004412 0.011765
1 0.009191 0.716993 0.018382 0.024837
1 0.058824 0.672549 0.038235 0.022222
1 0.066544 0.666013 0.036029 0.019608
1 0.008088 0.662092 0.016176 0.022222
1 0.009191 0.652941 0.018382 0.019608
1 0.080882 0.650980 0.030882 0.020915
2 0.069485 0.623529 0.024265 0.023529
2 0.024632 0.620261 0.019853 0.022222
2 0.083824 0.605882 0.019118 0.019608
2 0.084559 0.616340 0.016176 0.022222
1 0.406618 0.585621 0.010294 0.015686
1 0.408824 0.568627 0.008824 0.015686
1 0.409926 0.555556 0.008088 0.015686
1 0.414706 0.538562 0.010294 0.013072
2 0.416544 0.526144 0.006618 0.014379
1 0.440074 0.539216 0.006618 0.011765
1 0.439706 0.532680 0.005882 0.011765
1 0.507721 0.568627 0.008088 0.010458
1 0.504044 0.558824 0.008088 0.011765
2 0.501838 0.551634 0.008088 0.013072
1 0.496324 0.543137 0.007353 0.009150
1 0.466176 0.506536 0.005882 0.009150
1 0.443015 0.498693 0.006618 0.009150
1 0.421324 0.498039 0.010294 0.007843
2 0.452941 0.498039 0.005882 0.010458
1 0.447059 0.495425 0.005882 0.010458
1 0.440809 0.490196 0.005147 0.007843
1 0.468382 0.486928 0.004412 0.006536
1 0.465809 0.481699 0.005147 0.009150
1 0.453309 0.471895 0.008088 0.007843
1 0.440441 0.469281 0.004412 0.007843
1 0.442279 0.452941 0.003676 0.006536
0 0.445221 0.554248 0.003676 0.010458
1 0.452941 0.505882 0.005882 0.010458
7 0.449632 0.527451 0.005147 0.006536
7 0.444485 0.522876 0.002206 0.007843
