0 0.023897 0.785621 0.047794 0.060131
0 0.037132 0.751634 0.074265 0.060131
0 0.079779 0.720915 0.071324 0.048366
0 0.106250 0.698039 0.071324 0.047059
0 0.137132 0.639216 0.052206 0.047059
0 0.261029 0.591503 0.025000 0.037908
0 0.296691 0.548366 0.019853 0.035294
0 0.320956 0.515033 0.019853 0.031373
0 0.336765 0.492810 0.032353 0.023529
0 0.333824 0.481046 0.016176 0.020915
0 0.404779 0.463399 0.013971 0.019608
0 0.733824 0.779085 0.038235 0.057516
0 0.801838 0.724837 0.043382 0.040523
2 0.652574 0.557516 0.043382 0.090196
0 0.468015 0.732680 0.027206 0.061438
0 0.465809 0.575163 0.019853 0.033987
0 0.533456 0.526144 0.015441 0.024837
0 0.509191 0.514379 0.013971 0.024837
0 0.479044 0.520915 0.016912 0.027451
0 0.541176 0.472549 0.011765 0.022222
0 0.579044 0.449673 0.012500 0.020915
2 0.600735 0.467320 0.023529 0.045752
0 0.343750 0.420915 0.012500 0.018301
0 0.510662 0.411765 0.009559 0.013072
0 0.501103 0.382353 0.008088 0.011765
0 0.418015 0.432026 0.011029 0.016993
