3 0.390809 0.216340 0.011029 0.016993
2 0.364338 0.283660 0.013971 0.026144
1 0.388971 0.324837 0.017647 0.027451
2 0.342279 0.397386 0.025735 0.047059
1 0.343015 0.371895 0.021324 0.032680
1 0.422426 0.284967 0.012500 0.023529
1 0.417279 0.270588 0.011029 0.018301
1 0.426103 0.257516 0.011029 0.015686
4 0.423162 0.236601 0.005147 0.013072
3 0.432721 0.224837 0.008088 0.007843
1 0.433824 0.231373 0.007353 0.013072
1 0.439706 0.239216 0.008824 0.013072
2 0.443382 0.247712 0.008824 0.019608
1 0.446691 0.257516 0.009559 0.015686
1 0.450368 0.263399 0.011029 0.016993
1 0.458088 0.276471 0.014706 0.019608
1 0.463603 0.290850 0.015441 0.016993
1 0.466176 0.301961 0.013235 0.018301
4 0.451103 0.303268 0.012500 0.023529
1 0.435662 0.335294 0.016912 0.030065
1 0.491544 0.346405 0.021324 0.031373
4 0.443382 0.381699 0.017647 0.031373
1 0.477941 0.211111 0.014706 0.011765
1 0.530882 0.261438 0.026471 0.018301
2 0.260294 0.245752 0.014706 0.023529
2 0.243015 0.228758 0.009559 0.018301
1 0.245221 0.260131 0.013971 0.018301
4 0.237132 0.271895 0.022794 0.020915
1 0.215809 0.287582 0.015441 0.018301
1 0.205147 0.295425 0.020588 0.018301
1 0.198162 0.283007 0.016912 0.019608
1 0.200368 0.306536 0.019853 0.022222
1 0.174265 0.279739 0.017647 0.020915
1 0.126838 0.325490 0.043382 0.023529
1 0.078309 0.349673 0.049265 0.030065
1 0.040074 0.393464 0.038971 0.033987
2 0.021691 0.400000 0.043382 0.039216
7 0.029044 0.424837 0.027206 0.023529
7 0.007353 0.434641 0.014706 0.024837
1 0.041544 0.521569 0.058088 0.073203
1 0.075000 0.459477 0.051471 0.056209
4 0.119485 0.420915 0.024265 0.041830
1 0.231985 0.320915 0.041912 0.022222
1 0.232353 0.334641 0.041176 0.028758
1 0.239706 0.399346 0.033824 0.040523
1 0.077574 0.650327 0.118382 0.197386
1 0.311029 0.711111 0.061765 0.143791
1 0.400735 0.657516 0.048529 0.101961
1 0.397059 0.537255 0.038235 0.078431
2 0.322794 0.493464 0.048529 0.077124
1 0.343015 0.400000 0.025735 0.041830
1 0.344118 0.373203 0.022059 0.032680
1 0.389338 0.325490 0.019853 0.031373
1 0.322059 0.186928 0.008824 0.010458
1 0.318382 0.189542 0.008824 0.010458
1 0.314338 0.192810 0.011029 0.011765
2 0.267647 0.213725 0.013235 0.014379
2 0.242647 0.228105 0.010294 0.016993
2 0.259559 0.245752 0.014706 0.023529
1 0.245221 0.258824 0.013971 0.015686
5 0.237500 0.273856 0.022059 0.022222
1 0.216544 0.284967 0.018382 0.018301
1 0.338235 0.215686 0.005882 0.010458
1 0.332721 0.225490 0.006618 0.011765
2 0.327941 0.230719 0.008824 0.016993
1 0.323897 0.241830 0.012500 0.015686
3 0.390809 0.216340 0.011029 0.019608
2 0.364338 0.284314 0.012500 0.027451
3 0.422794 0.204575 0.008824 0.011765
1 0.433456 0.224837 0.008088 0.013072
1 0.433824 0.232026 0.008824 0.014379
1 0.438971 0.240523 0.008824 0.015686
2 0.444118 0.247059 0.010294 0.018301
1 0.447426 0.257516 0.009559 0.015686
1 0.450735 0.263399 0.010294 0.014379
1 0.458088 0.276471 0.013235 0.019608
1 0.463603 0.291503 0.013971 0.018301
1 0.465809 0.303268 0.013971 0.020915
5 0.451838 0.302614 0.011029 0.027451
4 0.422794 0.235294 0.004412 0.010458
1 0.426838 0.256209 0.009559 0.015686
1 0.417279 0.268627 0.012500 0.016993
1 0.422794 0.284314 0.013235 0.022222
1 0.435294 0.334641 0.017647 0.028758
1 0.491544 0.346405 0.022794 0.031373
1 0.455882 0.454248 0.029412 0.043137
7 0.450000 0.485621 0.017647 0.027451
1 0.668382 0.746405 0.077941 0.099346
1 0.627206 0.649020 0.060294 0.079739
7 0.463603 0.400000 0.006618 0.020915
7 0.472794 0.423529 0.005882 0.020915
4 0.482721 0.386928 0.021324 0.023529
1 0.494853 0.413072 0.033824 0.036601
1 0.511029 0.396732 0.020588 0.032680
1 0.532721 0.437255 0.025735 0.040523
1 0.534191 0.297386 0.018382 0.019608
0 0.923162 0.536601 0.021324 0.040523
7 0.880515 0.528105 0.015441 0.031373
7 0.804779 0.644444 0.024265 0.047059
7 0.804412 0.490850 0.023529 0.024837
7 0.687500 0.328758 0.008824 0.022222
7 0.707721 0.345752 0.008088 0.016993
0 0.699632 0.341830 0.005147 0.014379
7 0.750000 0.371895 0.014706 0.022222
7 0.760662 0.386928 0.016912 0.023529
0 0.769853 0.394771 0.013235 0.020915
1 0.570221 0.522876 0.040441 0.054902
0 0.566544 0.605882 0.008088 0.024837
7 0.869853 0.472549 0.022059 0.022222
