2 0.224479 0.553704 0.171875 0.166667
0 0.241667 0.262963 0.020833 0.018519
0 0.494271 0.377778 0.023958 0.025926
2 0.608333 0.253704 0.016667 0.022222
0 0.646875 0.272222 0.014583 0.018519
2 0.551042 0.239815 0.035417 0.050000
0 0.558854 0.185185 0.007292 0.011111
0 0.516146 0.180556 0.013542 0.012963
0 0.577604 0.213889 0.015625 0.012963
0 0.601562 0.187963 0.015625 0.012963
0 0.606771 0.186111 0.017708 0.012963
0 0.587500 0.198148 0.020833 0.014815
0 0.732292 0.151852 0.008333 0.011111
0 0.730208 0.223148 0.014583 0.012963
0 0.735938 0.218519 0.011458 0.011111
0 0.741146 0.214815 0.013542 0.011111
0 0.693229 0.137037 0.013542 0.007407
0 0.799479 0.159259 0.013542 0.011111
0 0.789062 0.138889 0.009375 0.007407
0 0.802604 0.144444 0.009375 0.007407
2 0.819792 0.144444 0.018750 0.014815
0 0.792708 0.122222 0.008333 0.007407
