0 0.401302 0.909259 0.078646 0.135185
0 0.275521 0.864352 0.087500 0.117593
0 0.388802 0.789352 0.056771 0.095370
0 0.402344 0.705093 0.040104 0.065741
0 0.469792 0.686574 0.036458 0.063889
0 0.385156 0.647222 0.028646 0.042593
0 0.277083 0.723611 0.096875 0.069444
0 0.579167 0.972222 0.102083 0.050000
0 0.560156 0.903241 0.081771 0.115741
0 0.537760 0.814352 0.061979 0.091667
0 0.529427 0.755556 0.050521 0.066667
0 0.523177 0.712500 0.039062 0.058333
0 0.507812 0.646296 0.026042 0.040741
0 0.477604 0.603241 0.019792 0.028704
0 0.429948 0.672222 0.033854 0.048148
0 0.434115 0.640741 0.030729 0.038889
0 0.442448 0.616204 0.023438 0.034259
0 0.448958 0.595370 0.016667 0.029630
0 0.457813 0.579167 0.012500 0.023148
0 0.453906 0.566204 0.013021 0.023148
0 0.474479 0.560185 0.012500 0.018519
0 0.400781 0.621296 0.024479 0.031481
0 0.423698 0.575926 0.016146 0.025926
0 0.432031 0.561574 0.014063 0.021296
0 0.405469 0.607407 0.024479 0.031481
