0 0.130515 0.525490 0.053676 0.041830
0 0.235662 0.842484 0.021324 0.045752
0 0.433088 0.912418 0.060294 0.122876
0 0.475735 0.738562 0.048529 0.096732
0 0.528309 0.525490 0.028676 0.047059
0 0.515441 0.596732 0.029412 0.053595
0 0.570588 0.524183 0.022059 0.039216
0 0.641544 0.463399 0.018382 0.035294
0 0.514338 0.476471 0.021324 0.035294
0 0.441176 0.469935 0.023529 0.032680
0 0.475000 0.409804 0.020588 0.024837
0 0.543750 0.455556 0.021324 0.040523
0 0.612500 0.411765 0.017647 0.026144
0 0.558456 0.404575 0.015441 0.027451
0 0.612500 0.349673 0.013235 0.019608
0 0.546691 0.723529 0.038971 0.079739
0 0.757353 0.521569 0.025000 0.039216
0 0.748162 0.497386 0.025735 0.035294
0 0.737500 0.473203 0.022059 0.028758
0 0.573162 0.467320 0.021324 0.043137
0 0.540074 0.429412 0.024265 0.030065
0 0.538603 0.411111 0.015441 0.024837
0 0.583088 0.367320 0.013235 0.020915
0 0.566912 0.345752 0.011765 0.019608
0 0.613235 0.326797 0.011765 0.015686
0 0.619485 0.288889 0.008088 0.015686
0 0.576838 0.434641 0.019853 0.030065
0 0.579779 0.409150 0.015441 0.023529
0 0.584191 0.389542 0.015441 0.023529
0 0.614706 0.388889 0.016176 0.019608
0 0.612132 0.311765 0.009559 0.014379
0 0.615809 0.300654 0.008088 0.010458
0 0.499632 0.365359 0.013971 0.022222
0 0.505147 0.357516 0.011765 0.016993
0 0.511765 0.349673 0.011765 0.016993
0 0.530515 0.312418 0.011029 0.015686
0 0.590441 0.266667 0.007353 0.013072
0 0.600735 0.266013 0.007353 0.011765
0 0.612868 0.280392 0.008088 0.011765
0 0.618382 0.269281 0.007353 0.010458
0 0.686397 0.342484 0.013971 0.015686
0 0.682721 0.331373 0.011029 0.014379
0 0.677941 0.318954 0.010294 0.015686
0 0.748162 0.340523 0.012500 0.014379
