1 0.553309 0.377124 0.069853 0.084967
1 0.637500 0.293464 0.069118 0.082353
1 0.449265 0.176471 0.041176 0.052288
1 0.245956 0.335294 0.080147 0.074510
1 0.242279 0.715686 0.102206 0.155556
1 0.084559 0.397386 0.098529 0.075817
1 0.445588 0.740523 0.055882 0.168627
2 0.448162 0.517647 0.066912 0.167320
1 0.128676 0.593464 0.113235 0.099346
0 0.345956 0.126144 0.022794 0.019608
1 0.481250 0.089542 0.030147 0.048366
1 0.433824 0.070588 0.026471 0.049673
1 0.405515 0.094118 0.028676 0.054902
1 0.400000 0.049673 0.020588 0.041830
1 0.404779 0.014379 0.022794 0.028758
1 0.428676 0.020261 0.023529 0.040523
1 0.752206 0.247059 0.044118 0.054902
1 0.861765 0.219608 0.066176 0.065359
1 0.766176 0.166667 0.060294 0.048366
1 0.800368 0.196732 0.065441 0.053595
1 0.833088 0.151634 0.060294 0.049673
1 0.822426 0.131373 0.061029 0.040523
1 0.885294 0.119608 0.052941 0.045752
1 0.918382 0.135948 0.057353 0.049673
1 0.960294 0.100654 0.054412 0.047059
1 0.965074 0.153595 0.055147 0.058824
2 0.763235 0.132680 0.055882 0.040523
0 0.758088 0.108497 0.014706 0.023529
0 0.987500 0.053595 0.017647 0.023529
1 0.536765 0.915686 0.077941 0.168627
6 0.662132 0.873203 0.134559 0.253595
