1 0.664583 0.872222 0.045833 0.133333
7 0.857292 0.925000 0.029167 0.046296
1 0.502604 0.500926 0.028125 0.075926
1 0.559375 0.351852 0.027083 0.059259
1 0.817187 0.441667 0.053125 0.046296
5 0.851042 0.098148 0.016667 0.040741
1 0.868750 0.097222 0.025000 0.042593
1 0.890625 0.100926 0.025000 0.035185
1 0.907813 0.094444 0.015625 0.029630
1 0.865104 0.053704 0.032292 0.025926
1 0.867188 0.018519 0.021875 0.025926
4 0.842708 0.023148 0.014583 0.016667
1 0.707812 0.101852 0.019792 0.033333
1 0.738021 0.100926 0.019792 0.035185
1 0.751563 0.049074 0.021875 0.027778
1 0.731771 0.044444 0.017708 0.033333
1 0.693750 0.037963 0.018750 0.031481
1 0.669792 0.036111 0.018750 0.031481
1 0.743229 0.022222 0.036458 0.025926
3 0.303646 0.328704 0.026042 0.061111
1 0.469792 0.213889 0.018750 0.042593
1 0.325000 0.250926 0.025000 0.053704
1 0.284375 0.238889 0.043750 0.037037
2 0.338542 0.198148 0.022917 0.048148
1 0.311979 0.162963 0.040625 0.025926
1 0.312500 0.141667 0.037500 0.024074
1 0.326042 0.123148 0.037500 0.027778
1 0.323958 0.100926 0.037500 0.024074
1 0.314063 0.075000 0.036458 0.027778
1 0.335938 0.058333 0.032292 0.024074
1 0.353125 0.025926 0.031250 0.029630
3 0.371354 0.115741 0.021875 0.046296
1 0.370833 0.087963 0.018750 0.035185
1 0.416146 0.094444 0.017708 0.037037
1 0.438542 0.109259 0.018750 0.040741
4 0.376563 0.163889 0.013542 0.031481
1 0.464062 0.043519 0.017708 0.035185
1 0.551562 0.059259 0.013542 0.029630
1 0.528646 0.043519 0.013542 0.027778
2 0.492188 0.012963 0.015625 0.025926
3 0.442188 0.012037 0.015625 0.024074
1 0.410417 0.014815 0.014583 0.029630
1 0.390104 0.017593 0.017708 0.027778
