0 0.487132 0.943791 0.087500 0.091503
0 0.677574 0.973856 0.091912 0.052288
0 0.736029 0.898039 0.085294 0.078431
0 0.603309 0.772549 0.077206 0.070588
0 0.744853 0.733987 0.079412 0.071895
0 0.723897 0.666667 0.071324 0.070588
0 0.544118 0.711765 0.076471 0.074510
0 0.589706 0.655556 0.069118 0.053595
0 0.682721 0.606536 0.071324 0.052288
0 0.680147 0.558824 0.061765 0.048366
0 0.789338 0.601961 0.066912 0.056209
0 0.919118 0.746405 0.069118 0.062745
0 0.882721 0.695425 0.071324 0.065359
0 0.871324 0.633987 0.069118 0.057516
0 0.900368 0.573203 0.062500 0.053595
0 0.977206 0.726144 0.045588 0.064052
0 0.986765 0.604575 0.026471 0.053595
0 0.562500 0.510458 0.027941 0.061438
0 0.552206 0.411765 0.020588 0.044444
0 0.493750 0.423529 0.024265 0.065359
0 0.425000 0.458170 0.027941 0.061438
0 0.432353 0.386928 0.025000 0.057516
0 0.466912 0.294771 0.019118 0.045752
0 0.489338 0.284314 0.018382 0.040523
2 0.488603 0.222222 0.022794 0.073203
2 0.466544 0.203922 0.015441 0.039216
0 0.489706 0.190196 0.016176 0.035294
0 0.467647 0.162745 0.016176 0.032680
0 0.529044 0.122876 0.016912 0.026144
0 0.469118 0.115033 0.014706 0.028758
0 0.497059 0.141176 0.011765 0.028758
1 0.550000 0.086275 0.022059 0.062745
0 0.538603 0.052941 0.021324 0.056209
0 0.543750 0.007190 0.011029 0.014379
0 0.514338 0.018301 0.012500 0.023529
0 0.498897 0.007843 0.011029 0.015686
2 0.485662 0.018301 0.012500 0.036601
0 0.013971 0.106536 0.027941 0.030065
0 0.033456 0.081046 0.034559 0.023529
0 0.058088 0.064052 0.017647 0.023529
0 0.072794 0.069281 0.020588 0.026144
0 0.118015 0.072549 0.019853 0.024837
0 0.140074 0.071242 0.016912 0.024837
0 0.120221 0.107843 0.027206 0.030065
0 0.171324 0.111111 0.020588 0.026144
0 0.200000 0.105229 0.020588 0.030065
0 0.225368 0.104575 0.018382 0.028758
0 0.144118 0.037255 0.032353 0.024837
0 0.263971 0.108497 0.020588 0.028758
0 0.298529 0.047712 0.013235 0.022222
2 0.358456 0.013072 0.015441 0.026144
0 0.901471 0.284967 0.042647 0.033987
0 0.986029 0.237908 0.027941 0.031373
0 0.975000 0.224183 0.030882 0.027451
0 0.965074 0.214379 0.034559 0.031373
0 0.954412 0.198039 0.036765 0.027451
0 0.987132 0.194118 0.025735 0.024837
0 0.904412 0.242484 0.039706 0.040523
0 0.885294 0.226797 0.039706 0.035294
0 0.874265 0.213725 0.042647 0.037908
0 0.701838 0.070588 0.016912 0.023529
0 0.687868 0.043137 0.015441 0.026144
0 0.680147 0.022222 0.013235 0.020915
0 0.751471 0.071242 0.014706 0.019608
0 0.763603 0.069281 0.016912 0.020915
0 0.776838 0.067320 0.016912 0.019608
0 0.791176 0.068627 0.019118 0.019608
0 0.805882 0.067320 0.019118 0.022222
0 0.850000 0.055556 0.026471 0.019608
0 0.853309 0.049020 0.025735 0.019608
0 0.697059 0.030719 0.014706 0.019608
0 0.712500 0.013072 0.023529 0.015686
0 0.761765 0.037908 0.016176 0.023529
0 0.773529 0.037908 0.017647 0.020915
0 0.784926 0.035294 0.018382 0.023529
0 0.804044 0.036601 0.016912 0.018301
0 0.817647 0.036601 0.017647 0.018301
0 0.836397 0.033987 0.019853 0.026144
0 0.761765 0.024183 0.014706 0.016993
0 0.772794 0.024837 0.013235 0.018301
0 0.786029 0.023529 0.014706 0.018301
0 0.798897 0.025490 0.012500 0.016993
0 0.810662 0.022222 0.015441 0.015686
0 0.822794 0.022222 0.014706 0.015686
0 0.801471 0.009804 0.019118 0.014379
