1 0.546691 0.433333 0.041912 0.079739
1 0.137132 0.649020 0.083088 0.155556
1 0.079779 0.826797 0.094853 0.173856
1 0.086765 0.290850 0.079412 0.050980
1 0.087500 0.473856 0.105882 0.066667
1 0.226471 0.223529 0.032353 0.052288
2 0.081618 0.532680 0.098529 0.087582
1 0.308088 0.198693 0.032353 0.049673
1 0.319485 0.163399 0.027206 0.049673
1 0.337132 0.108497 0.018382 0.033987
1 0.345956 0.086275 0.018382 0.044444
1 0.355515 0.050980 0.025735 0.031373
3 0.366912 0.025490 0.014706 0.019608
0 0.277941 0.418301 0.008824 0.020915
0 0.327574 0.313072 0.008088 0.022222
1 0.016912 0.281699 0.033824 0.050980
