2 0.616146 0.744444 0.065625 0.142593
2 0.579167 0.573611 0.047917 0.113889
2 0.472396 0.580556 0.038542 0.081481
2 0.534375 0.429167 0.027083 0.045370
0 0.528125 0.406019 0.020833 0.034259
0 0.815885 0.426852 0.046354 0.040741
0 0.839583 0.405093 0.047917 0.032407
0 0.826302 0.396296 0.046354 0.029630
2 0.754948 0.348148 0.036979 0.038889
2 0.688542 0.314815 0.045833 0.040741
2 0.513021 0.334722 0.019792 0.039815
2 0.509635 0.318056 0.016146 0.032407
0 0.480469 0.298148 0.010937 0.020370
0 0.460417 0.271759 0.010417 0.015741
0 0.478906 0.284722 0.010937 0.017593
0 0.477865 0.269444 0.009896 0.014815
2 0.496615 0.276852 0.010937 0.020370
0 0.476823 0.251852 0.008854 0.012963
2 0.181771 0.270370 0.035417 0.022222
0 0.472396 0.227315 0.008333 0.012037
1 0.482552 0.211574 0.010937 0.025000
2 0.495052 0.264352 0.014063 0.030556
2 0.493229 0.250463 0.012500 0.028704
0 0.451823 0.219444 0.006771 0.014815
0 0.468490 0.200926 0.005729 0.007407
