0 0.863603 0.880392 0.086029 0.152941
0 0.750735 0.554902 0.044118 0.077124
0 0.715441 0.462092 0.038235 0.064052
0 0.637868 0.254248 0.018382 0.027451
0 0.575000 0.320915 0.022059 0.037908
0 0.518382 0.237908 0.019118 0.033987
0 0.477574 0.341176 0.022794 0.047059
0 0.453309 0.289542 0.021324 0.040523
0 0.405882 0.366013 0.026471 0.052288
0 0.392279 0.413725 0.030147 0.050980
0 0.434559 0.462745 0.029412 0.067974
0 0.374265 0.520261 0.039706 0.078431
0 0.336765 0.656863 0.048529 0.103268
0 0.106985 0.856209 0.083088 0.154248
0 0.041176 0.975163 0.076471 0.049673
0 0.227574 0.547059 0.053676 0.082353
0 0.271324 0.444444 0.038235 0.060131
0 0.295221 0.398039 0.033088 0.053595
0 0.324265 0.314379 0.026471 0.050980
0 0.355515 0.247712 0.022794 0.043137
0 0.437132 0.176471 0.024265 0.026144
0 0.490441 0.169281 0.030882 0.027451
0 0.519118 0.180392 0.032353 0.026144
0 0.483456 0.139869 0.012500 0.023529
0 0.464338 0.132680 0.012500 0.024837
0 0.592279 0.132680 0.012500 0.022222
0 0.583088 0.101307 0.013235 0.022222
0 0.538235 0.103268 0.011765 0.018301
0 0.534926 0.065359 0.008088 0.018301
0 0.491176 0.087582 0.010294 0.018301
0 0.474632 0.105229 0.011029 0.019608
0 0.460662 0.090850 0.011029 0.019608
0 0.484926 0.071895 0.008088 0.015686
0 0.485294 0.056863 0.008824 0.014379
0 0.486397 0.021569 0.006618 0.011765
0 0.497426 0.026797 0.006618 0.011765
0 0.494485 0.007843 0.005147 0.010458
0 0.423162 0.087582 0.009559 0.015686
