1 0.161198 0.950463 0.074479 0.099074
7 0.054948 0.595370 0.046354 0.038889
0 0.080990 0.609722 0.028646 0.036111
7 0.146094 0.622222 0.015104 0.035185
1 0.323698 0.351389 0.020313 0.032407
0 0.135677 0.462500 0.007812 0.026852
0 0.248698 0.334722 0.005729 0.019444
0 0.178385 0.426852 0.009896 0.024074
0 0.184375 0.402778 0.007292 0.022222
0 0.194792 0.402315 0.007292 0.023148
2 0.135677 0.411111 0.033854 0.057407
2 0.136719 0.393519 0.042188 0.035185
1 0.143490 0.387037 0.038021 0.029630
1 0.152083 0.377778 0.044792 0.025926
1 0.154427 0.367130 0.046354 0.026852
1 0.159635 0.360185 0.044271 0.024074
1 0.326302 0.230556 0.018229 0.014815
1 0.359896 0.237963 0.016667 0.014815
0 0.228125 0.343056 0.005208 0.017593
1 0.181510 0.347222 0.044271 0.025926
1 0.188542 0.339352 0.040625 0.025000
1 0.185677 0.334722 0.039062 0.025000
1 0.190625 0.327778 0.042708 0.020370
1 0.197917 0.320833 0.038542 0.021296
1 0.200781 0.310648 0.036979 0.017593
1 0.373958 0.944907 0.061458 0.110185
1 0.609115 0.870833 0.060937 0.121296
1 0.528385 0.790278 0.053646 0.115741
1 0.588802 0.749537 0.067187 0.082407
1 0.595313 0.683796 0.043750 0.071296
1 0.399479 0.618981 0.037500 0.071296
1 0.454687 0.684259 0.037500 0.070370
1 0.580729 0.599074 0.038542 0.059259
1 0.508594 0.639352 0.038021 0.067593
1 0.453906 0.601389 0.032813 0.056481
1 0.408854 0.463426 0.026042 0.041667
1 0.531250 0.493981 0.025000 0.041667
1 0.490104 0.557870 0.029167 0.052778
1 0.495833 0.502778 0.030208 0.042593
1 0.455469 0.547222 0.028646 0.046296
1 0.450000 0.497222 0.027083 0.042593
1 0.481771 0.463426 0.022917 0.041667
1 0.447135 0.460648 0.023438 0.039815
1 0.448698 0.431481 0.021354 0.033333
1 0.447656 0.403704 0.019271 0.027778
1 0.446094 0.384722 0.018229 0.028704
1 0.417187 0.373611 0.019792 0.028704
1 0.419010 0.322685 0.015104 0.023148
1 0.422396 0.290278 0.012500 0.019444
0 0.952083 0.964815 0.027083 0.064815
0 0.872135 0.853241 0.023438 0.065741
7 0.848177 0.730093 0.015104 0.049074
1 0.690365 0.698611 0.080729 0.078704
1 0.652083 0.584259 0.075000 0.055556
2 0.647656 0.543981 0.084896 0.056481
1 0.628646 0.521759 0.067708 0.049074
1 0.625000 0.497222 0.059375 0.037037
0 0.688542 0.519444 0.012500 0.033333
0 0.671615 0.498148 0.009896 0.025926
0 0.633854 0.452315 0.007292 0.026852
7 0.653906 0.478704 0.008854 0.025926
1 0.402865 0.250926 0.017188 0.012963
1 0.425260 0.268519 0.010937 0.016667
2 0.446354 0.360185 0.016667 0.027778
1 0.443750 0.345833 0.016667 0.025000
1 0.445052 0.331481 0.016146 0.024074
1 0.443750 0.319444 0.014583 0.024074
1 0.444010 0.304630 0.013021 0.018519
1 0.441667 0.282870 0.011458 0.013889
1 0.443490 0.289815 0.013021 0.014815
1 0.526042 0.422222 0.019792 0.033333
1 0.519531 0.388889 0.019271 0.029630
1 0.517708 0.358796 0.017708 0.030556
1 0.512760 0.330556 0.016146 0.025926
1 0.432552 0.225463 0.021354 0.013889
1 0.427604 0.232870 0.015625 0.013889
1 0.453646 0.238426 0.021875 0.015741
1 0.505990 0.312963 0.014063 0.020370
1 0.501563 0.298148 0.013542 0.018519
6 0.483854 0.399074 0.037500 0.090741
6 0.472396 0.338426 0.028125 0.063889
1 0.462240 0.294907 0.014063 0.019444
1 0.460677 0.282870 0.011979 0.019444
1 0.464323 0.306019 0.014063 0.017593
7 0.467969 0.234259 0.006771 0.009259
1 0.483594 0.242130 0.019271 0.015741
6 0.490885 0.261574 0.019271 0.041667
1 0.491927 0.341204 0.011979 0.025000
1 0.490365 0.326852 0.014063 0.020370
1 0.483594 0.309722 0.013021 0.023148
2 0.482031 0.293981 0.015104 0.025000
1 0.479427 0.285648 0.011979 0.017593
