1 0.179044 0.686275 0.112500 0.172549
1 0.067279 0.806536 0.106618 0.190850
7 0.005882 0.843791 0.011765 0.111111
7 0.328676 0.444444 0.029412 0.036601
7 0.394118 0.612418 0.022059 0.079739
1 0.433824 0.798039 0.092647 0.257516
1 0.550000 0.613072 0.057353 0.180392
1 0.536029 0.327451 0.041176 0.105882
1 0.525000 0.224183 0.038235 0.087582
1 0.502941 0.077778 0.027941 0.053595
1 0.508088 0.134641 0.032353 0.086275
1 0.498897 0.024837 0.027206 0.049673
1 0.944853 0.738562 0.105882 0.120261
7 0.957353 0.612418 0.052941 0.058824
7 0.535662 0.058824 0.011029 0.036601
7 0.577941 0.041830 0.008824 0.033987
2 0.661029 0.030065 0.057353 0.054902
0 0.653676 0.173203 0.010294 0.043137
7 0.687868 0.121569 0.024265 0.033987
7 0.723529 0.216993 0.027941 0.041830
7 0.712132 0.213072 0.030147 0.033987
7 0.754412 0.141830 0.025000 0.032680
7 0.743750 0.128105 0.021324 0.031373
