0 0.461719 0.706019 0.031771 0.075000
1 0.592969 0.712963 0.091146 0.183333
1 0.653385 0.906944 0.079687 0.097222
0 0.611719 0.654630 0.030729 0.055556
0 0.609115 0.608333 0.028646 0.051852
0 0.600521 0.562037 0.026042 0.046296
0 0.488021 0.916667 0.047917 0.070370
0 0.188802 0.893519 0.074479 0.109259
0 0.346875 0.654167 0.037500 0.056481
0 0.408333 0.619907 0.031250 0.056481
0 0.329948 0.590278 0.035937 0.058333
1 0.197135 0.746296 0.103646 0.244444
1 0.298698 0.537037 0.069271 0.125926
0 0.378125 0.562500 0.030208 0.049074
0 0.416146 0.537500 0.025000 0.050926
0 0.469792 0.575463 0.031250 0.049074
0 0.510417 0.516667 0.021875 0.037037
0 0.369792 0.505556 0.027083 0.038889
0 0.402865 0.498148 0.027604 0.042593
0 0.416927 0.462500 0.023438 0.036111
0 0.381510 0.463426 0.024479 0.036111
0 0.397135 0.432407 0.019271 0.029630
0 0.429688 0.418519 0.019792 0.027778
0 0.436719 0.398611 0.016146 0.025000
0 0.414844 0.397222 0.018229 0.024074
0 0.485417 0.480556 0.021875 0.031481
0 0.546094 0.467593 0.020313 0.033333
0 0.493750 0.424537 0.019792 0.034259
0 0.540365 0.395370 0.015104 0.022222
0 0.498698 0.372222 0.014063 0.022222
0 0.518229 0.364352 0.013542 0.021296
0 0.541667 0.356481 0.012500 0.018519
0 0.522917 0.348611 0.012500 0.017593
0 0.503125 0.347222 0.012500 0.018519
1 0.559635 0.325926 0.016146 0.042593
1 0.524219 0.321296 0.015104 0.040741
0 0.506771 0.325463 0.011458 0.015741
0 0.506771 0.306944 0.008333 0.013889
0 0.524219 0.299537 0.007812 0.013889
0 0.446615 0.376852 0.014063 0.022222
0 0.419271 0.372222 0.016667 0.022222
0 0.453646 0.362963 0.015625 0.018519
0 0.434115 0.354630 0.018229 0.020370
0 0.456510 0.349537 0.013021 0.015741
0 0.441406 0.339815 0.011979 0.018519
0 0.465104 0.337500 0.015625 0.019444
0 0.484115 0.329167 0.010937 0.017593
0 0.484375 0.318056 0.011458 0.012037
0 0.485156 0.305093 0.008854 0.013889
1 0.464844 0.316667 0.018229 0.040741
1 0.440365 0.307407 0.019271 0.033333
0 0.455990 0.306481 0.007812 0.012963
0 0.472917 0.302315 0.007292 0.015741
0 0.459896 0.295370 0.008333 0.016667
