2 0.306618 0.752288 0.127941 0.228758
1 0.420221 0.573856 0.150735 0.133333
0 0.820588 0.551634 0.029412 0.073203
1 0.968015 0.344444 0.063971 0.095425
7 0.966912 0.038562 0.025000 0.043137
7 0.861397 0.096078 0.022794 0.040523
7 0.930882 0.067320 0.025000 0.053595
1 0.944485 0.120261 0.087500 0.104575
1 0.823897 0.206536 0.090441 0.117647
7 0.788971 0.033333 0.033824 0.048366
7 0.749632 0.020261 0.019853 0.037908
0 0.759926 0.020261 0.022794 0.040523
0 0.725000 0.016993 0.013235 0.033987
1 0.690809 0.298039 0.112500 0.125490
1 0.696324 0.028758 0.010294 0.057516
1 0.707721 0.029412 0.028676 0.048366
1 0.714706 0.086928 0.080882 0.082353
2 0.631618 0.070588 0.125000 0.141176
0 0.647794 0.155556 0.038235 0.052288
0 0.607721 0.135294 0.027206 0.056209
4 0.564706 0.252288 0.044118 0.075817
0 0.298162 0.375817 0.028676 0.069281
4 0.307721 0.191503 0.034559 0.071895
4 0.266176 0.137255 0.039706 0.052288
4 0.288603 0.094771 0.050735 0.048366
2 0.264706 0.037255 0.080882 0.074510
2 0.142279 0.068627 0.058088 0.098039
