7 0.791176 0.058824 0.016176 0.039216
0 0.910294 0.032680 0.014706 0.026144
1 0.852574 0.281046 0.062500 0.083660
1 0.881985 0.587582 0.091912 0.168627
2 0.938603 0.486275 0.088971 0.130719
1 0.311765 0.898039 0.086765 0.203922
2 0.600368 0.575163 0.058088 0.151634
2 0.586397 0.416993 0.043382 0.164706
3 0.407353 0.554248 0.045588 0.133333
0 0.403676 0.255556 0.019118 0.045752
1 0.378309 0.189542 0.036029 0.104575
7 0.398162 0.056863 0.022794 0.024837
5 0.486765 0.139869 0.017647 0.049673
5 0.455882 0.144444 0.020588 0.053595
7 0.513971 0.098693 0.008824 0.035294
5 0.549632 0.116993 0.034559 0.071895
5 0.564338 0.179739 0.036029 0.064052
5 0.575368 0.235294 0.028676 0.070588
