3 0.083456 0.645752 0.080147 0.159477
4 0.206618 0.847059 0.089706 0.083660
1 0.349265 0.594771 0.054412 0.156863
1 0.094853 0.279085 0.064706 0.048366
2 0.123897 0.239216 0.080147 0.060131
2 0.172426 0.156209 0.056618 0.050980
1 0.185662 0.141176 0.053676 0.036601
1 0.194853 0.121569 0.061765 0.039216
2 0.203309 0.100654 0.063971 0.036601
1 0.213235 0.087582 0.052941 0.031373
1 0.229044 0.069935 0.055147 0.043137
2 0.175735 0.017647 0.041176 0.035294
1 0.252941 0.018301 0.041176 0.031373
1 0.290809 0.034641 0.046324 0.030065
4 0.124632 0.076471 0.018382 0.032680
4 0.096324 0.100000 0.029412 0.024837
1 0.281985 0.161438 0.034559 0.056209
1 0.353309 0.426797 0.044853 0.090196
2 0.465441 0.438562 0.036765 0.118954
7 0.414706 0.252288 0.010294 0.033987
7 0.592647 0.961438 0.033824 0.074510
2 0.655882 0.718301 0.054412 0.134641
2 0.580882 0.266667 0.036765 0.070588
1 0.526471 0.173203 0.026471 0.045752
1 0.472059 0.117647 0.027941 0.057516
1 0.427941 0.125490 0.025000 0.062745
3 0.618750 0.231373 0.041912 0.086275
2 0.941176 0.475817 0.085294 0.078431
1 0.966912 0.432026 0.066176 0.064052
3 0.895956 0.298039 0.086029 0.088889
3 0.668750 0.088889 0.028676 0.052288
1 0.543750 0.078431 0.019853 0.033987
1 0.508456 0.028758 0.019853 0.033987
1 0.976103 0.649020 0.047794 0.079739
