1 0.345313 0.052778 0.013542 0.031481
1 0.307292 0.103704 0.027083 0.033333
1 0.343229 0.112037 0.017708 0.042593
1 0.371354 0.086111 0.017708 0.038889
1 0.314583 0.187037 0.035417 0.037037
1 0.395313 0.262037 0.032292 0.042593
7 0.297396 0.249074 0.007292 0.024074
1 0.298958 0.747222 0.041667 0.131481
1 0.550000 0.964815 0.047917 0.070370
1 0.467708 0.834259 0.041667 0.150000
1 0.515104 0.665741 0.040625 0.112963
1 0.448437 0.634259 0.034375 0.109259
1 0.441667 0.431481 0.029167 0.074074
1 0.496354 0.493519 0.032292 0.075926
1 0.483333 0.378704 0.027083 0.061111
1 0.470312 0.259259 0.023958 0.048148
1 0.484375 0.100000 0.016667 0.037037
7 0.508333 0.259259 0.008333 0.029630
7 0.525521 0.221296 0.009375 0.027778
7 0.872917 0.170370 0.008333 0.029630
7 0.693750 0.142593 0.014583 0.018519
7 0.679167 0.127778 0.016667 0.018519
2 0.571354 0.059259 0.028125 0.029630
1 0.583333 0.024074 0.025000 0.022222
1 0.610938 0.069444 0.026042 0.027778
4 0.640104 0.013889 0.019792 0.020370
1 0.667188 0.058333 0.032292 0.027778
2 0.691146 0.093519 0.019792 0.031481
1 0.656250 0.097222 0.025000 0.031481
1 0.717708 0.046296 0.020833 0.029630
1 0.693229 0.016667 0.030208 0.025926
0 0.659375 0.390741 0.008333 0.033333
