0 0.610294 0.455556 0.091176 0.069281
0 0.266912 0.626797 0.088235 0.132026
0 0.223529 0.464052 0.083824 0.070588
0 0.411397 0.420261 0.059559 0.084967
0 0.352574 0.285621 0.059559 0.050980
0 0.384926 0.233987 0.056618 0.049673
0 0.417647 0.203268 0.052941 0.050980
0 0.436029 0.192810 0.054412 0.040523
0 0.445956 0.180392 0.050735 0.036601
0 0.461765 0.165359 0.055882 0.037908
0 0.492647 0.145098 0.047059 0.033987
0 0.487868 0.329412 0.047794 0.065359
0 0.507353 0.256209 0.036765 0.052288
0 0.538971 0.220915 0.033824 0.047059
0 0.539706 0.320915 0.048529 0.058824
0 0.565074 0.177778 0.034559 0.057516
0 0.609559 0.024183 0.025000 0.022222
0 0.615074 0.018954 0.027206 0.019608
0 0.632353 0.011765 0.023529 0.023529
0 0.627574 0.048366 0.019853 0.026144
0 0.626471 0.071242 0.020588 0.027451
0 0.591912 0.155556 0.025000 0.039216
0 0.609926 0.128758 0.022794 0.037908
0 0.658824 0.375817 0.075000 0.061438
0 0.634559 0.342484 0.080882 0.049673
0 0.665809 0.269935 0.062500 0.043137
0 0.672794 0.235294 0.057353 0.039216
0 0.700000 0.162092 0.038235 0.028758
0 0.715441 0.143137 0.036765 0.030065
0 0.750368 0.276471 0.033088 0.048366
0 0.871691 0.273856 0.036029 0.053595
0 0.678309 0.031373 0.012500 0.026144
