0 0.437760 0.325926 0.023438 0.020370
0 0.493490 0.328241 0.016146 0.021296
0 0.524740 0.309259 0.007812 0.012963
0 0.517708 0.304630 0.009375 0.011111
0 0.494792 0.306019 0.009375 0.012037
0 0.487760 0.312963 0.009896 0.014815
0 0.479167 0.321759 0.011458 0.013889
0 0.471094 0.327778 0.010937 0.018519
0 0.476823 0.339815 0.026562 0.020370
0 0.459896 0.349074 0.015625 0.024074
0 0.505990 0.311111 0.008854 0.012963
0 0.506771 0.306944 0.008333 0.013889
0 0.511979 0.321759 0.011458 0.015741
0 0.525781 0.331019 0.011979 0.019444
0 0.517969 0.312963 0.008854 0.014815
0 0.517448 0.337500 0.013021 0.019444
0 0.518750 0.352315 0.015625 0.025000
0 0.515625 0.375463 0.016667 0.025000
0 0.490365 0.345370 0.011979 0.020370
0 0.493490 0.357870 0.015104 0.023148
0 0.489323 0.371296 0.015104 0.024074
0 0.509635 0.399537 0.021354 0.030556
0 0.511719 0.433796 0.024479 0.037963
0 0.540625 0.400926 0.020833 0.029630
0 0.558594 0.439352 0.042188 0.045370
0 0.577344 0.430093 0.024479 0.036111
0 0.460156 0.460185 0.030729 0.044444
0 0.600000 0.399537 0.021875 0.034259
0 0.595052 0.388426 0.021354 0.032407
0 0.591406 0.381481 0.021354 0.027778
0 0.455990 0.521759 0.047396 0.065741
0 0.528125 0.588426 0.045833 0.075000
0 0.521354 0.690278 0.062500 0.102778
0 0.414583 0.615741 0.051042 0.079630
0 0.613021 0.429167 0.028125 0.032407
0 0.620052 0.445370 0.029687 0.044444
0 0.627604 0.467593 0.034375 0.048148
0 0.636458 0.493056 0.038542 0.052778
0 0.653385 0.534722 0.046354 0.062037
0 0.672135 0.579167 0.050521 0.067593
0 0.694531 0.642130 0.064062 0.093519
0 0.731250 0.729630 0.085417 0.105556
0 0.671094 0.843981 0.088021 0.152778
0 0.783594 0.868981 0.118229 0.169444
0 0.354167 0.788889 0.086458 0.138889
0 0.033854 0.789815 0.067708 0.157407
0 0.222917 0.649074 0.086458 0.122222
0 0.141927 0.645370 0.099479 0.103704
0 0.207552 0.566204 0.070312 0.089815
0 0.252344 0.523148 0.051562 0.064815
0 0.190625 0.497222 0.053125 0.055556
0 0.291927 0.485648 0.046354 0.056481
0 0.280469 0.421759 0.033854 0.049074
0 0.304167 0.437037 0.031250 0.042593
0 0.338802 0.440278 0.039062 0.060185
0 0.361979 0.425000 0.029167 0.040741
0 0.377865 0.405556 0.028646 0.037037
0 0.394271 0.388426 0.026042 0.034259
0 0.408594 0.375000 0.022396 0.029630
0 0.416667 0.366204 0.017708 0.023148
0 0.430990 0.358796 0.018229 0.025000
0 0.425521 0.340278 0.014583 0.021296
0 0.402344 0.344444 0.015104 0.024074
0 0.398698 0.352315 0.018229 0.026852
0 0.386979 0.365278 0.018750 0.026852
0 0.315885 0.397222 0.031771 0.037037
0 0.351302 0.374074 0.022396 0.025926
0 0.333073 0.384722 0.021354 0.030556
0 0.351823 0.323148 0.028646 0.016667
0 0.318490 0.322222 0.027604 0.018519
0 0.320052 0.314815 0.021354 0.016667
0 0.142448 0.526852 0.066146 0.077778
