6 0.367647 0.654902 0.085294 0.269281
1 0.467647 0.718954 0.051471 0.122876
1 0.502941 0.961438 0.070588 0.077124
1 0.640441 0.922876 0.097059 0.154248
2 0.518750 0.656863 0.046324 0.105882
1 0.537132 0.589542 0.040441 0.081046
0 0.094853 0.856209 0.025000 0.078431
0 0.240074 0.557516 0.012500 0.040523
0 0.269118 0.499346 0.010294 0.033987
0 0.289338 0.484967 0.009559 0.031373
0 0.299265 0.465359 0.007353 0.033987
0 0.287500 0.418301 0.008824 0.023529
0 0.272794 0.419608 0.008824 0.026144
0 0.299265 0.400000 0.007353 0.023529
0 0.281985 0.403922 0.006618 0.026144
0 0.085294 0.468627 0.023529 0.027451
0 0.101838 0.457516 0.019853 0.026144
0 0.068015 0.441830 0.021324 0.026144
0 0.080882 0.449673 0.023529 0.023529
7 0.104412 0.441830 0.022059 0.026144
7 0.102206 0.450980 0.020588 0.023529
1 0.107353 0.391503 0.051471 0.040523
7 0.284559 0.348366 0.016176 0.022222
7 0.330882 0.359477 0.005882 0.020915
7 0.338971 0.345098 0.005882 0.018301
7 0.353309 0.307190 0.005147 0.015686
7 0.342279 0.301961 0.005147 0.013072
7 0.347794 0.300000 0.004412 0.014379
3 0.299265 0.305882 0.025000 0.047059
0 0.969118 0.676471 0.026471 0.053595
0 0.839706 0.592810 0.020588 0.043137
0 0.843750 0.579085 0.022794 0.041830
0 0.898529 0.560131 0.032353 0.040523
0 0.871691 0.535294 0.019853 0.040523
0 0.836029 0.527451 0.020588 0.035294
0 0.823897 0.472549 0.011029 0.032680
0 0.812500 0.467974 0.022059 0.028758
0 0.836397 0.446405 0.019853 0.022222
0 0.854779 0.453595 0.016912 0.026144
7 0.906618 0.552288 0.033824 0.035294
7 0.916912 0.547059 0.029412 0.032680
7 0.770956 0.441176 0.021324 0.024837
7 0.831985 0.516340 0.015441 0.031373
0 0.916912 0.495425 0.011765 0.036601
7 0.905147 0.486928 0.014706 0.032680
1 0.673529 0.568627 0.051471 0.060131
6 0.656250 0.446405 0.083088 0.118954
1 0.599265 0.452288 0.035294 0.047059
1 0.470221 0.504575 0.031618 0.057516
2 0.424265 0.451634 0.023529 0.061438
1 0.457721 0.409150 0.022794 0.039216
1 0.446691 0.371242 0.021324 0.031373
1 0.470588 0.373856 0.020588 0.033987
6 0.513235 0.329412 0.036765 0.062745
1 0.530882 0.288235 0.026471 0.019608
1 0.412132 0.313072 0.015441 0.024837
1 0.445221 0.300654 0.013971 0.018301
1 0.475000 0.298693 0.014706 0.022222
1 0.483824 0.288889 0.014706 0.020915
1 0.475735 0.277124 0.011765 0.015686
1 0.483088 0.269935 0.010294 0.014379
1 0.460662 0.279739 0.011029 0.015686
6 0.499632 0.275163 0.021324 0.040523
1 0.454044 0.264052 0.011029 0.015686
1 0.461765 0.256209 0.010294 0.013072
1 0.437132 0.276471 0.013971 0.019608
1 0.422426 0.281699 0.012500 0.019608
1 0.404412 0.292157 0.013235 0.022222
1 0.423897 0.258170 0.011029 0.016993
1 0.410662 0.256209 0.011029 0.015686
1 0.411765 0.249020 0.010294 0.014379
1 0.459191 0.239869 0.008088 0.011765
1 0.449265 0.239869 0.007353 0.011765
1 0.443750 0.232680 0.006618 0.013072
1 0.452941 0.231373 0.007353 0.010458
1 0.433824 0.232680 0.008824 0.013072
1 0.447426 0.222876 0.008088 0.011765
1 0.440074 0.228105 0.006618 0.009150
1 0.436765 0.220915 0.007353 0.010458
2 0.427941 0.221569 0.005882 0.014379
6 0.437868 0.208497 0.009559 0.019608
6 0.436397 0.199346 0.009559 0.019608
