0 0.452083 0.896296 0.081250 0.207407
0 0.539583 0.893519 0.089583 0.175926
0 0.626042 0.764815 0.077083 0.122222
0 0.935417 0.801852 0.079167 0.148148
0 0.433854 0.311111 0.026042 0.037037
0 0.315625 0.180556 0.016667 0.024074
0 0.344271 0.174074 0.013542 0.018519
0 0.349479 0.396296 0.040625 0.055556
0 0.444271 0.343519 0.030208 0.046296
0 0.317708 0.207407 0.018750 0.022222
0 0.338542 0.187037 0.014583 0.022222
0 0.492708 0.338889 0.041667 0.048148
0 0.559375 0.479630 0.037500 0.051852
0 0.356771 0.135185 0.019792 0.018519
0 0.341667 0.116667 0.010417 0.014815
