0 0.021615 0.461111 0.021354 0.020370
0 0.011198 0.418056 0.020313 0.019444
0 0.494010 0.252778 0.005729 0.009259
0 0.489844 0.268519 0.004687 0.007407
0 0.479687 0.259259 0.003125 0.007407
0 0.507031 0.271296 0.006771 0.009259
0 0.488281 0.313426 0.006771 0.012037
0 0.491927 0.337500 0.007812 0.012037
0 0.493490 0.352315 0.007812 0.013889
0 0.517188 0.341204 0.008333 0.012037
0 0.521094 0.350000 0.006771 0.014815
0 0.526563 0.358796 0.007292 0.013889
0 0.470312 0.368981 0.009375 0.013889
0 0.502083 0.372222 0.010417 0.016667
0 0.529948 0.375463 0.010937 0.015741
0 0.532813 0.391204 0.009375 0.017593
0 0.525781 0.429167 0.013021 0.021296
0 0.465625 0.383333 0.010417 0.016667
0 0.463542 0.397685 0.011458 0.015741
0 0.487500 0.401852 0.010417 0.016667
0 0.485937 0.416204 0.009375 0.017593
0 0.487760 0.430556 0.010937 0.020370
0 0.466406 0.441204 0.011979 0.019444
0 0.451302 0.448611 0.018229 0.019444
0 0.499740 0.412963 0.009896 0.018519
0 0.487240 0.509722 0.013021 0.025000
0 0.485417 0.544907 0.015625 0.028704
0 0.459635 0.486574 0.014063 0.030556
0 0.501042 0.664815 0.021875 0.048148
0 0.388281 0.744444 0.061979 0.046296
0 0.539323 0.862037 0.028646 0.064815
0 0.499740 0.895833 0.030729 0.084259
0 0.420833 0.893056 0.030208 0.089815
0 0.354687 0.896296 0.045833 0.061111
