0 0.984896 0.874074 0.030208 0.079630
0 0.984115 0.968519 0.028646 0.062963
0 0.871875 0.941204 0.111458 0.117593
0 0.776302 0.932407 0.109896 0.135185
0 0.550781 0.964352 0.075521 0.071296
0 0.843750 0.679167 0.082292 0.089815
0 0.747396 0.698611 0.083333 0.104630
0 0.659635 0.587037 0.056771 0.072222
0 0.669271 0.475926 0.050000 0.057407
0 0.620573 0.500000 0.043229 0.061111
0 0.659635 0.405093 0.008854 0.034259
0 0.630729 0.430093 0.040625 0.049074
0 0.548438 0.356019 0.033333 0.037963
0 0.530729 0.314352 0.028125 0.034259
0 0.539062 0.418056 0.036458 0.047222
0 0.516406 0.379630 0.032813 0.042593
0 0.499219 0.348148 0.029687 0.037037
0 0.478125 0.323148 0.023958 0.033333
0 0.502604 0.275926 0.021875 0.029630
0 0.461719 0.296296 0.024479 0.033333
0 0.446875 0.272685 0.026042 0.037963
0 0.437240 0.252315 0.020313 0.023148
0 0.424219 0.237037 0.020313 0.025926
0 0.412240 0.222685 0.017188 0.023148
0 0.401562 0.207407 0.015625 0.024074
0 0.378385 0.173148 0.014063 0.018519
0 0.405208 0.251389 0.020833 0.028704
0 0.475000 0.416204 0.035417 0.047222
0 0.369792 0.225000 0.017708 0.024074
0 0.381250 0.203704 0.014583 0.024074
0 0.372135 0.190741 0.014063 0.020370
0 0.361198 0.208796 0.015104 0.021296
0 0.357031 0.194907 0.015104 0.021296
0 0.482292 0.129167 0.017708 0.013889
0 0.468229 0.123611 0.016667 0.012037
0 0.481771 0.119907 0.015625 0.012037
0 0.513281 0.115741 0.013021 0.014815
0 0.485417 0.110185 0.012500 0.012963
0 0.489323 0.106019 0.009896 0.012037
0 0.490104 0.098611 0.012500 0.010185
0 0.475260 0.102315 0.017188 0.010185
0 0.472135 0.110185 0.014063 0.011111
0 0.465885 0.113426 0.016146 0.012037
0 0.446354 0.118056 0.014583 0.013889
0 0.452344 0.111574 0.013021 0.012037
0 0.440885 0.136574 0.018229 0.013889
0 0.429948 0.130556 0.022396 0.014815
0 0.431771 0.118981 0.015625 0.010185
0 0.428125 0.115278 0.017708 0.015741
0 0.413281 0.116204 0.018229 0.012037
0 0.398177 0.115741 0.020313 0.012963
0 0.382292 0.113889 0.017708 0.012963
0 0.363281 0.119444 0.018229 0.012963
0 0.374740 0.122685 0.018229 0.012037
0 0.370833 0.135185 0.018750 0.014815
0 0.383073 0.137963 0.018229 0.016667
0 0.392708 0.147685 0.017708 0.019444
0 0.351042 0.148611 0.023958 0.017593
0 0.311458 0.154630 0.027083 0.016667
0 0.344531 0.125463 0.021354 0.015741
0 0.336979 0.118981 0.017708 0.008333
0 0.338542 0.137500 0.017708 0.013889
1 0.311979 0.137963 0.056250 0.033333
1 0.305729 0.117593 0.052083 0.033333
0 0.277083 0.129167 0.017708 0.015741
0 0.266927 0.122222 0.010937 0.012963
0 0.284375 0.185185 0.022917 0.022222
0 0.259896 0.179630 0.023958 0.022222
0 0.309635 0.087500 0.007812 0.012037
0 0.329688 0.096296 0.015625 0.012963
0 0.297135 0.062500 0.006771 0.010185
0 0.287240 0.083796 0.007812 0.010185
0 0.278385 0.063426 0.008854 0.010185
0 0.565104 0.782870 0.069792 0.141667
0 0.516406 0.657870 0.061979 0.110185
0 0.477604 0.775000 0.062500 0.137037
0 0.428385 0.845370 0.065104 0.159259
0 0.346615 0.844907 0.056771 0.152778
0 0.269531 0.887037 0.059896 0.175926
0 0.439323 0.642593 0.050521 0.103704
0 0.377865 0.663426 0.052604 0.102778
0 0.263281 0.734722 0.051562 0.130556
0 0.477083 0.556944 0.046875 0.084259
0 0.449479 0.485185 0.040625 0.068519
0 0.423958 0.421296 0.038542 0.068519
0 0.421354 0.557870 0.042708 0.080556
0 0.400260 0.484722 0.038021 0.063889
0 0.265885 0.628241 0.041146 0.102778
0 0.264062 0.559259 0.038542 0.077778
0 0.363802 0.546296 0.041146 0.081481
0 0.259635 0.500463 0.035937 0.065741
0 0.375260 0.424537 0.030729 0.058333
0 0.346354 0.458333 0.034375 0.061111
0 0.335417 0.409259 0.029167 0.051852
0 0.403125 0.380556 0.030208 0.051852
0 0.388281 0.345833 0.024479 0.050926
0 0.372656 0.311574 0.023438 0.041667
0 0.364583 0.286574 0.019792 0.037963
0 0.358594 0.265741 0.019271 0.033333
0 0.323437 0.368056 0.027083 0.045370
0 0.320312 0.341204 0.026042 0.039815
0 0.315104 0.310648 0.022917 0.041667
0 0.343229 0.297222 0.020833 0.033333
0 0.344792 0.318519 0.025000 0.042593
0 0.356510 0.347222 0.026562 0.046296
0 0.257812 0.449537 0.029167 0.052778
0 0.259115 0.403241 0.026562 0.049074
0 0.255990 0.372685 0.024479 0.041667
0 0.256510 0.343056 0.024479 0.043519
0 0.255729 0.313426 0.023958 0.032407
0 0.252604 0.299074 0.021875 0.031481
0 0.254948 0.280093 0.022396 0.032407
0 0.253646 0.264815 0.019792 0.035185
0 0.252083 0.245833 0.016667 0.026852
0 0.252865 0.232407 0.017188 0.027778
0 0.254427 0.218519 0.016146 0.029630
0 0.304688 0.241204 0.021875 0.036111
0 0.255729 0.156481 0.028125 0.020370
0 0.253646 0.150000 0.027083 0.020370
0 0.252865 0.139815 0.023438 0.016667
0 0.223437 0.175000 0.029167 0.016667
0 0.213542 0.168056 0.029167 0.015741
1 0.215625 0.131019 0.059375 0.043519
0 0.200000 0.106481 0.019792 0.011111
0 0.194271 0.104630 0.014583 0.011111
1 0.262240 0.106481 0.027604 0.031481
0 0.245833 0.107870 0.011458 0.015741
0 0.236458 0.102778 0.010417 0.011111
0 0.225781 0.096759 0.010937 0.015741
0 0.216146 0.091204 0.008333 0.012037
0 0.247396 0.100463 0.007292 0.012037
0 0.249740 0.093056 0.007812 0.012037
0 0.241927 0.095370 0.008854 0.009259
0 0.242188 0.089815 0.010417 0.011111
0 0.225521 0.087963 0.009375 0.011111
0 0.234896 0.086111 0.010417 0.012963
0 0.226302 0.081944 0.010937 0.012037
0 0.219010 0.079167 0.010937 0.008333
0 0.194792 0.081481 0.008333 0.011111
0 0.203646 0.080556 0.008333 0.011111
0 0.205469 0.072222 0.004687 0.007407
