1 0.776042 0.902778 0.077083 0.061111
1 0.697396 0.829630 0.063542 0.085185
1 0.652083 0.786111 0.066667 0.094444
1 0.617188 0.757407 0.063542 0.070370
1 0.596354 0.719444 0.067708 0.061111
1 0.570833 0.649074 0.070833 0.064815
1 0.555208 0.615741 0.066667 0.057407
1 0.545312 0.579630 0.046875 0.051852
1 0.534375 0.550926 0.050000 0.050000
1 0.507292 0.512037 0.050000 0.053704
1 0.502604 0.487037 0.051042 0.040741
1 0.490104 0.466667 0.046875 0.037037
1 0.485937 0.443519 0.051042 0.035185
1 0.480729 0.415741 0.046875 0.038889
1 0.468750 0.402778 0.043750 0.035185
1 0.459896 0.387037 0.044792 0.037037
1 0.435937 0.364815 0.042708 0.033333
1 0.477083 0.842593 0.077083 0.081481
1 0.417708 0.672222 0.066667 0.062963
1 0.452083 0.801852 0.075000 0.085185
1 0.446875 0.761111 0.072917 0.066667
1 0.429688 0.709259 0.073958 0.070370
1 0.402083 0.606481 0.060417 0.057407
1 0.402083 0.572222 0.056250 0.040741
2 0.384896 0.550000 0.044792 0.051852
1 0.386458 0.519444 0.054167 0.035185
2 0.385417 0.498148 0.062500 0.033333
1 0.381250 0.477778 0.054167 0.029630
2 0.373958 0.448148 0.056250 0.040741
2 0.359896 0.417593 0.046875 0.046296
3 0.353646 0.389815 0.046875 0.057407
1 0.347917 0.362037 0.037500 0.027778
1 0.343750 0.347222 0.045833 0.031481
1 0.378646 0.318519 0.038542 0.033333
1 0.413542 0.324074 0.027083 0.040741
7 0.054167 0.752778 0.018750 0.031481
0 0.344792 0.314815 0.014583 0.011111
1 0.392708 0.281481 0.031250 0.033333
1 0.341667 0.291667 0.037500 0.027778
1 0.284375 0.734259 0.031250 0.079630
4 0.236458 0.670370 0.018750 0.051852
1 0.271354 0.577778 0.023958 0.055556
5 0.013542 0.583333 0.027083 0.062963
1 0.046875 0.544444 0.025000 0.055556
1 0.062500 0.475926 0.027083 0.051852
2 0.089583 0.400000 0.029167 0.051852
1 0.098437 0.245370 0.015625 0.027778
1 0.184896 0.221296 0.015625 0.024074
1 0.113021 0.162037 0.013542 0.024074
0 0.064062 0.656481 0.013542 0.035185
0 0.062500 0.604630 0.014583 0.024074
7 0.205729 0.456481 0.011458 0.020370
7 0.188542 0.450000 0.008333 0.022222
7 0.126562 0.392593 0.007292 0.022222
7 0.204167 0.192593 0.006250 0.018519
7 0.116146 0.211111 0.005208 0.014815
5 0.095312 0.200926 0.009375 0.024074
2 0.097917 0.159259 0.010417 0.018519
7 0.144792 0.227778 0.006250 0.014815
7 0.886979 0.925926 0.021875 0.048148
