0 0.293015 0.841830 0.041912 0.041830
2 0.348529 0.751634 0.020588 0.047059
0 0.534191 0.765359 0.031618 0.030065
0 0.572794 0.769935 0.029412 0.031373
0 0.465809 0.664706 0.012500 0.024837
0 0.495221 0.618301 0.025735 0.018301
0 0.493015 0.597386 0.024265 0.018301
0 0.494118 0.610458 0.022059 0.015686
0 0.529412 0.583007 0.022059 0.015686
0 0.513971 0.573203 0.022059 0.016993
0 0.405147 0.676471 0.011765 0.024837
0 0.372059 0.669281 0.014706 0.020915
0 0.380147 0.623529 0.010294 0.020915
0 0.376471 0.578431 0.023529 0.016993
0 0.398529 0.566013 0.008824 0.018301
0 0.465074 0.532680 0.006618 0.019608
0 0.407353 0.527451 0.008824 0.014379
0 0.398529 0.511765 0.017647 0.011765
0 0.445588 0.503268 0.008824 0.015686
0 0.407353 0.493464 0.016176 0.011765
0 0.492647 0.468627 0.014706 0.009150
0 0.507353 0.468627 0.008824 0.011765
0 0.463235 0.492157 0.008824 0.011765
0 0.422426 0.416340 0.005147 0.006536
0 0.433456 0.414379 0.005147 0.007843
0 0.445588 0.420261 0.005882 0.009150
0 0.445588 0.414379 0.004412 0.007843
0 0.452941 0.413072 0.004412 0.007843
0 0.456250 0.430065 0.005147 0.007843
0 0.425000 0.435294 0.005882 0.010458
0 0.419485 0.444444 0.011029 0.010458
0 0.419118 0.460131 0.005882 0.010458
0 0.463603 0.472549 0.006618 0.011765
0 0.440809 0.396732 0.003676 0.003922
0 0.433824 0.400654 0.004412 0.006536
0 0.429779 0.375817 0.003676 0.006536
0 0.429044 0.367974 0.003676 0.003922
0 0.480515 0.446405 0.011029 0.009150
0 0.480515 0.432680 0.008088 0.005229
