2 0.164062 0.311111 0.028125 0.037037
5 0.162500 0.467593 0.022917 0.053704
2 0.108333 0.490741 0.064583 0.096296
7 0.006250 0.572222 0.012500 0.037037
7 0.009896 0.594444 0.009375 0.029630
7 0.018229 0.600926 0.017708 0.053704
7 0.115625 0.554630 0.018750 0.031481
5 0.143229 0.590741 0.026042 0.066667
4 0.120833 0.613889 0.039583 0.053704
7 0.214062 0.437963 0.023958 0.035185
0 0.204167 0.525926 0.008333 0.033333
7 0.363542 0.429630 0.012500 0.025926
7 0.310937 0.522222 0.011458 0.033333
7 0.330729 0.514815 0.013542 0.033333
7 0.345313 0.507407 0.011458 0.033333
2 0.528125 0.285185 0.025000 0.037037
2 0.590104 0.295370 0.046875 0.046296
2 0.490625 0.243519 0.037500 0.027778
0 0.747396 0.648148 0.032292 0.029630
