0 0.657353 0.126797 0.050000 0.033987
0 0.054044 0.260131 0.069853 0.057516
0 0.177941 0.424183 0.088235 0.084967
0 0.386397 0.437908 0.096324 0.091503
0 0.445956 0.534641 0.119853 0.104575
0 0.917279 0.531373 0.115441 0.103268
0 0.958824 0.494118 0.082353 0.094118
0 0.754044 0.164052 0.031618 0.058824
0 0.863603 0.076471 0.022794 0.035294
0 0.836029 0.038562 0.017647 0.027451
0 0.844118 0.018301 0.017647 0.026144
0 0.197059 0.301307 0.079412 0.064052
0 0.414338 0.303268 0.038971 0.067974
0 0.473897 0.292810 0.046324 0.065359
