0 0.084559 0.646405 0.105882 0.079739
0 0.119118 0.592810 0.095588 0.077124
0 0.144118 0.550327 0.088235 0.070588
0 0.166176 0.504575 0.085294 0.070588
0 0.187868 0.466667 0.071324 0.065359
0 0.111765 0.422876 0.045588 0.053595
0 0.284926 0.293464 0.061029 0.053595
0 0.307721 0.275817 0.053676 0.049673
0 0.307353 0.224837 0.044118 0.039216
2 0.331618 0.150980 0.030882 0.069281
2 0.409191 0.075817 0.025735 0.041830
2 0.384559 0.069281 0.022059 0.028758
0 0.375735 0.025490 0.017647 0.027451
2 0.373529 0.043137 0.038235 0.039216
2 0.393382 0.026797 0.017647 0.030065
2 0.409926 0.022876 0.013971 0.040523
2 0.425000 0.018954 0.029412 0.027451
2 0.427574 0.030065 0.015441 0.028758
2 0.472426 0.113072 0.041912 0.040523
0 0.310294 0.808497 0.105882 0.092810
0 0.327574 0.721569 0.105147 0.083660
0 0.340809 0.653595 0.102206 0.075817
0 0.348162 0.598039 0.093382 0.071895
0 0.364706 0.552288 0.083824 0.066667
0 0.400000 0.417647 0.076471 0.058824
2 0.458088 0.180392 0.051471 0.039216
0 0.551838 0.030065 0.012500 0.020915
2 0.540441 0.107190 0.045588 0.049673
2 0.529412 0.163399 0.042647 0.036601
2 0.537132 0.176471 0.046324 0.041830
2 0.526103 0.181699 0.044853 0.060131
2 0.534191 0.214379 0.036029 0.047059
0 0.512132 0.437908 0.069853 0.044444
2 0.505882 0.488889 0.110294 0.122876
0 0.541544 0.092157 0.052206 0.066667
2 0.548162 0.054902 0.036029 0.033987
