0 0.316146 0.949074 0.060417 0.101852
0 0.408073 0.937037 0.049479 0.125926
0 0.500521 0.901852 0.044792 0.107407
0 0.553125 0.751852 0.040625 0.087037
0 0.492188 0.748611 0.039583 0.089815
0 0.415625 0.775926 0.042708 0.098148
0 0.212240 0.933796 0.069271 0.126852
0 0.260937 0.749074 0.053125 0.092593
0 0.333333 0.794907 0.051042 0.106481
0 0.367188 0.679630 0.036458 0.066667
0 0.301302 0.623148 0.041146 0.064815
0 0.429948 0.627315 0.032813 0.065741
0 0.489844 0.647222 0.033854 0.068519
0 0.545052 0.568981 0.028646 0.050926
0 0.488021 0.574074 0.030208 0.057407
0 0.432552 0.552778 0.028646 0.053704
0 0.388021 0.548148 0.029167 0.053704
0 0.391927 0.375463 0.047396 0.030556
0 0.229427 0.338426 0.044271 0.028704
0 0.141927 0.321759 0.038021 0.028704
0 0.049219 0.335185 0.043229 0.029630
0 0.275260 0.253704 0.019271 0.022222
0 0.298958 0.252315 0.015625 0.021296
0 0.313802 0.263889 0.016146 0.025926
0 0.346094 0.252315 0.014063 0.021296
0 0.328906 0.241204 0.014063 0.026852
0 0.403906 0.281019 0.021354 0.023148
0 0.472917 0.188889 0.009375 0.014815
0 0.499479 0.178241 0.008333 0.012037
0 0.497917 0.237963 0.016667 0.018519
0 0.554688 0.256019 0.025000 0.021296
0 0.682292 0.308796 0.034375 0.025000
0 0.650521 0.291204 0.034375 0.021296
0 0.625521 0.260648 0.028125 0.019444
0 0.728646 0.308333 0.032292 0.024074
0 0.714844 0.302778 0.030729 0.022222
0 0.712760 0.296296 0.033854 0.027778
0 0.694531 0.288426 0.030729 0.025000
1 0.696875 0.274537 0.050000 0.036111
0 0.751823 0.303241 0.033854 0.025000
0 0.792969 0.299074 0.029687 0.022222
0 0.768750 0.291204 0.032292 0.023148
0 0.807812 0.292130 0.030208 0.023148
0 0.885937 0.287963 0.029167 0.024074
0 0.894010 0.278241 0.027604 0.025000
0 0.910417 0.295833 0.034375 0.025000
0 0.977604 0.316204 0.038542 0.026852
0 0.286458 0.240741 0.014583 0.020370
0 0.307031 0.240278 0.015104 0.019444
0 0.313802 0.231481 0.014063 0.020370
0 0.296354 0.230093 0.013542 0.019444
0 0.332813 0.235185 0.011458 0.018519
0 0.336458 0.227315 0.013542 0.019444
0 0.352344 0.239352 0.015104 0.023148
0 0.355208 0.230093 0.014583 0.019444
0 0.360938 0.225000 0.012500 0.018519
0 0.363281 0.217593 0.010937 0.016667
0 0.313281 0.212037 0.011979 0.016667
0 0.317969 0.205556 0.011979 0.016667
0 0.324219 0.199537 0.010937 0.015741
0 0.330469 0.214352 0.009896 0.017593
0 0.347917 0.214815 0.010417 0.016667
0 0.352083 0.206019 0.011458 0.015741
0 0.357031 0.200000 0.010937 0.014815
0 0.339062 0.201389 0.010417 0.015741
0 0.344792 0.193981 0.011458 0.019444
0 0.330208 0.192593 0.011458 0.014815
0 0.334635 0.188426 0.008854 0.015741
0 0.358594 0.193519 0.009896 0.014815
0 0.366667 0.210648 0.009375 0.019444
0 0.373958 0.206944 0.010417 0.017593
0 0.377865 0.196759 0.011979 0.017593
0 0.476302 0.142130 0.006771 0.010185
0 0.466406 0.119907 0.004687 0.008333
0 0.458594 0.107870 0.004687 0.008333
0 0.468750 0.107407 0.004167 0.007407
0 0.475781 0.111574 0.005729 0.008333
0 0.474740 0.095370 0.004687 0.007407
0 0.456771 0.093056 0.004167 0.006481
