0 0.276471 0.674510 0.102941 0.101961
0 0.230882 0.301307 0.057353 0.056209
2 0.505515 0.533333 0.124265 0.264052
0 0.376838 0.556863 0.071324 0.099346
2 0.305882 0.536601 0.108824 0.147712
0 0.407353 0.398039 0.057353 0.061438
0 0.451838 0.414379 0.052206 0.060131
2 0.492279 0.306536 0.084559 0.134641
0 0.019485 0.238562 0.037500 0.045752
0 0.056250 0.227451 0.052206 0.049673
0 0.086765 0.175163 0.051471 0.041830
0 0.019853 0.205882 0.038235 0.040523
0 0.038235 0.158170 0.047059 0.036601
0 0.064706 0.144444 0.039706 0.027451
0 0.090074 0.132026 0.037500 0.026144
0 0.114706 0.080392 0.041176 0.027451
0 0.090809 0.088889 0.041912 0.031373
0 0.069118 0.096732 0.044118 0.033987
0 0.045588 0.105882 0.039706 0.033987
0 0.020956 0.116993 0.041912 0.032680
0 0.191544 0.173203 0.052206 0.053595
0 0.238971 0.150980 0.039706 0.035294
0 0.385662 0.090850 0.033088 0.030065
0 0.373162 0.083007 0.022794 0.027451
0 0.386397 0.058824 0.024265 0.028758
0 0.340441 0.031373 0.029412 0.020915
0 0.354779 0.012418 0.021324 0.019608
0 0.611765 0.043137 0.013235 0.023529
0 0.601838 0.023529 0.013971 0.020915
0 0.614706 0.016340 0.010294 0.016993
0 0.625000 0.027451 0.011765 0.018301
0 0.630882 0.012418 0.011765 0.016993
0 0.648897 0.020261 0.018382 0.022222
0 0.575735 0.021569 0.013235 0.019608
0 0.588235 0.011111 0.016176 0.019608
2 0.634926 0.166013 0.053676 0.091503
0 0.585662 0.173203 0.028676 0.032680
0 0.738603 0.058170 0.028676 0.024837
0 0.768750 0.066013 0.024265 0.024837
0 0.743382 0.082353 0.038235 0.023529
0 0.761765 0.107843 0.032353 0.024837
0 0.775000 0.122876 0.019118 0.026144
0 0.797059 0.066667 0.013235 0.028758
0 0.325735 0.279739 0.050000 0.047059
0 0.344118 0.311765 0.050000 0.050980
0 0.377941 0.236601 0.042647 0.047059
0 0.448897 0.218301 0.037500 0.039216
0 0.422426 0.194771 0.036029 0.041830
0 0.483088 0.147059 0.029412 0.032680
0 0.512500 0.183007 0.041176 0.031373
0 0.507721 0.156209 0.031618 0.035294
0 0.534559 0.137908 0.027941 0.032680
0 0.509559 0.120915 0.025000 0.030065
