1 0.055882 0.954902 0.085294 0.090196
1 0.421324 0.723529 0.047059 0.121569
1 0.627941 0.626797 0.041176 0.071895
1 0.614338 0.545752 0.037500 0.061438
1 0.472426 0.345752 0.021324 0.040523
1 0.464338 0.251634 0.016912 0.030065
1 0.483456 0.230719 0.015441 0.027451
1 0.486397 0.192810 0.013971 0.024837
1 0.509191 0.116993 0.011029 0.014379
1 0.493750 0.110458 0.011029 0.014379
1 0.527206 0.147059 0.011765 0.016993
1 0.512132 0.266667 0.016912 0.033987
1 0.595956 0.424837 0.024265 0.041830
1 0.548162 0.280392 0.038971 0.032680
1 0.578676 0.356209 0.020588 0.040523
1 0.575368 0.330719 0.021324 0.031373
1 0.569485 0.307190 0.021324 0.033987
0 0.930882 0.906536 0.039706 0.045752
7 0.895221 0.837908 0.040441 0.041830
7 0.890441 0.811111 0.038235 0.037908
1 0.804779 0.733987 0.055147 0.098039
1 0.841912 0.638562 0.082353 0.061438
7 0.850735 0.732026 0.026471 0.052288
0 0.653309 0.800000 0.015441 0.054902
7 0.554412 0.328105 0.008824 0.023529
1 0.559559 0.247059 0.016176 0.026144
1 0.556618 0.224837 0.014706 0.023529
1 0.552941 0.205882 0.013235 0.019608
1 0.545588 0.190850 0.014706 0.023529
1 0.547059 0.178431 0.013235 0.019608
1 0.546691 0.160131 0.018382 0.016993
1 0.819118 0.583007 0.085294 0.060131
1 0.818750 0.560784 0.075735 0.052288
1 0.716544 0.511765 0.037500 0.050980
1 0.700000 0.461438 0.030882 0.047059
2 0.686397 0.419608 0.031618 0.047059
1 0.668015 0.386275 0.024265 0.037908
1 0.656985 0.356209 0.021324 0.032680
1 0.649265 0.328758 0.019118 0.030065
1 0.853309 0.550980 0.008088 0.048366
1 0.862132 0.572549 0.006618 0.033987
2 0.121324 0.805882 0.069118 0.137255
7 0.209559 0.716340 0.017647 0.036601
0 0.201838 0.488889 0.016912 0.033987
1 0.245221 0.536601 0.041912 0.071895
1 0.379044 0.335948 0.025735 0.039216
4 0.213971 0.474510 0.035294 0.033987
7 0.186765 0.449673 0.020588 0.028758
7 0.192279 0.437908 0.021324 0.028758
7 0.203309 0.422876 0.019853 0.022222
7 0.198897 0.398039 0.018382 0.022222
1 0.438971 0.235948 0.017647 0.030065
1 0.388235 0.303922 0.020588 0.032680
1 0.412500 0.158824 0.013235 0.022222
1 0.420956 0.132680 0.011029 0.019608
7 0.476471 0.126797 0.004412 0.007843
7 0.469853 0.145098 0.004412 0.010458
7 0.468015 0.141176 0.003676 0.010458
7 0.461397 0.135294 0.005147 0.009150
7 0.471691 0.126144 0.003676 0.009150
1 0.479044 0.113072 0.009559 0.014379
7 0.531250 0.114379 0.003676 0.009150
7 0.526838 0.116340 0.005147 0.007843
7 0.522794 0.115033 0.004412 0.010458
1 0.662868 0.305882 0.043382 0.026144
1 0.658824 0.292157 0.048529 0.027451
1 0.659191 0.285621 0.058088 0.027451
1 0.659191 0.274510 0.055147 0.026144
1 0.661397 0.264052 0.052206 0.026144
7 0.577941 0.258824 0.004412 0.018301
1 0.479044 0.093464 0.008088 0.011765
1 0.508088 0.086928 0.007353 0.011765
2 0.493750 0.071242 0.006618 0.014379
1 0.509559 0.077124 0.005882 0.010458
1 0.505882 0.066013 0.007353 0.011765
1 0.527574 0.078431 0.008088 0.013072
1 0.526103 0.068627 0.006618 0.011765
7 0.350000 0.279085 0.005882 0.019608
2 0.335294 0.251634 0.045588 0.032680
1 0.364706 0.197386 0.036765 0.026144
1 0.399265 0.121569 0.025000 0.018301
4 0.412132 0.101307 0.016912 0.016993
1 0.610662 0.242484 0.015441 0.024837
7 0.591176 0.239869 0.005882 0.011765
1 0.609926 0.226144 0.013971 0.018301
1 0.606250 0.216340 0.012500 0.019608
1 0.600368 0.201307 0.013971 0.020915
1 0.593382 0.166013 0.013235 0.020915
2 0.597426 0.187582 0.012500 0.019608
7 0.622794 0.244444 0.005882 0.020915
7 0.629412 0.241176 0.005882 0.019608
7 0.635294 0.237908 0.005882 0.020915
7 0.645221 0.236601 0.013971 0.020915
1 0.584191 0.152941 0.011029 0.015686
7 0.933088 0.676471 0.030882 0.040523
