0 0.259115 0.968056 0.065104 0.063889
0 0.359635 0.950926 0.053646 0.077778
0 0.418229 0.861574 0.054167 0.058333
0 0.151302 0.702315 0.051562 0.056481
0 0.066927 0.557407 0.026562 0.061111
0 0.096354 0.550926 0.026042 0.061111
0 0.184115 0.510648 0.026562 0.060185
0 0.208073 0.499537 0.026562 0.060185
0 0.232813 0.489815 0.025000 0.059259
0 0.027865 0.430093 0.025521 0.062037
0 0.290885 0.622685 0.047396 0.050926
0 0.345833 0.737500 0.051042 0.056481
0 0.408073 0.706944 0.048438 0.054630
0 0.466406 0.669907 0.046354 0.050926
0 0.423437 0.552315 0.040625 0.043519
0 0.447135 0.583333 0.047396 0.048148
0 0.519010 0.632407 0.047396 0.053704
1 0.594271 0.569444 0.114583 0.125926
0 0.608854 0.394907 0.037500 0.037963
0 0.673177 0.518519 0.042188 0.048148
0 0.721354 0.484722 0.038542 0.043519
1 0.782813 0.428704 0.086458 0.090741
0 0.668490 0.318981 0.035937 0.045370
0 0.715885 0.353241 0.034896 0.030556
0 0.760156 0.357870 0.036979 0.034259
0 0.785417 0.305556 0.033333 0.035185
0 0.799479 0.340278 0.038542 0.034259
0 0.817448 0.362963 0.031771 0.038889
0 0.820052 0.290278 0.034896 0.036111
0 0.849479 0.272685 0.033333 0.034259
0 0.880469 0.255556 0.030729 0.033333
0 0.960156 0.284259 0.031771 0.033333
0 0.935417 0.226852 0.029167 0.031481
0 0.962500 0.213889 0.029167 0.029630
0 0.992448 0.231944 0.015104 0.030556
0 0.980729 0.304630 0.030208 0.042593
0 0.853385 0.453704 0.034896 0.037037
0 0.562760 0.931019 0.056771 0.065741
0 0.618490 0.887500 0.047396 0.054630
0 0.025521 0.376389 0.032292 0.039815
0 0.077865 0.403241 0.023438 0.049074
0 0.083854 0.353241 0.042708 0.039815
0 0.113021 0.341667 0.037500 0.038889
0 0.207031 0.353704 0.023438 0.051852
0 0.230729 0.343519 0.022917 0.053704
0 0.237240 0.293056 0.040104 0.037963
0 0.252083 0.336574 0.025000 0.052778
0 0.284115 0.281944 0.038021 0.032407
0 0.296615 0.316667 0.024479 0.053704
0 0.320573 0.304167 0.026562 0.050926
0 0.366667 0.251852 0.030208 0.029630
0 0.409635 0.274537 0.022396 0.043519
0 0.421875 0.308796 0.033333 0.034259
0 0.418229 0.227778 0.036458 0.033333
0 0.430729 0.265741 0.027083 0.048148
0 0.455208 0.257870 0.026042 0.045370
0 0.472396 0.249537 0.022917 0.045370
0 0.491927 0.237037 0.024479 0.040741
0 0.492969 0.197685 0.030729 0.030556
0 0.655208 0.109259 0.023958 0.029630
0 0.647917 0.172685 0.025000 0.039815
0 0.679427 0.162037 0.024479 0.037037
0 0.694010 0.187500 0.029687 0.028704
0 0.677344 0.103704 0.017188 0.029630
0 0.697135 0.154630 0.026562 0.040741
0 0.711979 0.150463 0.026042 0.037963
0 0.725000 0.142593 0.025000 0.037037
0 0.737760 0.135185 0.026562 0.033333
0 0.750521 0.128704 0.023958 0.029630
0 0.750260 0.076852 0.017188 0.027778
0 0.775781 0.065741 0.015104 0.035185
0 0.742708 0.168056 0.029167 0.028704
0 0.780729 0.121759 0.025000 0.030556
0 0.791146 0.115278 0.026042 0.036111
0 0.821094 0.137037 0.028646 0.027778
0 0.822396 0.102778 0.025000 0.031481
0 0.832031 0.097685 0.026562 0.030556
0 0.845573 0.090278 0.026562 0.034259
0 0.859635 0.119907 0.027604 0.026852
0 0.872396 0.139815 0.028125 0.025926
0 0.870312 0.081944 0.025000 0.034259
0 0.884375 0.078241 0.026042 0.034259
0 0.884375 0.022685 0.014583 0.028704
0 0.902604 0.018056 0.030208 0.023148
0 0.897135 0.074074 0.027604 0.035185
0 0.907552 0.068056 0.027604 0.030556
0 0.933594 0.008333 0.028646 0.016667
0 0.960938 0.006481 0.021875 0.012963
0 0.964583 0.043519 0.027083 0.029630
0 0.968750 0.070833 0.026042 0.025000
0 0.985417 0.040741 0.029167 0.022222
0 0.990885 0.032407 0.018229 0.027778
0 0.993750 0.054630 0.012500 0.022222
0 0.283073 0.466204 0.025521 0.062037
0 0.351823 0.441204 0.025521 0.060185
0 0.370052 0.426852 0.025521 0.061111
0 0.419271 0.400463 0.026042 0.050926
0 0.440104 0.391667 0.026042 0.051852
0 0.461719 0.381019 0.029687 0.054630
0 0.491927 0.372685 0.027604 0.054630
0 0.509635 0.358333 0.026562 0.053704
0 0.529948 0.344444 0.027604 0.057407
0 0.569010 0.325000 0.029687 0.050000
0 0.590365 0.317593 0.027604 0.042593
0 0.604688 0.304167 0.029167 0.043519
0 0.826042 0.203704 0.030208 0.037037
0 0.839583 0.195833 0.030208 0.036111
0 0.812240 0.217130 0.031771 0.037963
0 0.800260 0.223611 0.031771 0.039815
0 0.865625 0.184259 0.029167 0.037037
0 0.879687 0.179630 0.028125 0.035185
0 0.892969 0.175926 0.025521 0.035185
0 0.931771 0.156019 0.029167 0.036111
0 0.944010 0.150000 0.029687 0.033333
0 0.968229 0.137500 0.032292 0.034259
0 0.025781 0.175926 0.018229 0.042593
0 0.013281 0.118519 0.026562 0.027778
0 0.055469 0.141204 0.036979 0.026852
0 0.066146 0.105556 0.032292 0.025926
