0 0.923162 0.946405 0.086029 0.107190
0 0.818382 0.597386 0.051471 0.078431
1 0.760294 0.432680 0.083824 0.159477
0 0.667279 0.275163 0.027206 0.040523
0 0.749632 0.274510 0.036029 0.028758
0 0.877941 0.249673 0.039706 0.033987
0 0.550368 0.200000 0.016912 0.031373
0 0.496691 0.087582 0.011029 0.018301
0 0.491544 0.112418 0.012500 0.023529
0 0.486397 0.060784 0.008088 0.016993
0 0.493750 0.018954 0.011029 0.011765
0 0.469485 0.016993 0.008088 0.010458
2 0.515074 0.016993 0.012500 0.023529
0 0.495956 0.006536 0.005147 0.007843
0 0.409926 0.148366 0.027206 0.019608
2 0.338971 0.167974 0.063235 0.040523
0 0.131985 0.141176 0.031618 0.020915
0 0.077206 0.139869 0.035294 0.023529
2 0.024265 0.133333 0.044118 0.033987
0 0.081618 0.265359 0.026471 0.028758
0 0.200735 0.158824 0.030882 0.024837
2 0.840809 0.164706 0.081618 0.057516
0 0.876471 0.120915 0.023529 0.016993
0 0.868015 0.116993 0.022794 0.014379
0 0.859191 0.111765 0.021324 0.014379
0 0.852941 0.108497 0.023529 0.018301
0 0.841912 0.097386 0.022059 0.019608
0 0.891544 0.109150 0.019853 0.011765
0 0.883456 0.106536 0.021324 0.011765
0 0.866176 0.096078 0.026471 0.014379
0 0.810294 0.039869 0.020588 0.011765
0 0.844485 0.052941 0.019853 0.014379
0 0.864706 0.060784 0.020588 0.011765
0 0.871691 0.063399 0.025735 0.011765
0 0.881618 0.073856 0.020588 0.014379
0 0.890074 0.076471 0.019853 0.014379
0 0.986029 0.192157 0.027941 0.020915
0 0.975735 0.185621 0.033824 0.018301
0 0.963971 0.173203 0.033824 0.019608
0 0.950735 0.164052 0.033824 0.019608
0 0.911029 0.137255 0.030882 0.018301
0 0.923529 0.145098 0.030882 0.018301
0 0.927206 0.128758 0.029412 0.014379
0 0.939706 0.136601 0.029412 0.014379
0 0.918382 0.124837 0.029412 0.014379
0 0.899265 0.119608 0.029412 0.014379
0 0.974265 0.111111 0.029412 0.015686
0 0.962500 0.106536 0.029412 0.019608
0 0.950000 0.100654 0.029412 0.015686
0 0.990441 0.123529 0.019118 0.016993
0 0.901103 0.080392 0.027206 0.014379
