7 0.563971 0.960784 0.023529 0.078431
1 0.336765 0.928105 0.094118 0.143791
1 0.373162 0.768627 0.103676 0.190850
1 0.193015 0.867320 0.122794 0.166013
0 0.204779 0.749673 0.055147 0.066667
4 0.389706 0.644444 0.067647 0.083660
1 0.428309 0.535294 0.099265 0.129412
1 0.424265 0.463399 0.052941 0.087582
1 0.432721 0.389542 0.062500 0.065359
1 0.436765 0.356209 0.060294 0.061438
1 0.449632 0.328105 0.058088 0.052288
1 0.434559 0.283660 0.026471 0.047059
1 0.438971 0.256209 0.025000 0.041830
7 0.209559 0.637255 0.044118 0.045752
7 0.325735 0.557516 0.036765 0.048366
7 0.336397 0.375163 0.044853 0.039216
1 0.423529 0.186275 0.025000 0.037908
1 0.457721 0.184314 0.021324 0.031373
1 0.500368 0.148366 0.031618 0.024837
1 0.415441 0.150980 0.041176 0.027451
1 0.454412 0.154902 0.022059 0.030065
1 0.464338 0.136601 0.037500 0.027451
1 0.858824 0.794118 0.080882 0.166013
1 0.798162 0.635294 0.071324 0.115033
1 0.728676 0.518954 0.085294 0.101961
1 0.710294 0.427451 0.069118 0.091503
1 0.685294 0.369935 0.041176 0.052288
1 0.691176 0.283007 0.035294 0.043137
7 0.750000 0.333333 0.017647 0.033987
7 0.804044 0.435294 0.030147 0.036601
7 0.819118 0.456209 0.032353 0.041830
7 0.935294 0.630065 0.060294 0.060131
0 0.663235 0.209150 0.017647 0.020915
7 0.656250 0.196732 0.011029 0.022222
7 0.589338 0.269281 0.011029 0.036601
1 0.603676 0.196732 0.020588 0.032680
1 0.628309 0.169935 0.018382 0.028758
2 0.600000 0.146405 0.039706 0.031373
0 0.580515 0.196732 0.006618 0.024837
1 0.551471 0.085621 0.011765 0.019608
1 0.516912 0.080392 0.010294 0.014379
1 0.523162 0.066013 0.013971 0.014379
1 0.538971 0.064052 0.008824 0.010458
1 0.538603 0.060784 0.008088 0.011765
1 0.447794 0.126144 0.033824 0.019608
2 0.468382 0.122876 0.025000 0.023529
2 0.483456 0.107190 0.012500 0.023529
1 0.467279 0.112418 0.027206 0.018301
2 0.467647 0.098693 0.025000 0.019608
1 0.498162 0.035948 0.008088 0.009150
6 0.469853 0.087582 0.039706 0.039216
