1 0.519118 0.107843 0.010294 0.016993
1 0.497059 0.119608 0.011765 0.019608
1 0.470221 0.139216 0.013971 0.022222
1 0.571324 0.177124 0.017647 0.030065
1 0.555147 0.124837 0.011765 0.016993
1 0.531250 0.407190 0.031618 0.061438
0 0.923529 0.824183 0.055882 0.056209
7 0.869485 0.697386 0.025735 0.058824
1 0.711397 0.696732 0.069853 0.151634
1 0.751471 0.507843 0.039706 0.077124
5 0.652941 0.499346 0.017647 0.073203
2 0.669485 0.383660 0.087500 0.069281
7 0.611765 0.154248 0.011765 0.010458
7 0.613603 0.149673 0.012500 0.011765
4 0.548162 0.144444 0.005147 0.014379
7 0.572059 0.126144 0.011765 0.011765
6 0.431250 0.191503 0.069853 0.061438
2 0.399265 0.301307 0.052941 0.048366
2 0.445221 0.239216 0.027206 0.044444
2 0.424632 0.217647 0.043382 0.048366
1 0.413971 0.256863 0.048529 0.037908
1 0.380882 0.347712 0.077941 0.054902
1 0.356250 0.320261 0.072794 0.044444
5 0.329044 0.442484 0.050735 0.066667
1 0.239706 0.422876 0.100000 0.074510
1 0.285294 0.621569 0.073529 0.142484
1 0.164338 0.666667 0.071324 0.138562
1 0.078676 0.665359 0.095588 0.133333
7 0.480882 0.085621 0.004412 0.011765
1 0.463971 0.079085 0.020588 0.014379
1 0.449265 0.083660 0.020588 0.015686
1 0.469118 0.084314 0.008824 0.011765
1 0.468382 0.089542 0.008824 0.014379
1 0.465809 0.096732 0.011029 0.018301
1 0.462500 0.100654 0.013235 0.015686
1 0.459191 0.105882 0.012500 0.018301
1 0.461029 0.126144 0.016176 0.022222
1 0.456250 0.116993 0.013971 0.014379
1 0.446324 0.133987 0.016176 0.016993
1 0.443015 0.145752 0.022794 0.022222
1 0.441176 0.156209 0.033824 0.022222
1 0.476471 0.075163 0.008824 0.014379
1 0.479044 0.073203 0.019853 0.013072
1 0.515074 0.055556 0.008088 0.011765
1 0.512500 0.051634 0.007353 0.014379
1 0.496691 0.050980 0.012500 0.010458
1 0.530515 0.035948 0.009559 0.006536
1 0.556618 0.114379 0.013235 0.011765
1 0.550368 0.104575 0.011029 0.015686
1 0.547426 0.100000 0.011029 0.014379
1 0.548529 0.093464 0.008824 0.011765
1 0.543015 0.092157 0.016912 0.016993
1 0.553309 0.084314 0.019853 0.014379
1 0.541176 0.084967 0.020588 0.013072
1 0.540441 0.073856 0.019118 0.011765
1 0.547426 0.044444 0.006618 0.010458
1 0.555147 0.041830 0.007353 0.010458
2 0.523162 0.066013 0.006618 0.016993
2 0.483456 0.041830 0.012500 0.010458
