1 0.589063 0.855556 0.053125 0.114815
7 0.676562 0.793519 0.009375 0.027778
7 0.693229 0.780556 0.011458 0.042593
7 0.647396 0.747222 0.011458 0.031481
7 0.620313 0.757407 0.015625 0.044444
7 0.903125 0.909259 0.022917 0.059259
4 0.788021 0.914815 0.036458 0.074074
4 0.770312 0.874074 0.059375 0.059259
7 0.707812 0.978704 0.021875 0.042593
7 0.710417 0.736111 0.025000 0.031481
7 0.675521 0.664815 0.023958 0.025926
1 0.664583 0.561111 0.052083 0.033333
1 0.576562 0.622222 0.032292 0.048148
1 0.516667 0.460185 0.018750 0.031481
7 0.463021 0.738889 0.026042 0.033333
7 0.457292 0.783333 0.012500 0.040741
1 0.511458 0.373148 0.012500 0.016667
0 0.686458 0.607407 0.018750 0.025926
7 0.698958 0.714815 0.033333 0.033333
7 0.687500 0.689815 0.025000 0.027778
4 0.545312 0.466667 0.011458 0.022222
1 0.590625 0.436111 0.031250 0.020370
3 0.545312 0.411111 0.023958 0.037037
1 0.535417 0.385185 0.012500 0.018519
1 0.531771 0.374074 0.013542 0.018519
7 0.554688 0.522222 0.007292 0.022222
7 0.583854 0.550926 0.007292 0.024074
7 0.609375 0.543519 0.016667 0.016667
0 0.574479 0.478704 0.017708 0.016667
4 0.591667 0.505556 0.018750 0.022222
7 0.594271 0.523148 0.013542 0.016667
7 0.487500 0.517593 0.006250 0.024074
7 0.479167 0.386111 0.006250 0.012963
7 0.501563 0.392593 0.003125 0.011111
5 0.513021 0.398148 0.007292 0.022222
7 0.505208 0.411111 0.004167 0.014815
