0 0.538603 0.839216 0.018382 0.070588
0 0.505882 0.833333 0.016176 0.066667
0 0.576471 0.721569 0.016176 0.070588
0 0.616912 0.920915 0.038235 0.032680
0 0.505882 0.671895 0.017647 0.067974
0 0.476471 0.671895 0.017647 0.067974
0 0.432353 0.628758 0.036765 0.039216
0 0.433456 0.567974 0.038971 0.048366
0 0.424265 0.513072 0.033824 0.040523
0 0.492647 0.401307 0.017647 0.060131
0 0.525735 0.566013 0.017647 0.067974
0 0.547426 0.270588 0.016912 0.062745
0 0.304779 0.279085 0.036029 0.035294
0 0.237868 0.327451 0.024265 0.048366
0 0.200000 0.320261 0.035294 0.054902
0 0.171324 0.329412 0.032353 0.054902
0 0.100735 0.349020 0.019118 0.062745
0 0.106985 0.301307 0.008088 0.014379
0 0.133824 0.205229 0.033824 0.041830
0 0.134191 0.169935 0.030147 0.028758
0 0.224632 0.195425 0.031618 0.032680
0 0.292647 0.181046 0.039706 0.030065
0 0.030882 0.342484 0.023529 0.062745
0 0.009926 0.352941 0.019853 0.062745
0 0.029412 0.219608 0.038235 0.036601
0 0.476471 0.044444 0.016176 0.057516
0 0.506250 0.045752 0.016912 0.060131
0 0.636029 0.109150 0.030882 0.056209
0 0.700000 0.094118 0.027941 0.062745
0 0.727941 0.083660 0.029412 0.060131
0 0.758456 0.078431 0.031618 0.057516
0 0.807721 0.083007 0.015441 0.050980
0 0.929779 0.067320 0.022794 0.058824
0 0.989338 0.047059 0.021324 0.036601
