4 0.679948 0.545370 0.018229 0.042593
4 0.753906 0.581481 0.063021 0.061111
2 0.686458 0.945833 0.125000 0.108333
1 0.675000 0.844444 0.096875 0.074074
1 0.658333 0.798148 0.087500 0.066667
1 0.657031 0.758333 0.091146 0.066667
2 0.648698 0.712963 0.079687 0.064815
0 0.609375 0.854167 0.011458 0.058333
2 0.954688 0.968519 0.090625 0.061111
1 0.930729 0.923611 0.111458 0.082407
1 0.854948 0.818056 0.076563 0.117593
2 0.798438 0.712963 0.073958 0.116667
7 0.856250 0.664352 0.019792 0.050926
7 0.870573 0.666667 0.019271 0.044444
7 0.885156 0.666204 0.018229 0.045370
7 0.896615 0.660185 0.014063 0.050000
7 0.909896 0.663426 0.013542 0.049074
7 0.921615 0.663426 0.014063 0.043519
7 0.936198 0.663426 0.017188 0.045370
7 0.959896 0.660648 0.028125 0.047222
7 0.972656 0.663426 0.024479 0.047222
7 0.985156 0.663426 0.025521 0.045370
7 0.988281 0.857870 0.023438 0.045370
7 0.827344 0.688426 0.029687 0.032407
7 0.874740 0.578704 0.014063 0.038889
0 0.915625 0.577315 0.007292 0.036111
0 0.923958 0.578241 0.011458 0.037963
5 0.949479 0.579167 0.033333 0.065741
7 0.559375 0.520370 0.006250 0.029630
7 0.408073 0.972222 0.014063 0.055556
1 0.194792 0.883796 0.071875 0.119444
1 0.148177 0.746759 0.068229 0.099074
1 0.293750 0.663426 0.045833 0.080556
1 0.457292 0.476389 0.025000 0.043519
7 0.424479 0.566204 0.010417 0.034259
7 0.260156 0.648148 0.014063 0.037037
7 0.219271 0.691204 0.013542 0.043519
7 0.256771 0.607870 0.011458 0.037963
7 0.293490 0.522685 0.010937 0.030556
7 0.341927 0.434259 0.008854 0.024074
7 0.442708 0.362500 0.006250 0.021296
0 0.307812 0.478704 0.008333 0.025926
4 0.362760 0.417130 0.016146 0.039815
4 0.398177 0.387963 0.014063 0.042593
1 0.308854 0.427315 0.041667 0.045370
1 0.325521 0.394444 0.027083 0.042593
1 0.344531 0.370370 0.026562 0.037037
1 0.345052 0.342593 0.021354 0.035185
1 0.405208 0.352778 0.020833 0.038889
4 0.246615 0.511574 0.026562 0.065741
7 0.009375 0.873611 0.018750 0.056481
7 0.041406 0.806944 0.033854 0.037963
5 0.031771 0.760648 0.043750 0.080556
5 0.075000 0.680556 0.040625 0.079630
7 0.091406 0.731019 0.032813 0.037963
5 0.172656 0.589815 0.038021 0.059259
4 0.203385 0.658796 0.036979 0.075000
4 0.177865 0.658796 0.022396 0.058333
0 0.144010 0.646296 0.027604 0.033333
7 0.138802 0.630093 0.008854 0.028704
4 0.037500 0.417593 0.032292 0.022222
1 0.010677 0.421296 0.021354 0.033333
7 0.033333 0.380093 0.014583 0.019444
7 0.055208 0.371759 0.013542 0.028704
7 0.158073 0.331944 0.014063 0.017593
1 0.216927 0.420833 0.028646 0.049074
1 0.259896 0.352778 0.026042 0.027778
7 0.322396 0.338889 0.005208 0.018519
4 0.361198 0.298611 0.006771 0.013889
5 0.337240 0.283796 0.016146 0.032407
1 0.406771 0.313426 0.016667 0.032407
4 0.384896 0.310185 0.010417 0.024074
1 0.390365 0.275463 0.017188 0.026852
2 0.446354 0.292593 0.016667 0.033333
1 0.470573 0.267593 0.014063 0.022222
1 0.450521 0.263889 0.015625 0.025926
2 0.413281 0.260648 0.015104 0.032407
7 0.494531 0.311111 0.003646 0.014815
7 0.476302 0.306944 0.004687 0.017593
7 0.482292 0.281944 0.005208 0.019444
7 0.490365 0.255556 0.004687 0.016667
7 0.428385 0.251389 0.005729 0.013889
1 0.448437 0.248611 0.014583 0.023148
2 0.442969 0.226852 0.020313 0.037037
6 0.406771 0.218981 0.017708 0.041667
5 0.360677 0.256019 0.015104 0.026852
1 0.329167 0.244444 0.018750 0.022222
5 0.344531 0.242593 0.015104 0.024074
5 0.366146 0.222685 0.011458 0.023148
7 0.354687 0.232870 0.009375 0.012037
7 0.323177 0.226852 0.010937 0.011111
7 0.420833 0.206481 0.008333 0.009259
7 0.434635 0.209259 0.004687 0.012963
7 0.488281 0.218056 0.008854 0.010185
0 0.467969 0.200926 0.002604 0.012963
7 0.490625 0.203241 0.008333 0.012037
7 0.495312 0.198611 0.007292 0.012037
7 0.456771 0.189352 0.003125 0.012037
7 0.461979 0.185648 0.003125 0.012037
7 0.473698 0.187037 0.004687 0.011111
3 0.405729 0.180093 0.009375 0.028704
2 0.449740 0.168056 0.010937 0.023148
1 0.466406 0.161111 0.009896 0.016667
7 0.420573 0.169907 0.002604 0.010185
6 0.389323 0.153704 0.013021 0.031481
1 0.403125 0.136111 0.008333 0.012963
1 0.427344 0.134259 0.008854 0.012963
6 0.423177 0.110185 0.010937 0.022222
1 0.401302 0.124537 0.007812 0.013889
1 0.464844 0.154630 0.009896 0.012963
7 0.389844 0.173611 0.003646 0.012037
7 0.410417 0.151852 0.003125 0.009259
7 0.440365 0.149537 0.002604 0.010185
7 0.447396 0.142593 0.003125 0.009259
7 0.453385 0.142593 0.002604 0.009259
7 0.449479 0.137037 0.003125 0.007407
7 0.439844 0.136574 0.002604 0.008333
7 0.461198 0.170833 0.003646 0.010185
4 0.451302 0.153241 0.005729 0.013889
2 0.435937 0.115741 0.007292 0.012963
1 0.398438 0.108333 0.007292 0.012963
