0 0.829779 0.958824 0.097794 0.082353
0 0.744118 0.818301 0.122059 0.175163
0 0.696324 0.574510 0.089706 0.111111
0 0.542279 0.433333 0.052206 0.077124
0 0.616544 0.450327 0.027206 0.053595
0 0.580147 0.360784 0.029412 0.039216
0 0.236397 0.381046 0.096324 0.082353
0 0.491912 0.350980 0.055882 0.074510
0 0.154779 0.115033 0.043382 0.039216
0 0.265809 0.302614 0.059559 0.077124
0 0.310662 0.207843 0.028676 0.052288
0 0.302574 0.116340 0.024265 0.036601
0 0.282721 0.064706 0.022794 0.040523
0 0.299632 0.030065 0.018382 0.026144
0 0.275000 0.034641 0.019118 0.030065
0 0.364338 0.086928 0.022794 0.030065
0 0.258088 0.266667 0.033824 0.057516
0 0.250368 0.226144 0.034559 0.057516
0 0.248162 0.183007 0.030147 0.047059
0 0.346324 0.050327 0.022059 0.027451
0 0.230147 0.133987 0.042647 0.037908
0 0.247059 0.115686 0.020588 0.040523
0 0.166912 0.077778 0.041176 0.032680
0 0.436397 0.237255 0.034559 0.056209
0 0.395588 0.071242 0.042647 0.030065
0 0.396324 0.061438 0.030882 0.023529
0 0.376838 0.037255 0.037500 0.024837
0 0.369853 0.020261 0.038235 0.024837
0 0.337132 0.031373 0.018382 0.023529
0 0.332353 0.021569 0.019118 0.024837
