0 0.123162 0.052288 0.022794 0.028758
0 0.215074 0.125490 0.027206 0.036601
0 0.266544 0.150980 0.022794 0.032680
0 0.303676 0.049020 0.019118 0.027451
0 0.337868 0.009150 0.015441 0.018301
1 0.280882 0.275817 0.054412 0.117647
0 0.351471 0.941176 0.066176 0.117647
0 0.439338 0.929412 0.065441 0.141176
0 0.521691 0.873856 0.071324 0.194771
0 0.313971 0.702614 0.086765 0.145098
0 0.374265 0.754248 0.066176 0.151634
0 0.406985 0.624837 0.046324 0.096732
0 0.520956 0.690196 0.055147 0.149020
0 0.506618 0.556209 0.044118 0.092810
0 0.517647 0.464706 0.035294 0.082353
0 0.456985 0.594771 0.046324 0.109804
0 0.454044 0.492810 0.038971 0.086275
0 0.448897 0.405882 0.033088 0.074510
0 0.404412 0.382353 0.035294 0.074510
1 0.380515 0.489542 0.103676 0.226144
0 0.450735 0.332680 0.032353 0.061438
0 0.421691 0.277124 0.033088 0.054902
0 0.457353 0.271895 0.027941 0.047059
0 0.492279 0.284314 0.028676 0.053595
2 0.518750 0.350327 0.052206 0.128105
0 0.493382 0.183007 0.026471 0.041830
0 0.478309 0.133987 0.022794 0.037908
0 0.460662 0.229412 0.027206 0.050980
0 0.418382 0.178431 0.023529 0.040523
0 0.422426 0.215033 0.025735 0.045752
0 0.461029 0.196078 0.027941 0.041830
0 0.469853 0.088235 0.019118 0.030065
0 0.440074 0.143791 0.025735 0.044444
1 0.440074 0.079739 0.031618 0.081046
2 0.472794 0.033987 0.026471 0.067974
2 0.441544 0.024837 0.022794 0.049673
0 0.716544 0.013725 0.034559 0.016993
0 0.728676 0.022876 0.035294 0.027451
0 0.758824 0.046405 0.042647 0.032680
0 0.807721 0.009804 0.038971 0.019608
0 0.817647 0.025490 0.029412 0.019608
0 0.824265 0.032026 0.032353 0.019608
0 0.838603 0.040523 0.041912 0.023529
0 0.855882 0.053595 0.044118 0.026144
0 0.829779 0.095425 0.040441 0.041830
0 0.891544 0.029412 0.040441 0.027451
0 0.969485 0.043791 0.036029 0.032680
0 0.980882 0.013725 0.030882 0.022222
0 0.964706 0.009804 0.032353 0.019608
