0 0.429948 0.303704 0.011979 0.020370
0 0.446094 0.297685 0.008854 0.012037
0 0.446875 0.316204 0.010417 0.012037
0 0.446354 0.335648 0.011458 0.015741
2 0.435156 0.361111 0.020313 0.038889
0 0.435937 0.339352 0.014583 0.021296
0 0.477083 0.411574 0.017708 0.025000
0 0.391406 0.346759 0.013021 0.021296
0 0.391146 0.366667 0.014583 0.020370
0 0.390885 0.400463 0.015104 0.028704
0 0.354427 0.359722 0.015104 0.023148
0 0.329427 0.407870 0.015104 0.026852
0 0.323177 0.423611 0.021354 0.034259
0 0.307292 0.460185 0.026042 0.037037
0 0.296094 0.484722 0.028646 0.043519
0 0.395833 0.642593 0.035417 0.079630
0 0.613281 0.748611 0.067187 0.095370
0 0.487760 0.525000 0.032813 0.046296
0 0.183854 0.763889 0.068750 0.114815
0 0.119792 0.900463 0.109375 0.180556
