7 0.581250 0.739216 0.034559 0.040523
7 0.585662 0.677778 0.021324 0.048366
1 0.622059 0.462745 0.032353 0.073203
3 0.522794 0.606536 0.042647 0.162092
2 0.398529 0.458824 0.025000 0.096732
1 0.233824 0.437908 0.077941 0.067974
1 0.272794 0.296078 0.060294 0.061438
1 0.266912 0.138562 0.029412 0.044444
1 0.214706 0.071242 0.035294 0.032680
7 0.190809 0.245098 0.012500 0.035294
1 0.434926 0.134641 0.027206 0.057516
7 0.543750 0.283007 0.012500 0.027451
7 0.473529 0.032680 0.007353 0.020915
5 0.434559 0.024837 0.019118 0.041830
4 0.479044 0.081046 0.015441 0.039216
7 0.750000 0.871895 0.013235 0.065359
7 0.702941 0.702614 0.032353 0.035294
7 0.642647 0.332680 0.030882 0.037908
0 0.631985 0.188235 0.018382 0.026144
7 0.621324 0.171242 0.019118 0.023529
