1 0.506618 0.222222 0.085294 0.101961
1 0.323162 0.245098 0.084559 0.082353
1 0.686397 0.098039 0.080147 0.094118
1 0.122426 0.293464 0.091912 0.087582
1 0.146324 0.415033 0.089706 0.098039
1 0.350368 0.922222 0.087500 0.100654
1 0.174632 0.894118 0.088971 0.081046
2 0.263603 0.346405 0.083088 0.091503
2 0.976838 0.283660 0.046324 0.078431
2 0.951471 0.062745 0.097059 0.107190
1 0.823529 0.039869 0.100000 0.079739
1 0.028676 0.471242 0.057353 0.090196
1 0.023529 0.615686 0.045588 0.083660
7 0.729779 0.199346 0.024265 0.043137
