0 0.470312 0.184259 0.006250 0.009259
0 0.488281 0.202778 0.004687 0.009259
0 0.488542 0.210185 0.007292 0.012963
0 0.469531 0.212037 0.006771 0.009259
0 0.476562 0.218981 0.005208 0.010185
0 0.470833 0.226389 0.006250 0.010185
0 0.491146 0.230556 0.004167 0.007407
0 0.489583 0.241204 0.007292 0.012037
0 0.493490 0.251852 0.006771 0.011111
0 0.472656 0.250926 0.007812 0.011111
0 0.478646 0.296296 0.010417 0.018519
0 0.500260 0.309722 0.010937 0.017593
0 0.502083 0.336111 0.012500 0.022222
0 0.472917 0.354630 0.012500 0.018519
0 0.420312 0.385648 0.011458 0.019444
0 0.416667 0.415741 0.014583 0.024074
0 0.514062 0.378241 0.013542 0.030556
0 0.518229 0.401389 0.018750 0.023148
0 0.514062 0.434259 0.014583 0.025926
0 0.533073 0.468519 0.016146 0.025926
0 0.621615 0.333796 0.024479 0.017593
0 0.583073 0.334722 0.023438 0.017593
0 0.593229 0.331019 0.023958 0.017593
0 0.582292 0.321296 0.018750 0.012963
0 0.751563 0.515741 0.052083 0.038889
0 0.544010 0.577315 0.022396 0.037963
0 0.565104 0.667130 0.028125 0.058333
0 0.574740 0.739352 0.035937 0.067593
0 0.444792 0.737500 0.034375 0.093519
0 0.329688 0.922685 0.051042 0.112037
