2 0.035662 0.967320 0.071324 0.065359
1 0.027206 0.671242 0.054412 0.058824
1 0.140441 0.669281 0.072059 0.057516
1 0.197794 0.611765 0.029412 0.060131
1 0.272426 0.577124 0.034559 0.069281
1 0.262132 0.698693 0.041912 0.066667
4 0.219853 0.684314 0.033824 0.053595
1 0.360662 0.513725 0.036029 0.041830
2 0.566176 0.464706 0.036765 0.032680
1 0.496691 0.456863 0.038971 0.027451
2 0.451103 0.437255 0.034559 0.030065
1 0.618015 0.450980 0.038971 0.026144
1 0.372426 0.426797 0.024265 0.027451
1 0.021324 0.539216 0.042647 0.043137
1 0.106985 0.516340 0.050735 0.041830
1 0.247426 0.477778 0.024265 0.035294
1 0.219485 0.461438 0.028676 0.031373
2 0.268750 0.443791 0.016912 0.037908
1 0.280147 0.402614 0.016176 0.023529
1 0.322794 0.383007 0.016176 0.020915
0 0.168382 0.507843 0.007353 0.024837
1 0.144485 0.438562 0.024265 0.032680
1 0.105515 0.451634 0.033088 0.032680
1 0.060662 0.401961 0.038971 0.022222
1 0.066176 0.396732 0.038235 0.022222
7 0.111397 0.374510 0.012500 0.016993
1 0.208088 0.366667 0.013235 0.022222
1 0.162132 0.351634 0.021324 0.023529
1 0.125000 0.358170 0.026471 0.020915
1 0.196324 0.344444 0.016176 0.019608
3 0.169485 0.322876 0.066912 0.039216
1 0.165074 0.343791 0.018382 0.026144
1 0.211029 0.324837 0.022059 0.016993
2 0.241176 0.359477 0.025000 0.020915
1 0.244853 0.350980 0.023529 0.019608
1 0.223162 0.351634 0.015441 0.018301
1 0.297794 0.351634 0.014706 0.026144
1 0.330147 0.366013 0.011765 0.018301
1 0.328676 0.345098 0.011765 0.018301
6 0.696691 0.471242 0.081618 0.069281
4 0.795956 0.407190 0.009559 0.019608
6 0.826103 0.374510 0.018382 0.035294
7 0.803309 0.383660 0.006618 0.014379
1 0.811397 0.362092 0.011029 0.020915
3 0.801471 0.343791 0.014706 0.026144
3 0.801471 0.321569 0.013235 0.028758
1 0.814338 0.323529 0.009559 0.014379
5 0.820588 0.352941 0.005882 0.013072
2 0.923529 0.409150 0.030882 0.023529
1 0.883456 0.352288 0.011029 0.014379
2 0.862132 0.356863 0.016912 0.018301
2 0.394485 0.360131 0.012500 0.027451
7 0.379779 0.415686 0.009559 0.015686
5 0.364338 0.358170 0.008088 0.020915
1 0.405147 0.314379 0.010294 0.011765
1 0.352941 0.322222 0.010294 0.014379
4 0.357721 0.337908 0.013971 0.011765
1 0.346324 0.294118 0.008824 0.013072
1 0.290809 0.316340 0.009559 0.015686
7 0.284559 0.323529 0.004412 0.011765
3 0.305882 0.292810 0.016176 0.036601
3 0.316176 0.269281 0.014706 0.026144
3 0.321691 0.258824 0.011029 0.023529
0 0.348529 0.310458 0.004412 0.009150
1 0.404779 0.293464 0.006618 0.009150
3 0.344853 0.266667 0.005882 0.010458
1 0.344853 0.243791 0.004412 0.006536
1 0.347794 0.239869 0.004412 0.006536
