1 0.416146 0.518519 0.030208 0.051852
1 0.504687 0.450000 0.023958 0.040741
1 0.468750 0.374074 0.020833 0.033333
1 0.435417 0.380556 0.020833 0.035185
1 0.495312 0.332407 0.017708 0.031481
1 0.468750 0.326852 0.018750 0.027778
1 0.726562 0.320370 0.034375 0.029630
1 0.728125 0.310185 0.033333 0.027778
1 0.726562 0.281481 0.023958 0.025926
7 0.510417 0.763889 0.012500 0.050000
7 0.447917 0.734259 0.012500 0.050000
7 0.177604 0.835185 0.023958 0.048148
7 0.217188 0.608333 0.015625 0.035185
7 0.500521 0.622222 0.009375 0.040741
7 0.295312 0.460185 0.005208 0.020370
7 0.352083 0.336111 0.012500 0.012963
7 0.165625 0.537963 0.010417 0.027778
7 0.326042 0.343519 0.010417 0.012963
7 0.393229 0.319444 0.009375 0.016667
7 0.411979 0.287963 0.011458 0.012963
7 0.372396 0.293519 0.005208 0.012963
7 0.369792 0.285185 0.006250 0.011111
2 0.363021 0.301852 0.019792 0.022222
4 0.337500 0.308333 0.020833 0.024074
4 0.330729 0.292593 0.017708 0.022222
1 0.409896 0.262037 0.011458 0.016667
1 0.411979 0.254630 0.011458 0.016667
1 0.414583 0.216667 0.006250 0.014815
7 0.295312 0.342593 0.011458 0.018519
7 0.431250 0.283333 0.012500 0.014815
7 0.468229 0.242593 0.005208 0.011111
7 0.476562 0.248148 0.005208 0.011111
1 0.390625 0.265741 0.008333 0.012963
7 0.400000 0.240741 0.004167 0.011111
7 0.739583 0.350000 0.016667 0.014815
5 0.149479 0.759259 0.048958 0.122222
