0 0.029779 0.823529 0.022794 0.060131
7 0.044853 0.800654 0.022059 0.061438
0 0.051103 0.686928 0.025735 0.048366
0 0.085294 0.734641 0.042647 0.044444
0 0.089338 0.716340 0.041912 0.044444
0 0.066912 0.430719 0.016176 0.027451
0 0.118382 0.683660 0.025000 0.033987
0 0.124265 0.677124 0.030882 0.041830
0 0.133088 0.667974 0.035294 0.041830
0 0.176471 0.609150 0.014706 0.041830
0 0.194485 0.579739 0.025735 0.032680
0 0.202206 0.564052 0.022059 0.032680
0 0.230147 0.530065 0.016176 0.032680
7 0.165809 0.470588 0.013971 0.020915
0 0.308088 0.423529 0.014706 0.018301
0 0.316912 0.415686 0.014706 0.018301
7 0.227206 0.435948 0.008824 0.024837
0 0.213971 0.425490 0.011765 0.022222
0 0.246324 0.424183 0.008824 0.024837
0 0.256250 0.408497 0.008088 0.022222
0 0.295956 0.350327 0.005147 0.013072
0 0.306250 0.362092 0.009559 0.015686
2 0.332353 0.296732 0.014706 0.026144
1 0.280515 0.943791 0.077206 0.112418
1 0.248897 0.803268 0.075735 0.134641
1 0.129044 0.837255 0.091912 0.147712
1 0.416912 0.706536 0.052941 0.118954
1 0.353309 0.714379 0.056618 0.111111
1 0.231985 0.659477 0.062500 0.103268
1 0.460662 0.592157 0.034559 0.070588
1 0.379779 0.622876 0.043382 0.082353
1 0.330882 0.598039 0.042647 0.074510
1 0.270588 0.573203 0.044118 0.069281
1 0.397794 0.562092 0.036765 0.060131
1 0.366912 0.533333 0.039706 0.057516
1 0.327574 0.528758 0.043382 0.066667
1 0.301838 0.505229 0.038971 0.050980
1 0.336029 0.441830 0.039706 0.041830
1 0.355882 0.484314 0.030882 0.043137
1 0.387500 0.489542 0.027941 0.045752
2 0.411029 0.505882 0.030882 0.073203
1 0.462132 0.496732 0.031618 0.057516
1 0.430515 0.484314 0.027206 0.045752
1 0.390809 0.445098 0.030147 0.048366
1 0.439706 0.456209 0.026471 0.039216
1 0.470956 0.438562 0.022794 0.043137
1 0.472426 0.400654 0.019853 0.032680
1 0.477574 0.377778 0.015441 0.026144
1 0.479044 0.354248 0.016912 0.028758
1 0.486029 0.335948 0.013235 0.026144
1 0.485662 0.315033 0.013971 0.020915
1 0.488235 0.300654 0.010294 0.020915
1 0.484926 0.283007 0.012500 0.016993
1 0.436029 0.426144 0.023529 0.033987
1 0.442279 0.407190 0.019853 0.035294
1 0.444853 0.388235 0.019118 0.023529
1 0.451471 0.369281 0.017647 0.030065
2 0.453676 0.349673 0.014706 0.030065
1 0.457721 0.342484 0.012500 0.026144
1 0.461029 0.333987 0.013235 0.022222
1 0.462500 0.322222 0.013235 0.022222
1 0.466544 0.313725 0.013971 0.020915
2 0.467647 0.301961 0.011765 0.020915
1 0.465441 0.295425 0.008824 0.015686
1 0.469853 0.290196 0.010294 0.018301
1 0.402206 0.422222 0.023529 0.033987
1 0.413235 0.395425 0.019118 0.035294
1 0.420221 0.379085 0.016912 0.028758
1 0.427574 0.364052 0.016912 0.024837
1 0.431618 0.349673 0.016176 0.024837
1 0.436029 0.337908 0.014706 0.024837
1 0.438603 0.327451 0.012500 0.022222
1 0.446324 0.316993 0.014706 0.024837
1 0.447426 0.308497 0.011029 0.020915
1 0.451471 0.302614 0.010294 0.016993
1 0.452574 0.295425 0.009559 0.015686
1 0.454044 0.288889 0.012500 0.015686
1 0.370221 0.418954 0.025735 0.032680
1 0.376103 0.390850 0.022794 0.028758
1 0.393750 0.376471 0.019853 0.026144
1 0.405515 0.358824 0.019853 0.022222
1 0.398529 0.341176 0.019118 0.026144
6 0.418382 0.316340 0.022059 0.049673
1 0.430147 0.310458 0.011765 0.019608
1 0.433824 0.300000 0.010294 0.016993
1 0.434559 0.291503 0.011765 0.015686
1 0.440074 0.232680 0.008088 0.010458
1 0.519853 0.284967 0.011765 0.015686
1 0.537500 0.284314 0.010294 0.016993
1 0.569853 0.292157 0.010294 0.014379
1 0.576103 0.304575 0.011029 0.018301
1 0.576838 0.318301 0.009559 0.016993
6 0.559559 0.313072 0.032353 0.053595
1 0.530882 0.326797 0.014706 0.020915
1 0.517279 0.362092 0.018382 0.026144
1 0.526103 0.450980 0.024265 0.041830
1 0.614706 0.416993 0.020588 0.031373
1 0.590074 0.468627 0.028676 0.037908
1 0.557353 0.482353 0.026471 0.041830
1 0.522059 0.538562 0.030882 0.047059
1 0.352574 0.228105 0.009559 0.014379
1 0.533824 0.675817 0.044118 0.075817
1 0.595221 0.665359 0.046324 0.081046
2 0.665074 0.503268 0.040441 0.054902
1 0.727574 0.632680 0.043382 0.065359
1 0.794485 0.772549 0.075735 0.101961
1 0.866176 0.926144 0.100000 0.145098
7 0.751103 0.900654 0.022794 0.075817
7 0.713235 0.773203 0.016176 0.058824
7 0.676103 0.705882 0.018382 0.054902
7 0.648162 0.607190 0.013971 0.048366
2 0.708088 0.431373 0.044118 0.044444
1 0.723897 0.458824 0.052206 0.033987
0 0.971324 0.806536 0.022059 0.062745
0 0.964338 0.980392 0.025735 0.039216
0 0.951471 0.898039 0.036765 0.047059
0 0.959191 0.874510 0.034559 0.044444
0 0.933456 0.853595 0.027206 0.033987
0 0.923162 0.828105 0.041912 0.043137
0 0.912132 0.816340 0.038971 0.043137
0 0.905882 0.803922 0.035294 0.047059
