7 0.146875 0.906481 0.025000 0.072222
7 0.477083 0.558333 0.016667 0.035185
7 0.496875 0.549074 0.020833 0.035185
7 0.307812 0.594444 0.017708 0.044444
7 0.430729 0.508333 0.030208 0.031481
7 0.389062 0.485185 0.021875 0.029630
7 0.540104 0.390741 0.005208 0.022222
7 0.548438 0.359259 0.005208 0.022222
7 0.534375 0.324074 0.006250 0.018519
7 0.520312 0.315741 0.005208 0.016667
7 0.509375 0.315741 0.006250 0.020370
7 0.389583 0.369444 0.006250 0.024074
7 0.372917 0.367593 0.008333 0.020370
7 0.400000 0.354630 0.006250 0.020370
7 0.425000 0.305556 0.006250 0.014815
7 0.410938 0.308333 0.005208 0.016667
7 0.421354 0.283333 0.005208 0.014815
7 0.463021 0.256481 0.005208 0.012963
7 0.468229 0.247222 0.003125 0.012963
7 0.533854 0.284259 0.005208 0.012963
7 0.519792 0.284259 0.006250 0.016667
7 0.529167 0.262037 0.008333 0.012963
7 0.515625 0.255556 0.004167 0.014815
0 0.643750 0.775926 0.016667 0.055556
2 0.343750 0.752778 0.068750 0.179630
1 0.592187 0.538889 0.040625 0.059259
5 0.572396 0.461111 0.026042 0.044444
1 0.359896 0.429630 0.038542 0.051852
1 0.439062 0.380556 0.021875 0.035185
1 0.444271 0.346296 0.017708 0.029630
1 0.426042 0.335185 0.016667 0.029630
1 0.455729 0.323148 0.017708 0.027778
2 0.257812 0.407407 0.044792 0.051852
2 0.227604 0.395370 0.034375 0.042593
1 0.133333 0.335185 0.039583 0.025926
1 0.184896 0.327778 0.038542 0.025926
7 0.225000 0.525000 0.016667 0.038889
7 0.229167 0.501852 0.020833 0.029630
0 0.325000 0.416667 0.010417 0.025926
2 0.283333 0.383333 0.016667 0.044444
2 0.297396 0.365741 0.017708 0.038889
1 0.553646 0.284259 0.015625 0.027778
6 0.455208 0.238889 0.014583 0.029630
2 0.489583 0.219444 0.010417 0.020370
2 0.436979 0.239815 0.011458 0.024074
2 0.442188 0.228704 0.009375 0.020370
6 0.491146 0.173148 0.007292 0.012963
1 0.481771 0.174074 0.005208 0.007407
7 0.339583 0.364815 0.008333 0.022222
2 0.267708 0.350000 0.031250 0.048148
2 0.309896 0.345370 0.048958 0.042593
