1 0.006250 0.212500 0.012500 0.017593
1 0.016667 0.219444 0.033333 0.018519
2 0.054427 0.218981 0.030729 0.025000
1 0.041146 0.206481 0.031250 0.016667
1 0.064583 0.210185 0.023958 0.014815
1 0.093750 0.220370 0.031250 0.022222
1 0.097396 0.207870 0.028125 0.019444
1 0.169010 0.214815 0.022396 0.020370
1 0.165885 0.206481 0.023438 0.016667
1 0.144271 0.323148 0.027083 0.031481
1 0.174219 0.292130 0.023438 0.026852
1 0.223177 0.228704 0.029687 0.018519
1 0.238281 0.213426 0.023438 0.017593
1 0.216146 0.201852 0.026042 0.016667
1 0.254427 0.203241 0.028646 0.019444
1 0.238281 0.195833 0.027604 0.015741
1 0.278906 0.256019 0.017188 0.023148
6 0.300260 0.188426 0.056771 0.034259
2 0.472656 0.091667 0.003646 0.007407
1 0.465365 0.104630 0.005729 0.007407
1 0.452083 0.109259 0.006250 0.009259
1 0.464062 0.125000 0.006250 0.009259
1 0.476562 0.132407 0.007292 0.011111
1 0.463802 0.139352 0.007812 0.012037
1 0.487500 0.167593 0.011458 0.011111
1 0.492448 0.131019 0.006771 0.010185
7 0.487240 0.133796 0.002604 0.006481
1 0.385677 0.166204 0.008854 0.013889
1 0.365885 0.171759 0.009896 0.015741
1 0.337240 0.168056 0.010937 0.013889
1 0.404427 0.133333 0.006771 0.012963
1 0.401302 0.139815 0.005729 0.011111
1 0.399219 0.144444 0.006771 0.012963
1 0.395052 0.146759 0.006771 0.013889
1 0.393229 0.151389 0.008333 0.013889
1 0.389844 0.157407 0.008854 0.016667
1 0.388802 0.160648 0.009896 0.013889
1 0.372396 0.161111 0.009375 0.016667
1 0.353385 0.167130 0.009896 0.013889
1 0.376042 0.154630 0.008333 0.012963
2 0.378906 0.150463 0.007812 0.015741
1 0.381771 0.148611 0.007292 0.010185
1 0.382552 0.144444 0.007812 0.011111
1 0.385417 0.140741 0.007292 0.009259
1 0.386719 0.137963 0.006771 0.011111
1 0.390365 0.136111 0.006771 0.009259
1 0.392448 0.132870 0.005729 0.010185
1 0.394271 0.130093 0.007292 0.010185
1 0.356510 0.161574 0.008854 0.013889
1 0.360156 0.156019 0.008854 0.012037
2 0.365365 0.148611 0.007812 0.017593
2 0.370573 0.143056 0.007812 0.013889
1 0.375781 0.136574 0.006771 0.012037
1 0.378906 0.133333 0.005729 0.009259
2 0.382552 0.126389 0.005729 0.012037
1 0.342187 0.161574 0.008333 0.012037
1 0.347135 0.156481 0.007812 0.012963
2 0.349740 0.149537 0.008854 0.013889
1 0.355729 0.147222 0.007292 0.011111
1 0.358073 0.144907 0.006771 0.012037
1 0.361458 0.140741 0.007292 0.009259
1 0.365104 0.137037 0.006250 0.009259
1 0.367448 0.133796 0.005729 0.008333
1 0.370312 0.131019 0.006250 0.008333
1 0.333594 0.156481 0.008854 0.012963
1 0.340885 0.147685 0.007812 0.010185
1 0.322135 0.167130 0.009896 0.013889
1 0.579427 0.174074 0.019271 0.012963
2 0.602344 0.187037 0.022396 0.018519
1 0.594271 0.186111 0.019792 0.012963
1 0.614323 0.192130 0.020313 0.013889
1 0.632812 0.187037 0.020833 0.016667
1 0.630208 0.203704 0.018750 0.012963
1 0.666146 0.189352 0.016667 0.015741
2 0.684375 0.186574 0.018750 0.013889
1 0.734115 0.206019 0.023438 0.017593
1 0.702083 0.184722 0.017708 0.015741
1 0.365625 0.192593 0.023958 0.014815
4 0.399740 0.202315 0.014063 0.012037
7 0.534115 0.286574 0.005729 0.017593
2 0.404427 0.261574 0.015104 0.028704
2 0.428646 0.272685 0.013542 0.026852
2 0.412500 0.407870 0.021875 0.050926
2 0.493750 0.410648 0.020833 0.047222
2 0.451562 0.344907 0.016667 0.032407
2 0.462760 0.445833 0.020313 0.049074
2 0.441667 0.630093 0.031250 0.076852
1 0.435677 0.263889 0.014063 0.022222
1 0.433594 0.291667 0.014063 0.024074
1 0.425521 0.309722 0.016667 0.025000
1 0.427604 0.332870 0.017708 0.030556
1 0.422396 0.354630 0.019792 0.035185
1 0.414583 0.381481 0.020833 0.031481
1 0.458333 0.266204 0.013542 0.023148
1 0.458854 0.281944 0.013542 0.026852
1 0.456771 0.308333 0.016667 0.025926
1 0.458333 0.330093 0.015625 0.030556
1 0.460156 0.370833 0.019271 0.032407
1 0.454948 0.416204 0.022396 0.036111
1 0.484896 0.271759 0.014583 0.021296
1 0.486198 0.286574 0.015104 0.023148
1 0.487760 0.304630 0.014063 0.025926
1 0.490625 0.325926 0.014583 0.027778
1 0.490625 0.353704 0.018750 0.029630
1 0.491667 0.378704 0.019792 0.037037
1 0.512760 0.302778 0.017188 0.029630
1 0.530469 0.402778 0.024479 0.042593
1 0.373437 0.382407 0.021875 0.035185
1 0.406771 0.459259 0.027083 0.048148
1 0.401562 0.519907 0.030208 0.050926
1 0.456250 0.496296 0.028125 0.050000
1 0.499219 0.462963 0.024479 0.042593
1 0.507031 0.504167 0.027604 0.049074
1 0.333333 0.543056 0.034375 0.054630
1 0.386979 0.590741 0.035417 0.062963
1 0.372917 0.680093 0.040625 0.078704
1 0.505208 0.622685 0.034375 0.067593
1 0.509635 0.736111 0.044271 0.100000
1 0.442188 0.736111 0.039583 0.092593
1 0.448437 0.572222 0.029167 0.053704
1 0.511719 0.564352 0.030729 0.054630
1 0.445312 0.901389 0.051042 0.139815
1 0.355729 0.842130 0.053125 0.123148
