0 0.100521 0.811111 0.171875 0.170370
0 0.354687 0.556481 0.040625 0.087037
0 0.356771 0.463889 0.034375 0.064815
0 0.465625 0.541667 0.054167 0.072222
0 0.580208 0.722222 0.106250 0.118519
0 0.410417 0.394444 0.031250 0.044444
0 0.399479 0.341667 0.026042 0.042593
0 0.355208 0.412963 0.031250 0.059259
0 0.362500 0.369444 0.031250 0.053704
0 0.349479 0.340741 0.028125 0.048148
0 0.359896 0.319444 0.021875 0.038889
0 0.356250 0.294444 0.020833 0.037037
0 0.358854 0.275926 0.021875 0.022222
0 0.356250 0.192593 0.012500 0.022222
0 0.366667 0.154630 0.008333 0.012963
0 0.364063 0.144444 0.007292 0.018519
0 0.458854 0.342593 0.023958 0.037037
0 0.529167 0.362037 0.039583 0.035185
0 0.779687 0.601852 0.105208 0.081481
0 0.435937 0.277778 0.015625 0.029630
0 0.379167 0.200000 0.010417 0.018519
0 0.468229 0.917593 0.103125 0.164815
