7 0.034559 0.339869 0.007353 0.015686
1 0.722426 0.229412 0.018382 0.011765
1 0.687132 0.222222 0.016912 0.010458
6 0.866912 0.216993 0.027941 0.018301
6 0.667647 0.198693 0.030882 0.015686
6 0.662132 0.195425 0.031618 0.016993
6 0.656618 0.197386 0.030882 0.015686
6 0.646324 0.193464 0.030882 0.015686
6 0.636397 0.191503 0.031618 0.016993
6 0.628676 0.192157 0.030882 0.015686
6 0.623162 0.187582 0.031618 0.016993
6 0.737500 0.198039 0.030882 0.016993
6 0.718750 0.194771 0.031618 0.015686
6 0.712132 0.193464 0.031618 0.015686
6 0.702941 0.192810 0.030882 0.016993
6 0.694118 0.192157 0.030882 0.015686
6 0.686397 0.189542 0.031618 0.015686
6 0.676838 0.199346 0.031618 0.016993
6 0.851471 0.213725 0.025000 0.016993
6 0.840441 0.212418 0.025000 0.016993
6 0.830882 0.209804 0.025000 0.016993
6 0.816912 0.208497 0.020588 0.016993
1 0.819853 0.257516 0.019118 0.010458
1 0.882721 0.289542 0.016912 0.014379
2 0.838235 0.266013 0.020588 0.016993
2 0.857353 0.272549 0.010294 0.019608
2 0.874632 0.272549 0.019853 0.016993
2 0.877941 0.277124 0.020588 0.015686
6 0.805515 0.207843 0.015441 0.018301
1 0.931618 0.246405 0.013235 0.009150
1 0.915441 0.245752 0.013235 0.010458
