1 0.403646 0.638889 0.028125 0.088889
4 0.312500 0.706481 0.022917 0.083333
1 0.393229 0.515741 0.023958 0.053704
1 0.498437 0.473148 0.021875 0.031481
4 0.438542 0.442593 0.016667 0.037037
1 0.427604 0.393519 0.026042 0.031481
1 0.397917 0.356481 0.014583 0.027778
1 0.393750 0.400000 0.014583 0.037037
1 0.359896 0.418519 0.017708 0.037037
1 0.405729 0.315741 0.013542 0.024074
1 0.192188 0.442593 0.044792 0.029630
2 0.194792 0.413889 0.052083 0.035185
1 0.465625 0.266667 0.010417 0.018519
7 0.411458 0.409259 0.008333 0.018519
4 0.505729 0.415741 0.019792 0.024074
0 0.531771 0.382407 0.005208 0.020370
2 0.454687 0.214815 0.005208 0.011111
1 0.457813 0.177778 0.003125 0.007407
7 0.460938 0.244444 0.005208 0.011111
3 0.467187 0.213889 0.005208 0.012963
7 0.514062 0.369444 0.005208 0.012963
1 0.620313 0.331481 0.028125 0.018519
1 0.672917 0.324074 0.029167 0.022222
1 0.718229 0.318519 0.017708 0.025926
0 0.604688 0.658333 0.011458 0.038889
7 0.327604 0.350926 0.015625 0.016667
