1 0.428125 0.938889 0.118750 0.100000
1 0.432292 0.837037 0.095833 0.070370
1 0.497396 0.737963 0.040625 0.135185
1 0.589063 0.539815 0.032292 0.068519
1 0.561979 0.468519 0.026042 0.048148
1 0.622396 0.485185 0.034375 0.048148
1 0.565625 0.287037 0.016667 0.025926
1 0.546875 0.275000 0.016667 0.031481
1 0.705208 0.695370 0.085417 0.064815
1 0.694271 0.638889 0.082292 0.066667
1 0.782813 0.893519 0.111458 0.098148
3 0.689063 0.570370 0.086458 0.088889
2 0.459375 0.632407 0.058333 0.061111
2 0.473958 0.572222 0.056250 0.059259
1 0.473958 0.489815 0.050000 0.046296
1 0.479167 0.461111 0.058333 0.037037
1 0.490625 0.383333 0.052083 0.029630
1 0.491667 0.363889 0.041667 0.027778
1 0.496354 0.345370 0.042708 0.024074
1 0.493229 0.326852 0.042708 0.020370
1 0.492708 0.316667 0.037500 0.022222
1 0.495833 0.309259 0.033333 0.018519
1 0.500000 0.293519 0.033333 0.020370
1 0.502083 0.263889 0.035417 0.020370
1 0.500000 0.280556 0.033333 0.020370
5 0.505729 0.241667 0.017708 0.020370
7 0.664583 0.480556 0.025000 0.027778
7 0.679167 0.450000 0.020833 0.022222
1 0.609896 0.289815 0.036458 0.024074
1 0.596354 0.260185 0.034375 0.020370
2 0.483854 0.437963 0.044792 0.031481
7 0.538021 0.516667 0.009375 0.029630
