0 0.058456 0.311111 0.071324 0.096732
0 0.044118 0.620261 0.088235 0.147712
0 0.616176 0.871895 0.082353 0.256209
0 0.648529 0.360131 0.052941 0.124183
0 0.675368 0.226797 0.047794 0.118954
0 0.566176 0.129412 0.030882 0.075817
0 0.452941 0.194771 0.079412 0.073203
0 0.467279 0.149020 0.052206 0.067974
2 0.482721 0.101961 0.106618 0.109804
0 0.533456 0.075817 0.072794 0.062745
0 0.543015 0.018301 0.074265 0.036601
0 0.609559 0.023529 0.030882 0.047059
0 0.936765 0.139869 0.101471 0.067974
0 0.965074 0.211111 0.069853 0.079739
