0 0.470956 0.494771 0.099265 0.134641
0 0.600735 0.345752 0.069118 0.105882
0 0.816544 0.464052 0.118382 0.088889
0 0.873529 0.375817 0.108824 0.074510
0 0.942279 0.302614 0.094853 0.087582
0 0.469485 0.289542 0.080147 0.071895
0 0.608088 0.135948 0.058824 0.054902
0 0.647059 0.090196 0.058824 0.054902
0 0.682721 0.060131 0.058088 0.052288
0 0.706985 0.054248 0.050735 0.043137
0 0.713971 0.041830 0.057353 0.041830
0 0.734559 0.028758 0.061765 0.044444
0 0.770588 0.015686 0.054412 0.031373
0 0.916544 0.262745 0.099265 0.067974
0 0.959559 0.244444 0.080882 0.073203
0 0.962132 0.182353 0.075735 0.050980
0 0.970221 0.143137 0.059559 0.045752
0 0.914338 0.060131 0.036029 0.044444
