1 0.132812 0.912037 0.038542 0.038889
1 0.213021 0.912037 0.044792 0.027778
3 0.605208 0.969444 0.025000 0.057407
1 0.520312 0.897222 0.019792 0.035185
1 0.518750 0.836111 0.016667 0.031481
1 0.492708 0.860185 0.016667 0.035185
2 0.320833 0.840741 0.010417 0.025926
4 0.342708 0.845370 0.016667 0.024074
1 0.334375 0.791667 0.022917 0.016667
1 0.392708 0.758333 0.012500 0.020370
1 0.411979 0.760185 0.013542 0.024074
7 0.427083 0.767593 0.004167 0.012963
1 0.451042 0.734259 0.027083 0.020370
3 0.414583 0.738889 0.012500 0.018519
1 0.443750 0.707407 0.012500 0.018519
1 0.514062 0.774074 0.021875 0.025926
1 0.490104 0.759259 0.011458 0.022222
1 0.485937 0.726852 0.011458 0.020370
1 0.502604 0.699074 0.011458 0.016667
1 0.486458 0.679630 0.010417 0.018519
1 0.453125 0.662963 0.008333 0.014815
1 0.454687 0.636111 0.007292 0.012963
2 0.466146 0.642593 0.007292 0.014815
1 0.480729 0.650000 0.007292 0.011111
1 0.479687 0.634259 0.007292 0.012963
1 0.481771 0.618519 0.005208 0.011111
1 0.450000 0.598148 0.012500 0.011111
1 0.432812 0.639815 0.007292 0.012963
1 0.438542 0.599074 0.010417 0.009259
6 0.457813 0.581481 0.005208 0.014815
1 0.445312 0.588889 0.005208 0.007407
1 0.506771 0.666667 0.007292 0.014815
6 0.523438 0.750926 0.017708 0.038889
1 0.543229 0.743519 0.013542 0.020370
1 0.540104 0.725000 0.011458 0.016667
1 0.532292 0.705556 0.008333 0.014815
1 0.518750 0.653704 0.006250 0.014815
1 0.516146 0.647222 0.007292 0.012963
1 0.510938 0.639815 0.007292 0.012963
1 0.506771 0.634259 0.007292 0.012963
1 0.496875 0.625926 0.008333 0.011111
1 0.507292 0.620370 0.006250 0.011111
1 0.500000 0.589815 0.006250 0.009259
1 0.482292 0.596296 0.012500 0.011111
1 0.480729 0.603704 0.005208 0.011111
1 0.490104 0.580556 0.005208 0.009259
1 0.495833 0.575926 0.004167 0.007407
3 0.474479 0.564815 0.005208 0.014815
1 0.460417 0.569444 0.004167 0.009259
1 0.479687 0.557407 0.003125 0.007407
1 0.472396 0.551852 0.005208 0.007407
7 0.472396 0.606481 0.003125 0.009259
7 0.501042 0.603704 0.004167 0.011111
