1 0.019792 0.929630 0.039583 0.125926
1 0.183333 0.928704 0.134375 0.142593
0 0.398177 0.958796 0.034896 0.082407
1 0.490365 0.974537 0.107812 0.050926
1 0.473958 0.887037 0.080208 0.142593
0 0.513021 0.757407 0.035417 0.048148
1 0.466667 0.789352 0.071875 0.115741
1 0.456510 0.728241 0.054688 0.065741
2 0.451042 0.687500 0.041667 0.076852
1 0.440625 0.673611 0.045833 0.054630
1 0.435677 0.649074 0.031771 0.046296
1 0.430469 0.633333 0.028646 0.042593
1 0.428385 0.615278 0.030729 0.034259
0 0.163802 0.794444 0.019271 0.074074
0 0.185156 0.796759 0.023438 0.071296
4 0.246094 0.698611 0.025521 0.043519
0 0.266146 0.700926 0.012500 0.048148
7 0.359635 0.735648 0.019271 0.058333
1 0.301042 0.747222 0.063542 0.088889
1 0.327604 0.690741 0.047917 0.068519
1 0.274219 0.629630 0.033854 0.053704
4 0.301563 0.663426 0.014583 0.030556
0 0.400260 0.736574 0.015104 0.056481
0 0.388802 0.654167 0.011979 0.028704
0 0.405729 0.666204 0.009375 0.032407
0 0.405208 0.633333 0.010417 0.024074
4 0.392448 0.691204 0.015104 0.050926
1 0.422135 0.563889 0.017188 0.016667
1 0.384375 0.561574 0.015625 0.019444
1 0.351302 0.565741 0.016146 0.024074
1 0.358333 0.557407 0.015625 0.022222
1 0.314844 0.580556 0.034896 0.031481
1 0.327865 0.599537 0.028646 0.030556
1 0.311719 0.622222 0.033854 0.038889
1 0.349740 0.636111 0.036979 0.048148
1 0.356771 0.608796 0.028125 0.036111
7 0.378646 0.605093 0.008333 0.023148
7 0.373698 0.599074 0.007812 0.022222
0 0.394010 0.601389 0.005729 0.025000
