1 0.540074 0.718954 0.155147 0.185621
1 0.474632 0.522876 0.133088 0.149020
7 0.683456 0.499346 0.062500 0.060131
2 0.705882 0.355556 0.097059 0.133333
1 0.147059 0.735948 0.210294 0.235294
2 0.273529 0.896078 0.241176 0.200000
1 0.736397 0.823529 0.178676 0.222222
4 0.960662 0.481699 0.074265 0.137255
1 0.720956 0.228758 0.090441 0.073203
0 0.011029 0.345098 0.017647 0.070588
1 0.028309 0.215686 0.056618 0.091503
1 0.018382 0.169281 0.036765 0.079739
0 0.394485 0.141830 0.011029 0.040523
1 0.286765 0.092810 0.047059 0.062745
1 0.907721 0.267974 0.077206 0.088889
2 0.936765 0.176471 0.055882 0.065359
1 0.983824 0.153595 0.032353 0.071895
7 0.791912 0.201961 0.033824 0.043137
1 0.739706 0.144444 0.060294 0.064052
1 0.724632 0.113072 0.059559 0.050980
7 0.683824 0.162092 0.019118 0.026144
