0 0.632292 0.881481 0.100000 0.237037
2 0.750521 0.573148 0.088542 0.161111
0 0.512500 0.650000 0.058333 0.166667
0 0.391667 0.377778 0.043750 0.114815
0 0.532813 0.342593 0.051042 0.092593
0 0.527604 0.173148 0.030208 0.057407
0 0.576042 0.240741 0.045833 0.074074
0 0.583333 0.067593 0.027083 0.042593
0 0.469792 0.062963 0.022917 0.040741
0 0.475521 0.019444 0.021875 0.035185
0 0.374479 0.048148 0.032292 0.059259
0 0.181771 0.257407 0.082292 0.062963
0 0.697917 0.088889 0.039583 0.055556
2 0.742708 0.091667 0.043750 0.053704
0 0.800521 0.088889 0.046875 0.044444
0 0.839062 0.080556 0.046875 0.050000
0 0.881250 0.087963 0.045833 0.053704
0 0.787500 0.196296 0.068750 0.077778
0 0.840104 0.189815 0.076042 0.079630
0 0.875521 0.185185 0.059375 0.059259
0 0.813021 0.317593 0.090625 0.061111
0 0.829167 0.366667 0.108333 0.077778
0 0.839062 0.624074 0.096875 0.177778
