4 0.347794 0.413725 0.064706 0.064052
0 0.738235 0.290196 0.027941 0.041830
0 0.979779 0.172549 0.025735 0.026144
0 0.800368 0.043137 0.015441 0.020915
7 0.802574 0.055556 0.008088 0.022222
7 0.768015 0.067320 0.015441 0.022222
2 0.483088 0.113725 0.030882 0.057516
4 0.489706 0.103922 0.027941 0.032680
4 0.237500 0.069935 0.027941 0.030065
1 0.248529 0.020915 0.036765 0.028758
1 0.175368 0.020261 0.038971 0.030065
1 0.201471 0.035294 0.038235 0.039216
1 0.163235 0.054248 0.048529 0.032680
1 0.086765 0.049673 0.038235 0.033987
1 0.057353 0.022876 0.044118 0.040523
1 0.018015 0.041176 0.036029 0.032680
2 0.030515 0.096078 0.053676 0.048366
0 0.101838 0.084314 0.008088 0.024837
5 0.120588 0.088889 0.030882 0.044444
2 0.124632 0.079739 0.049265 0.052288
2 0.019485 0.139869 0.038971 0.054902
1 0.027574 0.128758 0.049265 0.045752
4 0.056618 0.129412 0.026471 0.049673
2 0.073897 0.110458 0.059559 0.048366
