0 0.824479 0.399074 0.055208 0.035185
0 0.821875 0.383333 0.052083 0.029630
0 0.827083 0.379630 0.047917 0.033333
0 0.832812 0.375000 0.046875 0.031481
2 0.833333 0.361111 0.060417 0.044444
0 0.793750 0.329630 0.035417 0.033333
0 0.422396 0.483333 0.028125 0.062963
0 0.425521 0.416667 0.021875 0.025926
0 0.510417 0.455556 0.020833 0.044444
0 0.833333 0.327778 0.031250 0.025926
0 0.848958 0.325926 0.029167 0.025926
0 0.861458 0.322222 0.029167 0.025926
0 0.882812 0.319444 0.023958 0.027778
0 0.183854 0.415741 0.057292 0.035185
0 0.220312 0.331481 0.019792 0.029630
0 0.195833 0.338889 0.016667 0.029630
0 0.390104 0.299074 0.015625 0.024074
0 0.394792 0.291667 0.014583 0.024074
