1 0.754044 0.839869 0.191912 0.307190
0 0.266912 0.932680 0.082353 0.100654
0 0.320588 0.794118 0.070588 0.139869
0 0.403676 0.807190 0.063235 0.139869
0 0.333824 0.677778 0.064706 0.092810
0 0.454412 0.659477 0.050000 0.092810
0 0.494118 0.586928 0.038235 0.075817
0 0.437868 0.579739 0.043382 0.092810
0 0.393750 0.577124 0.040441 0.069281
0 0.345588 0.500654 0.042647 0.054902
0 0.380515 0.510458 0.033088 0.056209
0 0.452574 0.516993 0.028676 0.061438
0 0.501471 0.500000 0.027941 0.056209
0 0.399632 0.469935 0.025735 0.043137
0 0.427941 0.473856 0.027941 0.048366
0 0.466176 0.455556 0.025000 0.043137
0 0.434926 0.431373 0.024265 0.039216
0 0.473529 0.408497 0.020588 0.037908
0 0.495221 0.390850 0.019853 0.033987
0 0.448897 0.396732 0.019853 0.035294
0 0.410662 0.420261 0.025735 0.037908
0 0.475368 0.378431 0.016912 0.032680
0 0.447426 0.371895 0.018382 0.030065
0 0.558456 0.447059 0.024265 0.039216
0 0.625368 0.541830 0.030147 0.050980
0 0.591912 0.441830 0.026471 0.041830
0 0.627574 0.450327 0.027206 0.037908
0 0.622794 0.414379 0.023529 0.031373
0 0.650735 0.415033 0.017647 0.032680
0 0.644118 0.394118 0.022059 0.027451
0 0.603676 0.391503 0.019118 0.030065
0 0.577574 0.401961 0.024265 0.037908
0 0.313603 0.281046 0.024265 0.015686
0 0.344485 0.270588 0.009559 0.015686
0 0.326471 0.265359 0.010294 0.015686
0 0.333824 0.257516 0.010294 0.015686
0 0.319485 0.254902 0.011029 0.018301
0 0.357353 0.281699 0.022059 0.016993
1 0.431618 0.285621 0.017647 0.037908
0 0.569118 0.367974 0.017647 0.027451
0 0.547059 0.305882 0.011765 0.015686
0 0.608824 0.293464 0.020588 0.022222
0 0.522794 0.295425 0.010294 0.015686
0 0.505515 0.291503 0.012500 0.015686
0 0.497059 0.282353 0.011765 0.013072
0 0.519485 0.286928 0.011029 0.014379
0 0.522794 0.279085 0.011765 0.014379
0 0.507353 0.277124 0.010294 0.015686
0 0.490809 0.273856 0.011029 0.011765
0 0.496691 0.268627 0.011029 0.014379
0 0.481250 0.268627 0.009559 0.011765
0 0.490074 0.264706 0.008088 0.011765
0 0.475368 0.263399 0.009559 0.011765
0 0.516544 0.265359 0.012500 0.015686
1 0.499265 0.247059 0.020588 0.028758
0 0.468750 0.257516 0.009559 0.010458
0 0.464338 0.254248 0.009559 0.011765
0 0.458824 0.252288 0.008824 0.013072
0 0.472794 0.252288 0.008824 0.010458
0 0.492647 0.310458 0.013235 0.019608
0 0.485294 0.292157 0.013235 0.019608
0 0.454412 0.311111 0.011765 0.018301
0 0.452206 0.301307 0.013235 0.016993
0 0.450000 0.293464 0.011765 0.019608
0 0.446691 0.290196 0.011029 0.015686
0 0.444485 0.281699 0.011029 0.014379
0 0.472059 0.308497 0.011765 0.018301
0 0.469485 0.301961 0.011029 0.018301
0 0.465441 0.296078 0.011765 0.016993
0 0.468382 0.288235 0.010294 0.014379
0 0.458088 0.283660 0.010294 0.015686
0 0.453676 0.278431 0.008824 0.013072
0 0.331250 0.231373 0.016912 0.010458
0 0.382353 0.239869 0.013235 0.011765
0 0.584559 0.271242 0.020588 0.014379
0 0.576103 0.265359 0.018382 0.015686
0 0.566912 0.263399 0.016176 0.014379
0 0.561029 0.261438 0.016176 0.013072
