1 0.121324 0.447712 0.039706 0.024837
1 0.145588 0.431373 0.038235 0.026144
1 0.164338 0.422876 0.028676 0.022222
1 0.172059 0.452288 0.025000 0.020915
1 0.203676 0.437908 0.026471 0.023529
1 0.246691 0.429412 0.024265 0.022222
1 0.240809 0.405882 0.021324 0.019608
1 0.223529 0.401961 0.020588 0.022222
1 0.298162 0.423529 0.019853 0.018301
1 0.201471 0.392810 0.013235 0.016993
3 0.644118 0.655556 0.063235 0.053595
1 0.332721 0.415033 0.019853 0.019608
2 0.862500 0.493464 0.026471 0.024837
1 0.875368 0.491503 0.027206 0.023529
2 0.872059 0.479085 0.027941 0.022222
1 0.871691 0.470588 0.024265 0.015686
1 0.874632 0.462745 0.024265 0.015686
1 0.872426 0.458824 0.024265 0.015686
1 0.867279 0.450980 0.024265 0.015686
1 0.871691 0.445752 0.024265 0.015686
1 0.872426 0.439216 0.024265 0.015686
1 0.873529 0.434641 0.016176 0.014379
1 0.850735 0.424183 0.010294 0.014379
2 0.871324 0.425490 0.014706 0.014379
1 0.881985 0.358824 0.013971 0.014379
1 0.882353 0.364052 0.013235 0.009150
1 0.883824 0.369281 0.014706 0.009150
1 0.884559 0.375163 0.016176 0.010458
2 0.775735 0.367974 0.020588 0.016993
2 0.762500 0.384967 0.022059 0.016993
2 0.781618 0.357516 0.014706 0.011765
1 0.781250 0.426797 0.009559 0.014379
2 0.792279 0.454902 0.024265 0.020915
1 0.827941 0.359477 0.014706 0.010458
1 0.811397 0.353595 0.006618 0.009150
1 0.726471 0.462745 0.019118 0.018301
1 0.727206 0.451634 0.019118 0.014379
1 0.738603 0.442484 0.022794 0.014379
1 0.742647 0.427451 0.019118 0.013072
1 0.761029 0.392810 0.017647 0.011765
1 0.764706 0.389542 0.019118 0.013072
1 0.768382 0.381699 0.016176 0.013072
1 0.769853 0.376471 0.014706 0.013072
2 0.771324 0.374510 0.016176 0.014379
1 0.779779 0.360784 0.015441 0.010458
1 0.811765 0.454248 0.019118 0.016993
1 0.814338 0.450980 0.021324 0.015686
1 0.816912 0.437255 0.019118 0.011765
1 0.812500 0.440523 0.020588 0.015686
1 0.819485 0.432680 0.019853 0.013072
1 0.823897 0.422876 0.021324 0.014379
1 0.824265 0.418301 0.020588 0.015686
2 0.830515 0.409804 0.018382 0.014379
1 0.828309 0.402614 0.021324 0.013072
2 0.844485 0.376471 0.012500 0.010458
1 0.812500 0.390850 0.016176 0.010458
1 0.814338 0.388889 0.013971 0.011765
1 0.816912 0.383660 0.017647 0.011765
1 0.840441 0.379085 0.017647 0.015686
1 0.829044 0.399346 0.022794 0.014379
1 0.831985 0.392157 0.021324 0.013072
1 0.835662 0.386928 0.016912 0.013072
1 0.848162 0.377124 0.016912 0.011765
1 0.843750 0.371242 0.016912 0.013072
1 0.843015 0.366667 0.016912 0.011765
1 0.851103 0.365359 0.015441 0.011765
1 0.855515 0.360784 0.013971 0.010458
