0 0.177574 0.946405 0.168382 0.107190
0 0.195956 0.822876 0.146324 0.142484
0 0.500000 0.439216 0.048529 0.112418
0 0.710662 0.905882 0.156618 0.143791
0 0.684191 0.781699 0.149265 0.125490
0 0.675735 0.660131 0.141176 0.099346
0 0.816176 0.577124 0.067647 0.145098
0 0.881250 0.779085 0.096324 0.201307
0 0.714706 0.273203 0.076471 0.057516
0 0.580882 0.193464 0.073529 0.057516
0 0.804779 0.257516 0.040441 0.073203
0 0.862868 0.243137 0.063971 0.057516
0 0.748529 0.180392 0.050000 0.060131
0 0.875000 0.160131 0.051471 0.061438
0 0.940441 0.249673 0.060294 0.081046
0 0.961765 0.152941 0.042647 0.047059
0 0.816544 0.094118 0.040441 0.049673
0 0.832353 0.047059 0.033824 0.036601
0 0.761029 0.078431 0.030882 0.047059
0 0.730147 0.022876 0.025000 0.040523
0 0.673897 0.592157 0.127206 0.091503
0 0.669118 0.527451 0.113235 0.079739
0 0.668382 0.526144 0.113235 0.079739
0 0.955147 0.957516 0.089706 0.082353
