1 0.979687 0.712500 0.040625 0.063889
2 0.867708 0.639815 0.086458 0.090741
1 0.868750 0.610185 0.091667 0.059259
2 0.616667 0.940278 0.071875 0.119444
1 0.447656 0.971296 0.058854 0.057407
1 0.223958 0.958796 0.069792 0.082407
1 0.471615 0.699537 0.041146 0.095370
2 0.544271 0.646759 0.038542 0.087963
6 0.323958 0.563889 0.087500 0.207407
7 0.248958 0.615741 0.014583 0.040741
0 0.255469 0.562963 0.011979 0.033333
0 0.277344 0.558796 0.009896 0.028704
7 0.659375 0.577315 0.012500 0.039815
5 0.625000 0.460648 0.027083 0.056481
1 0.590104 0.464815 0.046875 0.053704
1 0.058854 0.378704 0.039583 0.035185
1 0.045833 0.349074 0.040625 0.033333
1 0.135156 0.318981 0.030729 0.030556
1 0.478385 0.489352 0.032813 0.049074
1 0.510156 0.379167 0.023438 0.043519
2 0.466406 0.389352 0.023438 0.047222
1 0.436979 0.424074 0.022917 0.040741
1 0.400000 0.452778 0.028125 0.051852
1 0.366406 0.412500 0.025521 0.045370
1 0.406510 0.371296 0.024479 0.038889
1 0.483854 0.326852 0.022917 0.031481
6 0.481250 0.249074 0.030208 0.057407
1 0.451302 0.280093 0.016146 0.026852
1 0.421875 0.326852 0.019792 0.027778
1 0.383333 0.334722 0.021875 0.030556
1 0.416927 0.293519 0.016146 0.027778
1 0.391406 0.288426 0.018229 0.028704
1 0.412240 0.269444 0.016146 0.025926
1 0.416927 0.242130 0.011979 0.019444
1 0.384896 0.253241 0.013542 0.023148
1 0.385937 0.234722 0.013542 0.021296
3 0.406510 0.220833 0.017188 0.028704
1 0.376823 0.217130 0.011979 0.025000
1 0.393229 0.212500 0.012500 0.017593
1 0.392448 0.200463 0.011979 0.017593
3 0.394271 0.191667 0.009375 0.016667
4 0.388281 0.179167 0.006771 0.015741
2 0.367969 0.188889 0.009896 0.022222
1 0.351562 0.203241 0.012500 0.021296
1 0.360938 0.179630 0.011458 0.018519
1 0.346094 0.158796 0.008854 0.013889
1 0.322656 0.134259 0.008854 0.012963
3 0.265625 0.204167 0.019792 0.034259
1 0.255990 0.230093 0.014063 0.017593
1 0.258854 0.245833 0.016667 0.021296
3 0.275260 0.191667 0.013021 0.018519
2 0.914583 0.244907 0.015625 0.026852
2 0.965885 0.319907 0.024479 0.032407
1 0.976042 0.333333 0.026042 0.033333
1 0.987760 0.353241 0.024479 0.036111
3 0.170052 0.400926 0.058854 0.059259
