1 0.926838 0.849020 0.102206 0.171242
1 0.601103 0.473856 0.034559 0.061438
1 0.681250 0.351634 0.028676 0.041830
1 0.590809 0.165359 0.015441 0.024837
1 0.574265 0.128105 0.014706 0.026144
1 0.520588 0.130719 0.013235 0.020915
1 0.513235 0.084967 0.010294 0.015686
1 0.495221 0.149020 0.012500 0.023529
1 0.502941 0.303922 0.025000 0.045752
6 0.465441 0.033333 0.010294 0.024837
1 0.454412 0.024837 0.008824 0.010458
1 0.033824 0.834641 0.066176 0.181699
1 0.095956 0.686275 0.081618 0.130719
1 0.280147 0.720915 0.064706 0.132026
2 0.317647 0.590850 0.054412 0.104575
1 0.191176 0.474510 0.045588 0.081046
1 0.261029 0.344444 0.038235 0.061438
5 0.411397 0.291503 0.013971 0.044444
1 0.405515 0.258824 0.038971 0.039216
1 0.373897 0.229412 0.043382 0.030065
2 0.311765 0.176471 0.025000 0.026144
0 0.405882 0.200000 0.004412 0.015686
1 0.378309 0.108497 0.011029 0.015686
1 0.385662 0.095425 0.013971 0.018301
1 0.390441 0.086275 0.011765 0.013072
1 0.395956 0.081699 0.009559 0.014379
2 0.361765 0.143791 0.014706 0.023529
1 0.350735 0.169281 0.016176 0.027451
1 0.453309 0.176471 0.015441 0.028758
1 0.458456 0.157516 0.015441 0.024837
1 0.462500 0.103268 0.011765 0.018301
1 0.461397 0.074510 0.009559 0.015686
1 0.462132 0.060131 0.008088 0.013072
1 0.455882 0.054248 0.008824 0.011765
0 0.454412 0.043791 0.002941 0.006536
1 0.427206 0.179739 0.016176 0.024837
1 0.430882 0.164052 0.014706 0.024837
1 0.436397 0.149020 0.012500 0.023529
1 0.430882 0.132026 0.016176 0.020915
1 0.425368 0.114379 0.013971 0.019608
1 0.430147 0.107190 0.011765 0.020915
1 0.431985 0.094771 0.011029 0.019608
1 0.433088 0.078431 0.010294 0.015686
1 0.434926 0.073856 0.008088 0.014379
1 0.437500 0.062745 0.008824 0.013072
1 0.440074 0.049020 0.006618 0.011765
1 0.443750 0.041176 0.006618 0.011765
1 0.444485 0.037255 0.006618 0.011765
