1 0.777604 0.951852 0.086458 0.096296
3 0.784375 0.662963 0.087500 0.107407
3 0.595833 0.509259 0.120833 0.166667
1 0.440625 0.417593 0.025000 0.038889
3 0.421875 0.248148 0.043750 0.074074
3 0.402083 0.205556 0.022917 0.029630
7 0.632812 0.469444 0.011458 0.020370
7 0.604688 0.461111 0.009375 0.022222
1 0.311979 0.250000 0.015625 0.025926
1 0.327083 0.205556 0.010417 0.018519
1 0.366667 0.163889 0.012500 0.012963
1 0.328646 0.119444 0.009375 0.012963
1 0.309375 0.087963 0.010417 0.020370
1 0.251042 0.040741 0.006250 0.011111
1 0.278125 0.065741 0.006250 0.009259
1 0.293229 0.088889 0.007292 0.011111
1 0.294271 0.104630 0.009375 0.012963
