0 0.069485 0.984314 0.096324 0.031373
0 0.183088 0.875817 0.061765 0.125490
0 0.155147 0.726144 0.082353 0.061438
0 0.152941 0.664052 0.080882 0.052288
0 0.183088 0.629412 0.064706 0.043137
2 0.203309 0.603922 0.077206 0.049673
0 0.213971 0.574510 0.057353 0.032680
0 0.232353 0.560131 0.060294 0.037908
0 0.254044 0.524837 0.052206 0.032680
0 0.423897 0.529412 0.024265 0.041830
0 0.342279 0.400654 0.018382 0.027451
0 0.291176 0.384314 0.023529 0.023529
0 0.313603 0.379085 0.037500 0.028758
0 0.287868 0.340523 0.016912 0.022222
0 0.287500 0.328105 0.017647 0.018301
0 0.324632 0.307843 0.022794 0.016993
2 0.341544 0.358170 0.025735 0.023529
0 0.348162 0.355556 0.025735 0.020915
0 0.331250 0.346405 0.021324 0.018301
0 0.333456 0.331373 0.019853 0.019608
0 0.347426 0.326797 0.021324 0.015686
0 0.352206 0.321569 0.023529 0.018301
0 0.340074 0.314379 0.022794 0.016993
0 0.353676 0.310458 0.022059 0.014379
0 0.333088 0.295425 0.020588 0.015686
0 0.344118 0.293464 0.017647 0.014379
0 0.393015 0.362745 0.016912 0.024837
0 0.398529 0.348366 0.014706 0.019608
0 0.404044 0.336601 0.012500 0.016993
0 0.423529 0.301961 0.011765 0.018301
0 0.417647 0.294771 0.007353 0.016993
0 0.386397 0.303922 0.024265 0.019608
0 0.388971 0.299346 0.020588 0.018301
0 0.709926 0.796732 0.046324 0.077124
0 0.651471 0.685621 0.029412 0.056209
0 0.630882 0.556209 0.026471 0.037908
0 0.686029 0.551634 0.044118 0.039216
0 0.946324 0.898693 0.107353 0.079739
0 0.902206 0.846405 0.104412 0.069281
0 0.702206 0.432026 0.022059 0.027451
0 0.664706 0.412418 0.019118 0.027451
0 0.502206 0.434641 0.016176 0.024837
0 0.534191 0.336601 0.012500 0.019608
2 0.492647 0.344444 0.014706 0.030065
0 0.493382 0.329412 0.008824 0.015686
0 0.493382 0.322222 0.010294 0.016993
0 0.523897 0.307190 0.011029 0.015686
0 0.510294 0.315033 0.010294 0.018301
0 0.507721 0.309804 0.011029 0.015686
0 0.508824 0.303922 0.008824 0.014379
0 0.490809 0.309150 0.011029 0.016993
0 0.489338 0.300000 0.009559 0.011765
0 0.493750 0.290196 0.018382 0.018301
0 0.587132 0.342484 0.024265 0.018301
0 0.637132 0.296078 0.012500 0.016993
0 0.623162 0.296732 0.012500 0.018301
0 0.600368 0.298693 0.012500 0.016993
0 0.475000 0.264052 0.007353 0.013072
1 0.524265 0.258824 0.010294 0.023529
0 0.515809 0.260784 0.008088 0.011765
0 0.360662 0.272549 0.016912 0.011765
0 0.385294 0.264706 0.008824 0.014379
0 0.405147 0.263399 0.008824 0.014379
0 0.461397 0.264706 0.008088 0.014379
0 0.448162 0.266013 0.008088 0.014379
