0 0.469531 0.278241 0.016146 0.060185
0 0.577083 0.321759 0.012500 0.060185
0 0.540625 0.142130 0.013542 0.054630
0 0.545052 0.081019 0.013021 0.052778
0 0.549219 0.018519 0.010937 0.037037
0 0.453125 0.423611 0.013542 0.052778
0 0.447917 0.520833 0.012500 0.032407
0 0.465885 0.510648 0.018229 0.058333
0 0.526823 0.522222 0.014063 0.053704
0 0.541406 0.569444 0.015104 0.044444
0 0.229167 0.421759 0.031250 0.032407
0 0.274219 0.445833 0.032813 0.039815
0 0.315625 0.475463 0.031250 0.034259
0 0.286979 0.495370 0.031250 0.033333
0 0.234115 0.462963 0.030729 0.033333
0 0.192448 0.438889 0.032813 0.035185
0 0.145833 0.415278 0.034375 0.036111
0 0.080729 0.377315 0.032292 0.036111
0 0.121354 0.481019 0.028125 0.030556
0 0.016146 0.342593 0.032292 0.033333
2 0.260677 0.543056 0.075521 0.060185
0 0.318229 0.599074 0.031250 0.035185
0 0.352344 0.543519 0.026562 0.035185
0 0.386979 0.671296 0.017708 0.050000
0 0.405729 0.632407 0.019792 0.055556
0 0.459115 0.595833 0.017188 0.060185
0 0.434896 0.677315 0.015625 0.056481
0 0.379688 0.966667 0.019792 0.062963
0 0.369792 0.884722 0.015625 0.056481
0 0.394010 0.828241 0.017188 0.063889
0 0.409896 0.851852 0.018750 0.057407
0 0.450260 0.904167 0.019271 0.058333
2 0.435417 0.826389 0.022917 0.076852
0 0.535417 0.799074 0.018750 0.053704
0 0.574479 0.682407 0.029167 0.046296
0 0.702083 0.581019 0.032292 0.041667
0 0.851302 0.637963 0.033854 0.035185
0 0.856250 0.673611 0.029167 0.032407
0 0.700260 0.620370 0.030729 0.035185
0 0.738542 0.643056 0.030208 0.034259
0 0.777344 0.665741 0.031771 0.035185
0 0.823177 0.690278 0.030729 0.034259
0 0.863021 0.716667 0.032292 0.033333
0 0.903906 0.736574 0.032813 0.036111
0 0.949479 0.759722 0.032292 0.037963
0 0.987500 0.779167 0.025000 0.036111
0 0.609375 0.149537 0.012500 0.054630
0 0.648698 0.167130 0.015104 0.050926
0 0.650781 0.100926 0.013021 0.053704
0 0.655208 0.008333 0.013542 0.016667
0 0.720313 0.016204 0.031250 0.030556
0 0.718229 0.044907 0.031250 0.028704
0 0.716927 0.075463 0.030729 0.026852
0 0.715365 0.101389 0.025521 0.026852
0 0.715104 0.131481 0.025000 0.027778
0 0.714323 0.161111 0.028646 0.031481
0 0.711719 0.191667 0.027604 0.024074
0 0.710156 0.218519 0.029687 0.027778
0 0.708333 0.248611 0.031250 0.026852
0 0.707812 0.275463 0.018750 0.023148
0 0.703906 0.306481 0.026562 0.024074
0 0.779687 0.037500 0.030208 0.032407
0 0.740104 0.311574 0.019792 0.056481
0 0.591146 0.984722 0.034375 0.030556
0 0.596875 0.956019 0.032292 0.036111
0 0.608594 0.888426 0.030729 0.032407
0 0.617969 0.860648 0.033854 0.036111
0 0.623177 0.827315 0.031771 0.037963
0 0.657552 0.824074 0.021354 0.064815
0 0.708333 0.849074 0.034375 0.035185
0 0.702865 0.878704 0.031771 0.035185
0 0.700781 0.912037 0.033854 0.035185
0 0.692969 0.942130 0.030729 0.037963
0 0.689583 0.977778 0.027083 0.027778
0 0.679167 0.991667 0.029167 0.016667
0 0.814583 0.903704 0.029167 0.037037
0 0.793229 0.923611 0.033333 0.039815
0 0.791146 0.954167 0.028125 0.032407
0 0.781250 0.980556 0.030208 0.035185
0 0.920833 0.886574 0.034375 0.037963
0 0.899219 0.930556 0.030729 0.040741
0 0.925521 0.948611 0.019792 0.032407
0 0.894792 0.962500 0.034375 0.034259
0 0.893750 0.987500 0.034375 0.025000
