7 0.426838 0.928105 0.013971 0.054902
4 0.546324 0.898693 0.032353 0.113725
7 0.504412 0.590850 0.013235 0.049673
7 0.577574 0.560784 0.012500 0.049673
7 0.576103 0.522222 0.012500 0.043137
7 0.627206 0.924837 0.022059 0.079739
7 0.683824 0.635294 0.023529 0.041830
0 0.662868 0.623529 0.028676 0.036601
1 0.127206 0.255556 0.066176 0.053595
7 0.138603 0.186275 0.022794 0.030065
1 0.201838 0.126144 0.050735 0.035294
3 0.401103 0.187582 0.033088 0.077124
1 0.432721 0.088235 0.034559 0.043137
1 0.493015 0.056209 0.018382 0.033987
2 0.416544 0.032026 0.016912 0.045752
2 0.536765 0.271895 0.025000 0.065359
7 0.500735 0.235948 0.008824 0.032680
7 0.522426 0.112418 0.018382 0.026144
7 0.589338 0.133987 0.006618 0.027451
7 0.514706 0.088889 0.007353 0.023529
1 0.540441 0.033987 0.022059 0.031373
7 0.584191 0.200000 0.011029 0.028758
