1 0.570312 0.709259 0.061458 0.111111
1 0.313542 0.803704 0.062500 0.144444
1 0.498958 0.508333 0.035417 0.053704
1 0.525000 0.440741 0.027083 0.044444
1 0.294792 0.572222 0.037500 0.074074
1 0.154167 0.638889 0.037500 0.074074
1 0.190625 0.649074 0.035417 0.083333
1 0.367708 0.484259 0.033333 0.050000
1 0.334375 0.481481 0.027083 0.040741
1 0.392188 0.407407 0.017708 0.025926
4 0.400521 0.687963 0.026042 0.057407
0 0.364063 0.554630 0.013542 0.027778
0 0.381771 0.569444 0.013542 0.027778
7 0.413021 0.561111 0.013542 0.025926
7 0.416146 0.388889 0.011458 0.018519
7 0.587500 0.535185 0.014583 0.022222
0 0.546354 0.412963 0.009375 0.018519
0 0.548438 0.379630 0.009375 0.011111
0 0.233333 0.663889 0.031250 0.046296
2 0.324479 0.443519 0.042708 0.035185
2 0.335417 0.436111 0.045833 0.035185
1 0.342187 0.421296 0.042708 0.031481
1 0.598437 0.490741 0.028125 0.040741
1 0.575000 0.430556 0.020833 0.035185
1 0.562500 0.400926 0.020833 0.031481
4 0.585938 0.457407 0.011458 0.029630
7 0.071875 0.659259 0.020833 0.029630
