1 0.383333 0.958796 0.183333 0.082407
1 0.253385 0.813426 0.127604 0.195370
0 0.059115 0.859722 0.066146 0.130556
1 0.026042 0.747222 0.047917 0.098148
7 0.082812 0.712037 0.034375 0.116667
7 0.160677 0.716667 0.039062 0.085185
0 0.275781 0.652778 0.023438 0.055556
7 0.289323 0.648148 0.023438 0.051852
0 0.282292 0.618981 0.030208 0.037963
1 0.324740 0.611111 0.043229 0.059259
1 0.370833 0.628241 0.051042 0.075000
1 0.414062 0.611111 0.041667 0.059259
1 0.337760 0.592593 0.036979 0.042593
5 0.357812 0.572685 0.021875 0.037963
1 0.370312 0.562037 0.023958 0.033333
1 0.378906 0.557870 0.018229 0.028704
1 0.384375 0.548148 0.017708 0.031481
1 0.372656 0.526852 0.020313 0.022222
0 0.395833 0.548611 0.005208 0.019444
0 0.399479 0.552778 0.005208 0.020370
1 0.414583 0.556481 0.025000 0.035185
2 0.412240 0.543056 0.019271 0.019444
2 0.413281 0.538426 0.018229 0.026852
1 0.417708 0.532870 0.014583 0.023148
1 0.422135 0.528241 0.010937 0.019444
1 0.427344 0.513426 0.008854 0.013889
1 0.439062 0.530093 0.012500 0.015741
7 0.439323 0.541667 0.003646 0.014815
7 0.436458 0.549074 0.005208 0.018519
3 0.457031 0.528241 0.015104 0.039815
1 0.461979 0.545370 0.019792 0.025926
1 0.463021 0.560648 0.022917 0.036111
1 0.467448 0.567593 0.021354 0.037037
2 0.475260 0.576852 0.022396 0.048148
7 0.442448 0.637963 0.009896 0.035185
0 0.455990 0.619907 0.011979 0.036111
0 0.459115 0.693056 0.019271 0.067593
1 0.485417 0.622222 0.032292 0.057407
2 0.505990 0.643056 0.055729 0.104630
1 0.536198 0.710648 0.068229 0.143519
0 0.487500 0.840741 0.029167 0.116667
0 0.496615 0.789352 0.029687 0.104630
0 0.532031 0.937037 0.047396 0.125926
0 0.576562 0.877315 0.053125 0.139815
