7 0.257353 0.856209 0.017647 0.067974
7 0.336397 0.589542 0.012500 0.041830
7 0.360662 0.465359 0.011029 0.033987
7 0.017647 0.711765 0.035294 0.045752
7 0.042279 0.688235 0.038971 0.043137
7 0.087132 0.613725 0.037500 0.037908
7 0.095588 0.602614 0.027941 0.033987
7 0.097794 0.566013 0.025000 0.033987
0 0.069485 0.641830 0.033088 0.039216
1 0.036029 0.820915 0.072059 0.151634
1 0.154779 0.481699 0.055147 0.066667
1 0.249632 0.325490 0.049265 0.036601
1 0.256618 0.309804 0.051471 0.028758
1 0.264706 0.296732 0.042647 0.028758
1 0.330882 0.281699 0.019118 0.030065
1 0.417279 0.256209 0.018382 0.031373
1 0.479412 0.204575 0.025000 0.027451
1 0.446691 0.165359 0.012500 0.019608
1 0.471691 0.103268 0.009559 0.013072
2 0.494485 0.095425 0.008088 0.015686
1 0.606985 0.366013 0.025735 0.036601
1 0.598529 0.330065 0.025000 0.048366
1 0.945956 0.930065 0.108088 0.100654
2 0.777574 0.726144 0.055147 0.098039
1 0.738603 0.616340 0.052206 0.103268
0 0.940074 0.846405 0.031618 0.045752
7 0.934559 0.730719 0.013235 0.052288
1 0.720956 0.439216 0.059559 0.049673
1 0.723897 0.384967 0.049265 0.037908
1 0.697794 0.347059 0.055882 0.040523
1 0.658456 0.240523 0.034559 0.028758
7 0.629044 0.292157 0.006618 0.022222
7 0.695221 0.277778 0.013971 0.016993
7 0.691544 0.267974 0.013971 0.015686
7 0.717279 0.299346 0.006618 0.023529
0 0.713235 0.273856 0.005882 0.019608
3 0.231250 0.213725 0.041912 0.024837
1 0.216176 0.223529 0.038235 0.020915
1 0.210294 0.231373 0.038235 0.026144
1 0.198529 0.246405 0.036765 0.024837
1 0.233456 0.207190 0.034559 0.019608
1 0.490441 0.056863 0.013235 0.009150
1 0.519118 0.049673 0.005882 0.010458
1 0.557721 0.045752 0.005147 0.010458
1 0.562500 0.048366 0.004412 0.007843
1 0.590441 0.073203 0.017647 0.013072
1 0.601103 0.073203 0.013971 0.013072
1 0.505147 0.054902 0.010294 0.010458
1 0.495588 0.041830 0.005882 0.010458
1 0.508456 0.048366 0.008088 0.007843
1 0.475368 0.035294 0.006618 0.010458
1 0.476103 0.047712 0.009559 0.009150
