2 0.340104 0.161111 0.015625 0.014815
2 0.381250 0.182870 0.009375 0.019444
0 0.350521 0.369907 0.044792 0.030556
2 0.330729 0.845370 0.084375 0.216667
0 0.880208 0.709722 0.096875 0.067593
0 0.676562 0.639352 0.052083 0.075000
0 0.636198 0.543056 0.040104 0.056481
1 0.413802 0.460648 0.047396 0.125000
0 0.464323 0.498148 0.025521 0.048148
0 0.502604 0.559259 0.030208 0.055556
0 0.441667 0.319907 0.016667 0.036111
0 0.528125 0.424074 0.022917 0.044444
0 0.657292 0.435648 0.033333 0.041667
0 0.642448 0.412963 0.024479 0.031481
0 0.507812 0.240278 0.010417 0.017593
0 0.510417 0.256481 0.009375 0.014815
2 0.451823 0.274074 0.015104 0.044444
2 0.458333 0.252778 0.013542 0.037037
2 0.463021 0.222222 0.010417 0.018519
