5 0.124632 0.009804 0.041912 0.019608
0 0.100368 0.054248 0.012500 0.030065
1 0.117647 0.086928 0.041176 0.056209
1 0.109559 0.243791 0.052941 0.064052
7 0.076103 0.336601 0.030147 0.027451
1 0.103309 0.388889 0.019853 0.037908
1 0.078676 0.394118 0.030882 0.035294
1 0.083456 0.405882 0.031618 0.040523
1 0.183824 0.367320 0.038235 0.086275
0 0.300368 0.098693 0.009559 0.024837
0 0.370221 0.016340 0.008088 0.016993
1 0.355882 0.083007 0.023529 0.045752
2 0.360294 0.161438 0.029412 0.061438
4 0.399265 0.153595 0.025000 0.048366
7 0.438603 0.315686 0.011029 0.035294
7 0.473529 0.360131 0.011765 0.043137
1 0.558824 0.236601 0.066176 0.052288
1 0.586765 0.298039 0.064706 0.060131
2 0.459191 0.468627 0.055147 0.108497
1 0.526471 0.688235 0.064706 0.134641
1 0.674265 0.494118 0.051471 0.088889
7 0.625000 0.769935 0.019118 0.052288
7 0.724632 0.416993 0.018382 0.044444
7 0.694853 0.381699 0.025000 0.033987
7 0.688971 0.369935 0.025000 0.033987
2 0.224632 0.979739 0.086029 0.040523
