0 0.414338 0.974510 0.018382 0.050980
0 0.394853 0.899346 0.020588 0.073203
0 0.480147 0.954902 0.020588 0.077124
0 0.460294 0.701961 0.016176 0.065359
0 0.527941 0.720915 0.032353 0.040523
0 0.531250 0.662092 0.031618 0.045752
0 0.347426 0.900000 0.044853 0.048366
0 0.353309 0.737908 0.036029 0.048366
0 0.502574 0.571242 0.031618 0.031373
0 0.466912 0.490196 0.017647 0.065359
0 0.511765 0.490196 0.017647 0.062745
0 0.541912 0.476471 0.036765 0.035294
0 0.364338 0.594118 0.040441 0.030065
0 0.369485 0.530065 0.038971 0.032680
0 0.380515 0.362092 0.037500 0.036601
0 0.377206 0.458824 0.035294 0.026144
0 0.455515 0.346405 0.016912 0.065359
0 0.493750 0.227451 0.015441 0.057516
0 0.555515 0.222222 0.038971 0.036601
0 0.387868 0.234641 0.038971 0.037908
0 0.387868 0.194118 0.038971 0.032680
0 0.459191 0.129412 0.016912 0.065359
0 0.398529 0.135948 0.038235 0.033987
0 0.527206 0.082353 0.017647 0.054902
2 0.729412 0.673203 0.023529 0.091503
0 0.701838 0.505229 0.019853 0.071895
0 0.833456 0.507190 0.033088 0.047059
0 0.870956 0.562092 0.021324 0.065359
0 0.978676 0.598039 0.017647 0.066667
0 0.993750 0.593464 0.012500 0.067974
0 0.854044 0.328758 0.028676 0.027451
0 0.709559 0.346405 0.014706 0.047059
0 0.712132 0.178431 0.022794 0.053595
0 0.717647 0.035294 0.016176 0.060131
0 0.504779 0.011765 0.015441 0.023529
