0 0.570312 0.711111 0.033333 0.064815
0 0.461979 0.565278 0.018750 0.045370
0 0.452083 0.455556 0.016667 0.027778
0 0.539844 0.483333 0.015104 0.027778
0 0.539844 0.440278 0.014063 0.030556
0 0.531771 0.424537 0.018750 0.030556
0 0.549219 0.381944 0.013021 0.025000
0 0.528646 0.387037 0.014583 0.022222
0 0.522917 0.368981 0.013542 0.021296
0 0.525260 0.359722 0.013021 0.021296
0 0.540885 0.361111 0.011979 0.018519
0 0.535937 0.346759 0.018750 0.019444
0 0.536979 0.333796 0.011458 0.017593
0 0.533854 0.306944 0.018750 0.019444
0 0.519271 0.322222 0.011458 0.020370
0 0.520312 0.316204 0.010417 0.017593
