0 0.610662 0.743791 0.047794 0.107190
0 0.206250 0.906536 0.083088 0.176471
0 0.270956 0.696732 0.058088 0.117647
0 0.296691 0.601961 0.049265 0.103268
0 0.425368 0.575163 0.041912 0.107190
0 0.444118 0.379739 0.025000 0.048366
0 0.509559 0.382353 0.025000 0.048366
0 0.543750 0.373856 0.025735 0.044444
0 0.449265 0.254248 0.019118 0.035294
0 0.465074 0.183660 0.013971 0.024837
0 0.411765 0.236601 0.017647 0.031373
0 0.405515 0.256209 0.018382 0.039216
0 0.385294 0.313725 0.022059 0.039216
0 0.371324 0.379085 0.030882 0.044444
0 0.356985 0.413725 0.030147 0.053595
0 0.345956 0.466013 0.036029 0.056209
2 0.800368 0.579739 0.084559 0.071895
0 0.623897 0.260131 0.015441 0.031373
0 0.597059 0.190850 0.016176 0.028758
0 0.029044 0.856863 0.058088 0.100654
0 0.080147 0.763399 0.075000 0.120261
0 0.139338 0.632680 0.065441 0.120261
0 0.099632 0.584967 0.086029 0.066667
0 0.131250 0.561438 0.081618 0.074510
0 0.156985 0.533333 0.077206 0.070588
0 0.174632 0.485621 0.072794 0.056209
0 0.195956 0.454902 0.068382 0.049673
0 0.254779 0.413725 0.036029 0.048366
0 0.274632 0.380392 0.033088 0.041830
0 0.287500 0.343137 0.023529 0.045752
0 0.351471 0.214379 0.017647 0.026144
0 0.304779 0.238562 0.036029 0.030065
0 0.313235 0.222222 0.036765 0.028758
0 0.476471 0.119608 0.010294 0.016993
0 0.448897 0.113072 0.009559 0.016993
0 0.456618 0.079739 0.008824 0.013072
0 0.475368 0.067320 0.008088 0.014379
