7 0.807812 0.495370 0.011458 0.020370
1 0.707292 0.299074 0.018750 0.012963
1 0.746354 0.331481 0.019792 0.018519
1 0.781771 0.318519 0.019792 0.011111
1 0.805208 0.325000 0.016667 0.012963
1 0.781771 0.295370 0.017708 0.012963
1 0.859375 0.290741 0.014583 0.011111
1 0.873437 0.290741 0.013542 0.011111
1 0.891146 0.289815 0.015625 0.012963
1 0.565625 0.313889 0.018750 0.012963
7 0.476042 0.438889 0.006250 0.018519
7 0.552604 0.989815 0.013542 0.020370
0 0.424479 0.674074 0.007292 0.025926
1 0.388542 0.666667 0.025000 0.051852
1 0.026562 0.870370 0.053125 0.096296
1 0.232292 0.709259 0.035417 0.066667
1 0.296354 0.522222 0.019792 0.033333
2 0.447917 0.313889 0.016667 0.016667
2 0.425521 0.306481 0.011458 0.016667
1 0.416146 0.456481 0.013542 0.024074
1 0.381250 0.388889 0.020833 0.018519
1 0.359375 0.286111 0.008333 0.012963
1 0.362500 0.250926 0.008333 0.009259
1 0.379167 0.256481 0.008333 0.009259
1 0.407292 0.250926 0.006250 0.009259
1 0.419792 0.247222 0.006250 0.009259
1 0.390625 0.248148 0.006250 0.007407
1 0.441146 0.255556 0.013542 0.011111
1 0.444792 0.248148 0.006250 0.007407
1 0.400000 0.259259 0.006250 0.011111
1 0.395833 0.275000 0.008333 0.009259
1 0.392188 0.285185 0.007292 0.011111
1 0.389583 0.312037 0.008333 0.012963
1 0.409896 0.276852 0.007292 0.009259
1 0.367188 0.320370 0.009375 0.014815
1 0.391146 0.334259 0.011458 0.012963
3 0.408854 0.319444 0.007292 0.012963
2 0.407292 0.309259 0.006250 0.018519
1 0.402604 0.298148 0.007292 0.011111
7 0.381250 0.475926 0.004167 0.018519
7 0.280729 0.469444 0.005208 0.016667
