1 0.142500 0.440952 0.017857 0.017143
3 0.194286 0.485238 0.030000 0.033333
1 0.217143 0.521905 0.031429 0.026667
1 0.234643 0.536667 0.036429 0.025714
1 0.265357 0.541905 0.032143 0.028571
1 0.304286 0.541429 0.032857 0.027619
1 0.335357 0.538571 0.027857 0.027619
1 0.368214 0.536190 0.022143 0.026667
1 0.399643 0.527143 0.020714 0.029524
1 0.372500 0.614286 0.060714 0.040000
1 0.413571 0.587143 0.058571 0.033333
1 0.470000 0.565714 0.054286 0.032381
1 0.652500 0.460000 0.030714 0.022857
1 0.381429 0.687143 0.062857 0.054286
1 0.438571 0.753810 0.071429 0.065714
1 0.064643 0.484286 0.019286 0.021905
1 0.076786 0.518095 0.023571 0.024762
1 0.084286 0.541429 0.028571 0.029524
1 0.100357 0.560952 0.032143 0.034286
1 0.106429 0.597619 0.035714 0.040952
1 0.134643 0.681429 0.043571 0.046667
3 0.027143 0.678095 0.054286 0.110476
1 0.252500 0.947143 0.080714 0.094286
1 0.686786 0.975714 0.102143 0.048571
1 0.916786 0.734286 0.100714 0.068571
