0 0.512250 0.785333 0.077500 0.192000
0 0.494000 0.622667 0.060000 0.121333
0 0.479250 0.515667 0.044500 0.082000
0 0.467750 0.379667 0.035500 0.058000
0 0.462500 0.332000 0.032000 0.044000
0 0.453500 0.291333 0.029000 0.040000
0 0.445500 0.261667 0.024000 0.034000
0 0.446500 0.236667 0.032000 0.030667
0 0.491000 0.209667 0.022000 0.028667
0 0.437000 0.198333 0.021000 0.027333
0 0.435000 0.182000 0.019000 0.022667
0 0.433750 0.168667 0.017500 0.018667
0 0.071250 0.258667 0.059500 0.037333
0 0.424000 0.102333 0.013000 0.014000
0 0.427000 0.094333 0.012000 0.012667
0 0.421750 0.082333 0.010500 0.015333
0 0.419750 0.068333 0.009500 0.011333
0 0.417500 0.057667 0.008000 0.008667
0 0.443500 0.044000 0.008000 0.009333
0 0.430250 0.006667 0.004500 0.005333
0 0.435750 0.012000 0.004500 0.005333
0 0.429000 0.002000 0.004000 0.004000
0 0.949250 0.421333 0.079500 0.054667
0 0.855000 0.384000 0.062000 0.045333
0 0.850250 0.295667 0.045500 0.034000
0 0.862500 0.263667 0.040000 0.031333
0 0.796000 0.242333 0.041000 0.032667
0 0.815500 0.211667 0.044000 0.030000
0 0.798250 0.203333 0.033500 0.024000
0 0.779750 0.188667 0.039500 0.026667
0 0.741750 0.174000 0.040500 0.020000
0 0.729500 0.167333 0.039000 0.020000
0 0.728250 0.158000 0.036500 0.017333
0 0.659750 0.146667 0.022500 0.020000
0 0.591750 0.133000 0.017500 0.018000
0 0.634500 0.130667 0.032000 0.018667
2 0.632000 0.119333 0.033000 0.020000
0 0.516500 0.109333 0.029000 0.014667
0 0.518250 0.106333 0.028500 0.014000
0 0.344750 0.031000 0.006500 0.010000
0 0.924000 0.120667 0.028000 0.013333
0 0.895000 0.118000 0.020000 0.016000
2 0.874000 0.115667 0.032000 0.026000
2 0.854500 0.129000 0.042000 0.024667
0 0.707750 0.147000 0.031500 0.019333
0 0.722000 0.140667 0.037000 0.018667
0 0.733500 0.135000 0.021000 0.016667
2 0.711250 0.107667 0.041500 0.031333
0 0.610500 0.114000 0.020000 0.014667
0 0.619750 0.100333 0.014500 0.015333
0 0.595000 0.100667 0.022000 0.016000
0 0.559000 0.096667 0.014000 0.013333
0 0.509250 0.075667 0.009500 0.010000
0 0.507750 0.056667 0.008500 0.010667
0 0.499500 0.050333 0.008000 0.008667
0 0.481000 0.043000 0.006000 0.008667
0 0.478500 0.026333 0.005000 0.007333
0 0.587000 0.097000 0.014000 0.012667
0 0.571500 0.095333 0.013000 0.012000
0 0.573500 0.086667 0.019000 0.012000
0 0.564250 0.075667 0.010500 0.010000
0 0.559750 0.072000 0.010500 0.012000
0 0.562750 0.063000 0.018500 0.010000
0 0.564500 0.060667 0.019000 0.009333
0 0.544250 0.074000 0.007500 0.010667
0 0.540000 0.059667 0.009000 0.010000
0 0.543000 0.065333 0.012000 0.009333
0 0.547000 0.067000 0.010000 0.007333
0 0.551500 0.070333 0.009000 0.010000
0 0.533250 0.055000 0.013500 0.008667
0 0.562750 0.019667 0.012500 0.006000
2 0.555250 0.024667 0.006500 0.009333
