0 0.386786 0.817143 0.096429 0.217143
0 0.728214 0.908571 0.233571 0.135238
0 0.672143 0.789048 0.207143 0.147619
0 0.836786 0.801905 0.130714 0.180952
0 0.623214 0.690476 0.185000 0.102857
0 0.604643 0.615714 0.132143 0.086667
0 0.599643 0.560952 0.140714 0.083810
0 0.583214 0.500476 0.125000 0.063810
0 0.519643 0.461429 0.072143 0.080952
0 0.211429 0.605714 0.105714 0.163810
0 0.314286 0.339048 0.052857 0.055238
0 0.175714 0.207143 0.037143 0.033333
0 0.285357 0.232857 0.032143 0.035238
1 0.057857 0.270000 0.115714 0.136190
0 0.227143 0.100476 0.021429 0.018095
0 0.258571 0.136190 0.022857 0.024762
0 0.275714 0.145238 0.022857 0.027619
0 0.306786 0.115714 0.019286 0.018095
0 0.362500 0.122381 0.015000 0.020000
0 0.376071 0.097619 0.012143 0.016190
0 0.328214 0.092857 0.012143 0.014286
0 0.323929 0.080000 0.013571 0.013333
0 0.342857 0.080000 0.010000 0.013333
2 0.322500 0.483810 0.080714 0.131429
0 0.376429 0.325714 0.040000 0.051429
0 0.387857 0.286190 0.031429 0.042857
0 0.388929 0.247619 0.025000 0.036190
0 0.393929 0.225714 0.027857 0.040000
0 0.400357 0.190476 0.025000 0.028571
0 0.222857 0.081429 0.018571 0.016190
0 0.364286 0.067619 0.007143 0.009524
0 0.375357 0.055714 0.006429 0.008571
0 0.371786 0.045238 0.007857 0.008571
0 0.366429 0.055714 0.005714 0.008571
0 0.370000 0.062857 0.005714 0.007619
0 0.358571 0.060476 0.007143 0.010476
0 0.353214 0.066667 0.007857 0.011429
0 0.347143 0.065238 0.008571 0.010476
0 0.352857 0.056667 0.007143 0.010476
0 0.420000 0.049524 0.005714 0.009524
0 0.419286 0.064762 0.007143 0.009524
0 0.420357 0.079524 0.010714 0.012381
0 0.416429 0.104286 0.014286 0.016190
0 0.413571 0.110000 0.012857 0.018095
0 0.411786 0.127619 0.013571 0.017143
0 0.409643 0.132381 0.013571 0.019048
0 0.408214 0.143333 0.015000 0.020000
0 0.461429 0.112857 0.012857 0.016190
0 0.477143 0.110952 0.014286 0.014286
0 0.494643 0.113333 0.010714 0.017143
0 0.477857 0.117619 0.032857 0.014286
0 0.479286 0.123810 0.024286 0.015238
0 0.478571 0.128095 0.022857 0.016190
0 0.480714 0.132381 0.040000 0.019048
0 0.478929 0.141429 0.037857 0.018095
0 0.485357 0.145714 0.035000 0.019048
0 0.487143 0.151905 0.041429 0.021905
0 0.479286 0.164286 0.047143 0.021905
0 0.489286 0.160000 0.038571 0.022857
0 0.493929 0.170952 0.045000 0.023810
0 0.492143 0.178571 0.051429 0.025714
0 0.450000 0.189524 0.025714 0.028571
0 0.465714 0.210000 0.025714 0.033333
0 0.496786 0.194762 0.043571 0.023810
0 0.505000 0.207143 0.027143 0.037143
0 0.485357 0.237143 0.060714 0.032381
0 0.525714 0.283333 0.031429 0.042857
2 0.482143 0.294286 0.064286 0.131429
0 0.539286 0.315714 0.047143 0.060000
0 0.547857 0.350476 0.091429 0.060952
0 0.607857 0.446667 0.102857 0.076190
0 0.594643 0.412381 0.107857 0.076190
0 0.574643 0.362857 0.085000 0.064762
0 0.588214 0.386667 0.093571 0.062857
0 0.934286 0.952381 0.130000 0.095238
