0 0.054250 0.734000 0.036500 0.061333
0 0.092000 0.733667 0.036000 0.064667
0 0.174750 0.734667 0.037500 0.057333
0 0.258250 0.713667 0.029500 0.050000
0 0.298250 0.734333 0.039500 0.060667
0 0.383750 0.727000 0.031500 0.055333
0 0.329250 0.835333 0.074500 0.034667
0 0.433500 0.723000 0.045000 0.064667
0 0.512250 0.731000 0.025500 0.046000
0 0.584000 0.708667 0.037000 0.072000
0 0.630250 0.719667 0.046500 0.070000
0 0.675250 0.717667 0.034500 0.060667
0 0.714250 0.716333 0.031500 0.059333
0 0.729750 0.799000 0.083500 0.058000
0 0.973250 0.751667 0.051500 0.070000
0 0.971000 0.656000 0.057000 0.054667
2 0.863250 0.448333 0.066500 0.034000
0 0.654750 0.205000 0.019500 0.011333
0 0.632250 0.300333 0.018500 0.020667
0 0.754750 0.688000 0.054500 0.056000
0 0.746000 0.621000 0.056000 0.046000
0 0.795750 0.613667 0.031500 0.044667
2 0.817750 0.556667 0.052500 0.089333
1 0.929250 0.158000 0.027500 0.016000
0 0.937250 0.120667 0.004500 0.006667
0 0.944250 0.120000 0.010500 0.006667
0 0.953500 0.119000 0.009000 0.007333
0 0.962000 0.119667 0.009000 0.008667
0 0.884500 0.127333 0.017000 0.008000
0 0.861500 0.116333 0.006000 0.007333
0 0.849500 0.116333 0.010000 0.007333
2 0.827750 0.112667 0.015500 0.009333
0 0.810500 0.150000 0.015000 0.009333
0 0.713500 0.559333 0.045000 0.037333
0 0.702000 0.537000 0.049000 0.035333
0 0.699500 0.508333 0.045000 0.035333
0 0.684250 0.477333 0.039500 0.033333
0 0.677750 0.456667 0.038500 0.028000
0 0.667500 0.434667 0.036000 0.028000
0 0.656500 0.418333 0.035000 0.024667
0 0.646000 0.404000 0.036000 0.024000
0 0.638500 0.388000 0.037000 0.024000
0 0.725750 0.471000 0.031500 0.034000
0 0.700750 0.433333 0.028500 0.030667
0 0.686500 0.406000 0.026000 0.024000
0 0.677000 0.375000 0.029000 0.032667
0 0.601000 0.317333 0.036000 0.017333
