0 0.277500 0.858333 0.132000 0.283333
0 0.103750 0.927000 0.207500 0.146000
0 0.308750 0.312667 0.128500 0.076000
0 0.303500 0.262667 0.125000 0.072000
0 0.323000 0.208333 0.111000 0.056667
0 0.360000 0.178333 0.109000 0.054000
0 0.359250 0.136333 0.092500 0.048667
0 0.349500 0.113667 0.079000 0.040667
2 0.405250 0.038333 0.095500 0.076667
0 0.788500 0.958000 0.279000 0.084000
0 0.827750 0.689000 0.215500 0.143333
0 0.769000 0.588667 0.190000 0.132000
0 0.741750 0.507000 0.171500 0.110000
0 0.713250 0.433000 0.151500 0.092667
0 0.700000 0.378000 0.100000 0.081333
0 0.665250 0.282667 0.122500 0.068000
0 0.659250 0.251000 0.118500 0.064667
0 0.553500 0.206667 0.045000 0.064000
2 0.633750 0.185667 0.101500 0.064667
0 0.621750 0.137000 0.086500 0.048667
0 0.493000 0.078000 0.036000 0.048000
