0 0.362000 0.890667 0.143000 0.101333
2 0.291000 0.810333 0.201000 0.182000
0 0.296000 0.764667 0.119000 0.084000
0 0.305000 0.707000 0.129000 0.091333
0 0.330250 0.648667 0.118500 0.066667
0 0.287750 0.455000 0.074500 0.042000
0 0.248750 0.441333 0.080500 0.038667
0 0.218500 0.406667 0.059000 0.034667
0 0.304250 0.405667 0.037500 0.039333
0 0.245750 0.347333 0.024500 0.038667
0 0.284750 0.342000 0.028500 0.036000
2 0.243000 0.317667 0.082000 0.044667
2 0.260500 0.269667 0.028000 0.032667
0 0.309250 0.283667 0.028500 0.030000
0 0.220750 0.267333 0.048500 0.024000
0 0.214750 0.281000 0.053500 0.020667
0 0.213000 0.294000 0.050000 0.020000
0 0.203250 0.265333 0.040500 0.022667
0 0.236250 0.246667 0.042500 0.026667
0 0.199000 0.240000 0.044000 0.026667
0 0.231250 0.231333 0.037500 0.018667
0 0.196500 0.225000 0.041000 0.022000
2 0.194250 0.204000 0.069500 0.034667
2 0.213750 0.216000 0.041500 0.021333
0 0.231250 0.154333 0.013500 0.016667
0 0.200500 0.107667 0.010000 0.008667
1 0.186000 0.123333 0.024000 0.026667
0 0.185750 0.043667 0.010500 0.004667
0 0.238000 0.111000 0.013000 0.010000
0 0.250250 0.109667 0.016500 0.008667
0 0.245500 0.103667 0.018000 0.008667
0 0.243000 0.100000 0.019000 0.008000
0 0.236500 0.094667 0.014000 0.006667
0 0.234500 0.093667 0.013000 0.007333
2 0.224500 0.076000 0.017000 0.013333
0 0.220750 0.068333 0.005500 0.006000
0 0.247500 0.124333 0.013000 0.012667
0 0.252000 0.137000 0.018000 0.010000
0 0.257750 0.139667 0.020500 0.012667
0 0.276250 0.140667 0.023500 0.009333
0 0.270000 0.149333 0.028000 0.013333
0 0.269500 0.156000 0.030000 0.014667
0 0.280000 0.167333 0.023000 0.014667
2 0.284750 0.175667 0.027500 0.014000
2 0.302000 0.175667 0.045000 0.031333
0 0.262750 0.187667 0.017500 0.016667
0 0.297500 0.199000 0.025000 0.015333
0 0.778250 0.880333 0.104500 0.150000
2 0.642000 0.645000 0.092000 0.142000
0 0.606500 0.615333 0.083000 0.098667
0 0.648000 0.554667 0.019000 0.040000
0 0.436000 0.378667 0.041000 0.041333
0 0.379000 0.325667 0.029000 0.042000
0 0.376000 0.302333 0.039000 0.026000
0 0.361250 0.266000 0.044500 0.028000
2 0.386750 0.163667 0.041500 0.028667
0 0.410500 0.194667 0.011000 0.017333
0 0.446750 0.213000 0.022500 0.019333
0 0.514750 0.230000 0.016500 0.020000
0 0.527250 0.266333 0.036500 0.020667
0 0.933250 0.582000 0.102500 0.068000
0 0.873750 0.537667 0.102500 0.063333
0 0.811500 0.482333 0.067000 0.044667
