0 0.638214 0.608503 0.022143 0.087563
0 0.590000 0.166878 0.021429 0.079949
0 0.715000 0.191624 0.022857 0.086294
0 0.547143 0.662437 0.054286 0.043147
0 0.555714 0.574873 0.045714 0.038071
0 0.542857 0.515228 0.050000 0.043147
0 0.552500 0.815355 0.047857 0.039340
0 0.547143 0.929569 0.055714 0.049492
0 0.437500 0.744924 0.047857 0.038071
0 0.438929 0.643401 0.050714 0.045685
0 0.439643 0.573604 0.039286 0.063452
0 0.499286 0.425761 0.024286 0.085025
0 0.471429 0.444162 0.027143 0.088832
0 0.446071 0.417513 0.035000 0.086294
0 0.544286 0.326777 0.047143 0.031726
0 0.540357 0.275381 0.049286 0.040609
0 0.545357 0.232868 0.046429 0.039340
0 0.440000 0.338198 0.044286 0.074873
0 0.450000 0.204315 0.048571 0.048223
0 0.447143 0.159898 0.040000 0.071066
0 0.452143 0.085025 0.047143 0.078680
0 0.545357 0.090102 0.049286 0.038071
0 0.546429 0.140228 0.050000 0.039340
0 0.545714 0.184645 0.050000 0.044416
0 0.555000 0.040609 0.045714 0.040609
0 0.446429 0.030457 0.045714 0.060914
0 0.709286 0.321066 0.020000 0.081218
