0 0.070357 0.392381 0.030714 0.015238
0 0.142500 0.396667 0.030714 0.020000
0 0.165357 0.412381 0.020714 0.019048
0 0.212143 0.400952 0.027143 0.020952
0 0.395357 0.550952 0.015000 0.031429
0 0.374643 0.650000 0.023571 0.048571
0 0.351786 0.739524 0.025000 0.046667
0 0.331071 0.846667 0.026429 0.072381
0 0.313929 0.927619 0.033571 0.080000
0 0.447857 0.697143 0.021429 0.060952
0 0.461071 0.490000 0.013571 0.025714
0 0.460357 0.462857 0.016429 0.024762
0 0.460000 0.425238 0.028571 0.016190
0 0.436786 0.408571 0.036429 0.017143
0 0.447500 0.290476 0.007857 0.011429
0 0.428571 0.235714 0.015714 0.010476
0 0.463214 0.137619 0.006429 0.006667
0 0.465357 0.127143 0.006429 0.004762
0 0.473571 0.092381 0.010000 0.005714
0 0.476429 0.083333 0.008571 0.004762
0 0.474286 0.087143 0.008571 0.004762
0 0.493214 0.125238 0.005000 0.004762
0 0.493929 0.130000 0.005000 0.002857
0 0.504286 0.113333 0.004286 0.003810
0 0.508929 0.154762 0.005000 0.004762
0 0.509286 0.164762 0.004286 0.003810
0 0.503571 0.168095 0.004286 0.004762
0 0.503214 0.173810 0.003571 0.004762
0 0.538929 0.167619 0.005000 0.003810
0 0.540357 0.175238 0.006429 0.003810
0 0.541071 0.180000 0.005000 0.003810
0 0.542500 0.184762 0.006429 0.003810
0 0.545357 0.193333 0.007857 0.003810
0 0.527857 0.195238 0.004286 0.003810
0 0.531071 0.210952 0.005000 0.004762
0 0.530357 0.204762 0.005000 0.003810
0 0.528929 0.199524 0.005000 0.002857
0 0.520357 0.171905 0.005000 0.004762
0 0.528214 0.189048 0.003571 0.004762
0 0.485714 0.249048 0.005714 0.008571
0 0.515714 0.260000 0.005714 0.007619
0 0.516071 0.360000 0.007857 0.011429
1 0.486786 0.362857 0.007857 0.017143
2 0.511429 0.377619 0.014286 0.020000
0 0.514286 0.331905 0.008571 0.014286
0 0.509286 0.420476 0.030000 0.018095
0 0.536786 0.454286 0.019286 0.019048
0 0.505357 0.486190 0.010714 0.023810
0 0.487143 0.484286 0.012857 0.023810
0 0.485714 0.509048 0.012857 0.023810
0 0.505000 0.510952 0.011429 0.023810
0 0.506786 0.537619 0.015000 0.027619
0 0.506786 0.566190 0.015000 0.031429
0 0.508214 0.623333 0.016429 0.033333
0 0.600714 0.610000 0.017143 0.033333
0 0.520714 0.165714 0.005714 0.003810
0 0.520714 0.160000 0.005714 0.003810
0 0.545714 0.198571 0.007143 0.004762
0 0.545714 0.202381 0.007143 0.004762
0 0.548929 0.207143 0.010714 0.004762
0 0.550000 0.211429 0.008571 0.003810
0 0.550714 0.217143 0.008571 0.005714
0 0.552857 0.223810 0.008571 0.005714
0 0.556786 0.230000 0.009286 0.006667
0 0.556071 0.235714 0.007857 0.006667
0 0.558929 0.243333 0.009286 0.004762
0 0.558929 0.248571 0.009286 0.005714
0 0.562143 0.253333 0.011429 0.003810
0 0.562857 0.258095 0.011429 0.005714
0 0.564643 0.263810 0.010714 0.005714
0 0.566429 0.270000 0.011429 0.008571
0 0.565714 0.277143 0.008571 0.005714
0 0.568214 0.283333 0.010714 0.006667
0 0.575000 0.292857 0.014286 0.006667
0 0.576071 0.299048 0.016429 0.007619
0 0.576071 0.303810 0.015000 0.007619
0 0.576786 0.308095 0.013571 0.006667
0 0.579286 0.310000 0.015714 0.008571
0 0.580357 0.316667 0.015000 0.010476
0 0.581071 0.325714 0.012143 0.009524
0 0.582500 0.335714 0.012143 0.010476
0 0.591071 0.358095 0.020714 0.013333
0 0.595357 0.368095 0.019286 0.012381
0 0.601786 0.374286 0.017857 0.009524
0 0.602500 0.386190 0.016429 0.014286
0 0.593214 0.410952 0.026429 0.016190
0 0.553214 0.348095 0.009286 0.014286
0 0.548929 0.313333 0.007857 0.007619
0 0.548571 0.304762 0.007143 0.007619
0 0.545714 0.294762 0.005714 0.008571
0 0.544286 0.285714 0.005714 0.005714
0 0.543929 0.280000 0.009286 0.009524
0 0.541071 0.267143 0.005000 0.006667
2 0.568929 0.240476 0.003571 0.008571
0 0.592500 0.562857 0.013571 0.026667
0 0.616786 0.697143 0.023571 0.045714
0 0.631429 0.430000 0.030000 0.018095
0 0.674286 0.429524 0.027143 0.013333
0 0.650714 0.390000 0.012857 0.023810
0 0.672857 0.383810 0.018571 0.017143
0 0.635714 0.383810 0.011429 0.017143
0 0.621071 0.385238 0.010714 0.016190
0 0.740000 0.389524 0.012857 0.020952
0 0.718571 0.390476 0.012857 0.020952
0 0.715357 0.432857 0.015000 0.018095
0 0.750357 0.431429 0.035000 0.022857
0 0.690000 0.382381 0.014286 0.018095
0 0.748929 0.598095 0.029286 0.026667
0 0.801071 0.434286 0.036429 0.019048
0 0.830000 0.435238 0.030000 0.022857
0 0.837143 0.399524 0.017143 0.023810
0 0.777500 0.390476 0.013571 0.015238
0 0.861429 0.390476 0.018571 0.020952
0 0.888571 0.395714 0.027143 0.018095
