0 0.285714 0.180000 0.050000 0.072381
0 0.306786 0.282857 0.053571 0.091429
0 0.276429 0.372857 0.061429 0.082857
0 0.180357 0.434286 0.082143 0.125714
0 0.220000 0.327619 0.064286 0.106667
0 0.225000 0.522381 0.087143 0.145714
0 0.143571 0.734286 0.131429 0.220952
0 0.188929 0.880476 0.137857 0.235238
0 0.408929 0.015714 0.027857 0.031429
0 0.559643 0.262857 0.047857 0.085714
0 0.632500 0.280476 0.047857 0.077143
0 0.579643 0.394762 0.049286 0.094286
0 0.660714 0.427143 0.058571 0.105714
0 0.580714 0.567619 0.071429 0.148571
0 0.814286 0.100000 0.054286 0.041905
0 0.843929 0.021429 0.059286 0.037143
1 0.727143 0.200952 0.098571 0.169524
1 0.752500 0.731429 0.205000 0.529524
0 0.958571 0.513333 0.082857 0.089524
0 0.943929 0.900000 0.110714 0.200000
