1 0.142484 0.341837 0.021921 0.021336
1 0.073591 0.337199 0.022965 0.017625
1 0.156054 0.279221 0.019833 0.016698
1 0.185021 0.205473 0.017223 0.019481
1 0.117432 0.338590 0.019833 0.018553
1 0.012004 0.337662 0.022965 0.018553
1 0.439196 0.445269 0.016180 0.042672
1 0.505219 0.367811 0.014614 0.030612
1 0.500000 0.302876 0.011482 0.023191
1 0.459812 0.287570 0.011482 0.025974
1 0.450939 0.211039 0.010438 0.021336
1 0.501305 0.215677 0.009916 0.017625
1 0.468685 0.193878 0.009395 0.016698
1 0.489040 0.119666 0.007307 0.012987
1 0.497912 0.112245 0.007307 0.012987
1 0.497129 0.086271 0.006785 0.014842
2 0.461900 0.085807 0.006263 0.017625
6 0.443372 0.080705 0.010960 0.029685
1 0.543580 0.292208 0.018267 0.020408
1 0.486952 0.053803 0.005219 0.009276
1 0.492693 0.032931 0.005219 0.008349
1 0.489562 0.021800 0.005219 0.008349
1 0.490344 0.013451 0.004697 0.008349
2 0.547756 0.136827 0.007829 0.015770
2 0.560804 0.128015 0.015136 0.012987
6 0.525835 0.346011 0.026618 0.070501
2 0.673278 0.503247 0.030271 0.032468
2 0.655271 0.436920 0.037056 0.031540
2 0.640397 0.398423 0.028184 0.028757
1 0.637004 0.377087 0.028706 0.021336
1 0.679802 0.541744 0.034969 0.029685
1 0.610386 0.296382 0.022443 0.017625
1 0.608038 0.282931 0.025052 0.016698
1 0.600209 0.266234 0.024008 0.016698
2 0.602035 0.274119 0.023486 0.019481
2 0.605167 0.250928 0.019311 0.019481
1 0.597860 0.243043 0.018267 0.016698
1 0.568894 0.228200 0.011482 0.014842
1 0.585595 0.204545 0.019833 0.013915
1 0.585073 0.198980 0.021921 0.013915
1 0.601514 0.182282 0.019311 0.017625
1 0.578810 0.182282 0.018789 0.012059
1 0.745564 0.636364 0.043319 0.035250
1 0.647443 0.709184 0.021399 0.060297
2 0.793580 0.784323 0.043319 0.045455
7 0.669885 0.720315 0.008873 0.032468
7 0.652662 0.765306 0.016180 0.031540
7 0.608559 0.491651 0.006263 0.014842
7 0.597860 0.439239 0.004697 0.012059
1 0.588466 0.344156 0.015136 0.025974
1 0.534969 0.060297 0.005219 0.011132
1 0.531054 0.048237 0.006785 0.009276
1 0.527401 0.035250 0.005741 0.007421
1 0.518006 0.029685 0.004697 0.009276
1 0.525835 0.030612 0.006785 0.005566
1 0.526096 0.025974 0.004175 0.007421
7 0.522704 0.153989 0.002610 0.005566
7 0.542015 0.153525 0.002610 0.006494
7 0.553236 0.220779 0.002088 0.005566
7 0.385177 0.337199 0.004175 0.010204
0 0.371347 0.341373 0.003653 0.011132
7 0.416232 0.147959 0.003653 0.006494
7 0.628653 0.233302 0.007829 0.010204
7 0.632307 0.247217 0.008873 0.012059
7 0.681106 0.559833 0.006263 0.023191
7 0.672756 0.564007 0.006263 0.020408
7 0.698069 0.434601 0.009916 0.017625
7 0.613257 0.211503 0.004175 0.012987
7 0.673017 0.357607 0.007829 0.010204
7 0.650574 0.293135 0.008873 0.011132
