2 0.247500 0.577143 0.235000 0.152381
2 0.260714 0.391905 0.147143 0.115238
0 0.235000 0.477619 0.190000 0.098095
0 0.265000 0.272381 0.137143 0.072381
0 0.262500 0.228571 0.127857 0.064762
0 0.271429 0.187143 0.120000 0.060000
0 0.251429 0.110476 0.104286 0.068571
0 0.511429 0.114286 0.097143 0.060952
0 0.271071 0.030952 0.086429 0.044762
0 0.516071 0.080952 0.093571 0.059048
0 0.495357 0.065714 0.083571 0.049524
0 0.471786 0.018095 0.073571 0.036190
0 0.790357 0.285238 0.109286 0.130476
0 0.716429 0.576667 0.200000 0.136190
0 0.663214 0.489048 0.177857 0.117143
0 0.960714 0.567143 0.078571 0.157143
