2 0.391071 0.696190 0.170714 0.104762
0 0.075357 0.895714 0.089286 0.073333
0 0.536071 0.739048 0.082143 0.062857
0 0.548929 0.351905 0.030714 0.048571
0 0.571786 0.345714 0.030714 0.055238
0 0.601429 0.334286 0.032857 0.068571
0 0.626071 0.329524 0.032143 0.062857
0 0.653214 0.321429 0.030714 0.056190
0 0.682143 0.313333 0.028571 0.064762
0 0.805714 0.287143 0.038571 0.054286
0 0.826429 0.275238 0.038571 0.055238
0 0.851071 0.264286 0.039286 0.056190
0 0.876071 0.258095 0.036429 0.049524
0 0.902143 0.253333 0.040000 0.049524
0 0.942143 0.247619 0.048571 0.066667
0 0.760357 0.418095 0.052143 0.036190
0 0.642857 0.447619 0.050000 0.040000
0 0.816786 0.902857 0.063571 0.059048
0 0.865000 0.811429 0.034286 0.091429
0 0.714643 0.900000 0.069286 0.062857
0 0.801429 0.864762 0.082857 0.076190
