0 0.851786 0.929048 0.057857 0.044762
0 0.841429 0.851905 0.058571 0.069524
0 0.836071 0.753333 0.059286 0.041905
0 0.724286 0.431905 0.052857 0.056190
0 0.723214 0.373810 0.052143 0.052381
0 0.710000 0.148571 0.054286 0.032381
0 0.707143 0.114286 0.051429 0.030476
0 0.757500 0.039524 0.033571 0.073333
0 0.512857 0.418571 0.027143 0.080952
2 0.591071 0.412381 0.045000 0.198095
0 0.382857 0.189048 0.022857 0.067619
0 0.376786 0.390476 0.056429 0.034286
0 0.372857 0.433810 0.055714 0.031429
0 0.374286 0.470476 0.054286 0.032381
0 0.376786 0.508095 0.042143 0.031429
0 0.375357 0.546667 0.050714 0.030476
0 0.378214 0.623333 0.055000 0.035238
0 0.374643 0.670476 0.055000 0.036190
0 0.377857 0.713810 0.054286 0.035238
0 0.377143 0.757143 0.057143 0.032381
0 0.378571 0.802381 0.060000 0.039048
0 0.375357 0.845714 0.059286 0.040000
0 0.375714 0.890000 0.057143 0.039048
0 0.377500 0.973810 0.062143 0.039048
