1 0.089248 0.355751 0.028184 0.023191
1 0.098121 0.383581 0.033403 0.023191
1 0.097338 0.378479 0.028706 0.022263
1 0.108820 0.388683 0.031837 0.022263
2 0.113518 0.393321 0.022443 0.020408
1 0.126305 0.397495 0.028184 0.023191
1 0.144311 0.401206 0.026618 0.021336
1 0.155532 0.404917 0.019833 0.021336
1 0.172234 0.404917 0.030271 0.023191
1 0.199113 0.401670 0.026618 0.016698
1 0.082985 0.351577 0.022965 0.020408
1 0.087683 0.340909 0.027140 0.019481
1 0.093946 0.334879 0.019833 0.016698
2 0.015919 0.363173 0.024530 0.021336
1 0.028706 0.358534 0.022965 0.017625
1 0.028445 0.343692 0.028706 0.017625
1 0.037056 0.335807 0.020877 0.016698
1 0.047756 0.323748 0.027662 0.016698
1 0.069676 0.294991 0.024530 0.016698
1 0.079593 0.279221 0.020355 0.018553
1 0.026618 0.439703 0.020877 0.038961
1 0.464248 0.414657 0.014092 0.027829
1 0.480689 0.410946 0.014614 0.025974
1 0.495303 0.409555 0.014614 0.021336
1 0.512004 0.404917 0.015658 0.025046
1 0.576722 0.396568 0.018789 0.025046
1 0.590553 0.395176 0.018267 0.024119
1 0.645094 0.384045 0.018789 0.024119
1 0.357516 0.210111 0.011482 0.008349
1 0.356733 0.205937 0.009916 0.011132
1 0.358820 0.216605 0.012004 0.010204
1 0.356211 0.190631 0.006785 0.012059
1 0.352818 0.185065 0.006263 0.012059
1 0.348382 0.179035 0.006785 0.009276
1 0.701722 0.376623 0.020355 0.020408
2 0.727296 0.371058 0.017223 0.024119
4 0.699113 0.349722 0.016180 0.018553
1 0.757307 0.363173 0.017745 0.021336
1 0.773486 0.361317 0.019833 0.023191
1 0.795929 0.360390 0.021921 0.023191
1 0.807150 0.353432 0.018267 0.018553
1 0.820981 0.352041 0.018789 0.019481
