1 0.643571 0.897143 0.095714 0.110476
1 0.505000 0.654286 0.037143 0.043810
1 0.379643 0.652857 0.027857 0.050476
1 0.427857 0.576190 0.021429 0.030476
1 0.388214 0.541905 0.023571 0.024762
1 0.412857 0.521905 0.020000 0.022857
1 0.378571 0.510952 0.018571 0.018095
1 0.308929 0.593333 0.023571 0.041905
1 0.216429 0.552381 0.024286 0.038095
4 0.092500 0.649524 0.036429 0.032381
1 0.335000 0.469048 0.030000 0.012381
1 0.342857 0.462381 0.030000 0.014286
1 0.320000 0.460000 0.024286 0.013333
1 0.327857 0.452381 0.020000 0.011429
1 0.294286 0.456667 0.020000 0.012381
1 0.368929 0.452381 0.023571 0.011429
1 0.387500 0.454286 0.025000 0.011429
1 0.397857 0.458095 0.020000 0.015238
1 0.372143 0.494762 0.020000 0.012381
1 0.371429 0.480952 0.011429 0.017143
1 0.400000 0.501429 0.015714 0.016190
1 0.394286 0.490952 0.012857 0.014286
1 0.388214 0.476190 0.010714 0.013333
7 0.412500 0.500000 0.005000 0.011429
1 0.912500 0.670476 0.079286 0.049524
1 0.804286 0.613333 0.047143 0.034286
1 0.765714 0.595714 0.048571 0.025714
2 0.763929 0.580000 0.047857 0.026667
1 0.694286 0.559048 0.034286 0.028571
1 0.682143 0.543333 0.028571 0.021905
1 0.567500 0.494286 0.023571 0.017143
2 0.567857 0.485238 0.021429 0.014286
2 0.575357 0.532381 0.026429 0.028571
