1 0.948069 0.040353 0.012004 0.021336
1 0.975209 0.055195 0.013048 0.017625
1 0.931628 0.036178 0.012526 0.018553
1 0.953288 0.222171 0.025574 0.032468
1 0.753392 0.221243 0.025574 0.032468
1 0.792537 0.257885 0.029749 0.033395
1 0.827505 0.282931 0.028706 0.033395
1 0.743998 0.296846 0.036013 0.033395
0 0.615344 0.331169 0.011482 0.011132
1 0.655271 0.356679 0.029749 0.039889
3 0.653184 0.521800 0.036013 0.062152
2 0.631524 0.503711 0.030271 0.055659
1 0.612735 0.488868 0.034447 0.053803
1 0.595251 0.468460 0.034969 0.048237
1 0.621347 0.432746 0.032881 0.043599
1 0.677453 0.478200 0.034447 0.052876
1 0.746868 0.705473 0.039666 0.078850
1 0.526357 0.644249 0.045407 0.067718
1 0.387526 0.829314 0.050626 0.076067
1 0.465292 0.821892 0.056889 0.083488
1 0.425887 0.711039 0.050104 0.056586
1 0.352557 0.566790 0.037056 0.042672
5 0.140658 0.889610 0.043319 0.061224
