0 0.577857 0.036190 0.018571 0.047619
0 0.591071 0.128571 0.017857 0.043810
0 0.605357 0.298571 0.020714 0.052381
0 0.635357 0.457143 0.029286 0.049524
0 0.547500 0.425238 0.020714 0.054286
0 0.498571 0.489524 0.047143 0.032381
0 0.801429 0.555238 0.040000 0.030476
0 0.779286 0.577143 0.050000 0.040000
0 0.855000 0.568571 0.048571 0.032381
2 0.917143 0.578571 0.058571 0.037143
0 0.984643 0.593810 0.030714 0.033333
2 0.855357 0.913810 0.056429 0.037143
0 0.675000 0.849524 0.050000 0.032381
0 0.499286 0.833333 0.054286 0.032381
0 0.369286 0.808095 0.052857 0.033333
0 0.283571 0.790000 0.057143 0.035238
0 0.227857 0.777143 0.052857 0.036190
0 0.022143 0.734762 0.044286 0.033333
0 0.017857 0.668095 0.035714 0.042857
2 0.077857 0.608095 0.061429 0.035238
0 0.021071 0.522857 0.042143 0.030476
0 0.033214 0.485238 0.049286 0.031429
2 0.046786 0.449048 0.055000 0.031429
0 0.119286 0.470476 0.050000 0.032381
0 0.095714 0.497143 0.044286 0.028571
2 0.070000 0.537143 0.051429 0.034286
1 0.146786 0.549048 0.102143 0.060000
0 0.152500 0.508571 0.043571 0.030476
2 0.185357 0.481905 0.055000 0.032381
0 0.210000 0.524286 0.042857 0.031429
0 0.142143 0.418095 0.047143 0.030476
0 0.193571 0.427143 0.050000 0.025714
2 0.272857 0.532857 0.065714 0.042857
0 0.446429 0.482857 0.044286 0.028571
0 0.393214 0.469048 0.047857 0.031429
0 0.333571 0.457143 0.048571 0.032381
