0 0.381786 0.942893 0.016429 0.055838
0 0.338929 0.733503 0.015000 0.038071
0 0.391786 0.494924 0.010714 0.025381
0 0.371071 0.461294 0.009286 0.024112
0 0.388571 0.437183 0.010000 0.021574
0 0.380000 0.380711 0.008571 0.017766
0 0.321429 0.427665 0.010000 0.017766
0 0.338214 0.398477 0.009286 0.020305
0 0.349643 0.340102 0.007857 0.015228
0 0.340000 0.332487 0.008571 0.015228
0 0.348929 0.293782 0.007857 0.013959
2 0.396786 0.314086 0.009286 0.031726
0 0.401786 0.291244 0.007857 0.013959
0 0.361429 0.274112 0.007143 0.012690
0 0.354643 0.265228 0.006429 0.012690
2 0.395000 0.251904 0.008571 0.024112
2 0.406429 0.210660 0.007143 0.020305
0 0.368571 0.225254 0.005714 0.011421
0 0.361786 0.210025 0.005000 0.011421
0 0.370000 0.203046 0.005714 0.010152
0 0.398571 0.186548 0.005714 0.012690
0 0.405000 0.185914 0.005714 0.011421
0 0.399643 0.153553 0.005000 0.010152
