0 0.571429 0.619289 0.020000 0.063452
0 0.523214 0.493655 0.016429 0.043147
0 0.533214 0.359137 0.015000 0.035533
0 0.508571 0.340736 0.012857 0.031726
0 0.510000 0.310914 0.010000 0.027919
0 0.510357 0.281091 0.013571 0.024112
0 0.528214 0.234772 0.010714 0.025381
0 0.525357 0.184010 0.010714 0.022843
0 0.468929 0.253173 0.009286 0.024112
0 0.330714 0.380076 0.031429 0.024112
0 0.523929 0.142766 0.009286 0.021574
0 0.541429 0.170685 0.008571 0.021574
0 0.490714 0.088832 0.008571 0.015228
0 0.493571 0.034898 0.005714 0.011421
0 0.512857 0.022843 0.005714 0.010152
0 0.492143 0.019036 0.005714 0.012690
0 0.521786 0.014594 0.005000 0.011421
0 0.485714 0.006345 0.005714 0.010152
0 0.545714 0.229695 0.010000 0.027919
0 0.525357 0.026015 0.006429 0.013959
0 0.531786 0.042513 0.006429 0.016497
0 0.537500 0.114848 0.007857 0.024112
0 0.520714 0.060279 0.008571 0.019036
1 0.689643 0.668147 0.115000 0.072335
0 0.514643 0.975888 0.025000 0.045685
0 0.597857 0.984137 0.025714 0.029188
2 0.545357 0.655457 0.026429 0.125635
