1 0.692500 0.500476 0.076429 0.084762
1 0.528214 0.436667 0.087857 0.044762
1 0.597857 0.357619 0.080000 0.046667
1 0.703214 0.367619 0.075000 0.045714
1 0.357143 0.370952 0.074286 0.044762
1 0.078929 0.425238 0.107857 0.050476
1 0.489286 0.305714 0.068571 0.049524
1 0.510714 0.201429 0.027143 0.042857
1 0.857143 0.361429 0.075714 0.044762
1 0.100000 0.300000 0.085714 0.040000
1 0.110357 0.380000 0.103571 0.053333
1 0.869643 0.338095 0.065000 0.038095
6 0.390000 0.180476 0.047143 0.122857
6 0.470357 0.173810 0.040714 0.113333
1 0.432857 0.105714 0.018571 0.036190
6 0.433571 0.040476 0.024286 0.063810
1 0.568571 0.071905 0.021429 0.031429
3 0.250000 0.425714 0.141429 0.068571
0 0.527857 0.600476 0.040000 0.029524
7 0.142857 0.518095 0.042857 0.034286
7 0.857857 0.621905 0.028571 0.049524
1 0.333929 0.140000 0.025000 0.030476
1 0.337143 0.113810 0.021429 0.027619
7 0.423214 0.158571 0.010714 0.029524
4 0.325714 0.193333 0.030000 0.034286
0 0.268571 0.150000 0.011429 0.021905
7 0.206786 0.277619 0.016429 0.033333
7 0.034286 0.321905 0.034286 0.022857
0 0.461429 0.252381 0.025714 0.020952
1 0.721071 0.162857 0.036429 0.043810
1 0.746429 0.122857 0.040000 0.024762
1 0.966786 0.216190 0.055000 0.028571
1 0.885714 0.143810 0.034286 0.019048
1 0.926429 0.266190 0.050000 0.027619
1 0.906786 0.244762 0.050714 0.024762
2 0.933929 0.180000 0.047857 0.026667
2 0.878929 0.212381 0.043571 0.036190
1 0.813571 0.080000 0.037143 0.024762
3 0.948929 0.284286 0.065000 0.040952
