0 0.294643 0.874762 0.240714 0.250476
0 0.802500 0.544762 0.203571 0.167619
0 0.870714 0.412381 0.184286 0.100952
0 0.701071 0.358095 0.143571 0.089524
0 0.474286 0.394286 0.085714 0.114286
0 0.363929 0.456667 0.096429 0.157143
0 0.144286 0.411429 0.125714 0.129524
0 0.137857 0.299524 0.140000 0.060000
0 0.145714 0.271429 0.135714 0.066667
0 0.253571 0.250476 0.052857 0.072381
0 0.366429 0.341905 0.067143 0.089524
0 0.440357 0.308571 0.060714 0.070476
0 0.364286 0.264762 0.052857 0.064762
0 0.418929 0.248571 0.046429 0.045714
0 0.544286 0.265714 0.054286 0.049524
0 0.279286 0.216667 0.044286 0.046667
0 0.298571 0.204762 0.030000 0.036190
0 0.307857 0.188571 0.024286 0.034286
0 0.272143 0.181905 0.052857 0.028571
0 0.298571 0.160476 0.050000 0.029524
0 0.300000 0.155238 0.044286 0.030476
0 0.329286 0.151429 0.027143 0.028571
0 0.369643 0.228571 0.040714 0.040000
0 0.413929 0.226190 0.036429 0.039048
0 0.364643 0.205238 0.035000 0.040952
0 0.366786 0.176667 0.027857 0.025714
0 0.368929 0.161905 0.023571 0.026667
0 0.370357 0.151905 0.023571 0.021905
0 0.368214 0.137619 0.017857 0.021905
0 0.413214 0.210476 0.032143 0.030476
0 0.406071 0.190952 0.029286 0.027619
0 0.400714 0.172381 0.024286 0.019048
0 0.396071 0.163810 0.020714 0.022857
0 0.390000 0.150000 0.018571 0.021905
0 0.386786 0.137143 0.012143 0.013333
0 0.471786 0.189524 0.027857 0.024762
0 0.462143 0.174762 0.037143 0.031429
0 0.457500 0.155714 0.043571 0.023810
0 0.491786 0.214762 0.035000 0.042857
