0 0.353571 0.900000 0.075714 0.173333
0 0.928571 0.906190 0.087143 0.176190
0 0.698571 0.636190 0.067143 0.121905
0 0.387857 0.612381 0.055714 0.120000
0 0.464286 0.521429 0.052857 0.103810
0 0.656429 0.446667 0.052857 0.081905
0 0.432143 0.433810 0.050000 0.067619
0 0.650000 0.332857 0.042857 0.056190
2 0.456429 0.290952 0.050000 0.088571
0 0.471786 0.225238 0.032143 0.040952
0 0.484286 0.185238 0.028571 0.039048
0 0.488214 0.140952 0.026429 0.038095
0 0.497143 0.111429 0.024286 0.034286
0 0.505357 0.087619 0.027857 0.028571
0 0.505357 0.058095 0.025000 0.024762
0 0.636786 0.222857 0.053571 0.045714
0 0.624286 0.154286 0.042857 0.034286
0 0.625000 0.130000 0.041429 0.035238
0 0.625357 0.110476 0.040714 0.026667
0 0.618214 0.091429 0.045000 0.026667
0 0.615357 0.080952 0.045000 0.024762
0 0.613929 0.066190 0.040714 0.023810
0 0.613929 0.052381 0.040714 0.020952
0 0.610000 0.045238 0.035714 0.020000
0 0.613214 0.033333 0.037857 0.019048
0 0.606786 0.022857 0.036429 0.020952
0 0.602500 0.010952 0.039286 0.020000
0 0.507143 0.040000 0.020000 0.024762
0 0.513571 0.018571 0.020000 0.029524
2 0.647500 0.169524 0.043571 0.068571
