0 0.407881 0.913729 0.073591 0.063080
0 0.383612 0.982375 0.086639 0.033395
0 0.519833 0.705009 0.032359 0.096475
0 0.467641 0.556122 0.051148 0.043599
0 0.518006 0.333024 0.039144 0.025974
0 0.502610 0.266234 0.020877 0.025974
0 0.581942 0.120594 0.026096 0.016698
0 0.606994 0.111317 0.024008 0.020408
0 0.589248 0.103896 0.020877 0.012987
0 0.739301 0.128942 0.024530 0.020408
0 0.808455 0.134972 0.025052 0.017625
0 0.644833 0.052412 0.009916 0.019481
0 0.655271 0.060297 0.007829 0.020408
0 0.653706 0.017625 0.007829 0.020408
0 0.641701 0.006030 0.006785 0.012059
0 0.730950 0.221243 0.016180 0.025046
