3 0.463929 0.973985 0.019286 0.049492
1 0.480000 0.897208 0.012857 0.043147
2 0.525714 0.947335 0.014286 0.052030
3 0.547143 0.976523 0.018571 0.044416
6 0.564643 0.948604 0.025000 0.100254
1 0.533929 0.769670 0.012143 0.044416
1 0.476429 0.791244 0.011429 0.036802
1 0.462500 0.793782 0.010714 0.036802
2 0.475714 0.717005 0.010000 0.035533
1 0.471429 0.649746 0.010000 0.030457
3 0.458929 0.659898 0.016429 0.068528
1 0.458214 0.582487 0.009286 0.025381
1 0.471429 0.603426 0.010000 0.026650
1 0.470357 0.569797 0.009286 0.025381
2 0.457857 0.543782 0.010000 0.029188
2 0.468929 0.536168 0.010714 0.026650
7 0.459643 0.519036 0.005000 0.012690
1 0.457143 0.501904 0.008571 0.024112
1 0.468929 0.499365 0.007857 0.024112
1 0.455714 0.475254 0.008571 0.024112
1 0.467143 0.469543 0.008571 0.022843
1 0.433929 0.437183 0.007857 0.019036
1 0.445000 0.444162 0.008571 0.022843
1 0.455714 0.450508 0.008571 0.020305
1 0.466786 0.434645 0.009286 0.021574
1 0.455714 0.424492 0.008571 0.021574
1 0.445714 0.409898 0.008571 0.020305
1 0.434286 0.411168 0.008571 0.022843
1 0.454643 0.399112 0.007857 0.021574
1 0.476429 0.409264 0.008571 0.021574
7 0.465357 0.403553 0.005000 0.010152
1 0.313571 0.328046 0.015714 0.013959
1 0.312857 0.311548 0.015714 0.013959
1 0.335714 0.310279 0.014286 0.013959
1 0.339286 0.325508 0.017143 0.016497
1 0.362857 0.309645 0.015714 0.012690
1 0.362857 0.326142 0.017143 0.012690
1 0.389643 0.331853 0.015000 0.013959
1 0.386786 0.324239 0.016429 0.011421
6 0.392857 0.313452 0.022857 0.020305
1 0.410357 0.323604 0.013571 0.012690
1 0.411071 0.307741 0.015000 0.013959
1 0.428214 0.314086 0.015000 0.013959
1 0.437500 0.329949 0.016429 0.017766
1 0.458571 0.305838 0.015714 0.012690
1 0.547857 0.348985 0.015714 0.015228
1 0.567500 0.347716 0.016429 0.015228
6 0.561071 0.331218 0.042143 0.030457
3 0.597857 0.330584 0.018571 0.024112
6 0.581071 0.315990 0.040714 0.025381
3 0.541786 0.324873 0.023571 0.025381
