0 0.563000 0.281000 0.005000 0.004667
0 0.592500 0.301667 0.006000 0.008667
0 0.601750 0.295333 0.006500 0.006667
1 0.610750 0.294000 0.008500 0.016000
0 0.602250 0.303333 0.006500 0.006667
0 0.601250 0.312333 0.006500 0.007333
0 0.590000 0.318333 0.008000 0.007333
0 0.602000 0.326333 0.008000 0.008667
0 0.592500 0.347000 0.007000 0.007333
0 0.602250 0.353000 0.008500 0.010000
0 0.582500 0.349667 0.008000 0.008667
0 0.572250 0.308667 0.006500 0.005333
0 0.560750 0.304333 0.006500 0.008667
0 0.562000 0.320333 0.007000 0.010000
0 0.559000 0.328000 0.006000 0.009333
0 0.565000 0.336667 0.008000 0.009333
0 0.560500 0.352333 0.008000 0.010000
0 0.556750 0.363000 0.008500 0.010000
0 0.577000 0.370000 0.008000 0.010667
0 0.590500 0.368000 0.007000 0.010667
0 0.596250 0.394000 0.008500 0.014667
0 0.566750 0.427667 0.010500 0.012667
0 0.580250 0.437667 0.010500 0.014000
0 0.594500 0.442667 0.010000 0.013333
0 0.597500 0.471667 0.012000 0.012667
0 0.563000 0.461333 0.011000 0.013333
0 0.578000 0.481333 0.012000 0.018667
0 0.569750 0.501000 0.014500 0.016667
0 0.593000 0.509667 0.012000 0.018000
0 0.575250 0.549667 0.012500 0.020667
0 0.596500 0.601667 0.014000 0.023333
0 0.558000 0.538000 0.011000 0.018667
0 0.549000 0.322667 0.006000 0.008000
0 0.547500 0.334000 0.007000 0.008000
0 0.552500 0.344333 0.008000 0.010000
0 0.539750 0.353000 0.007500 0.010000
0 0.546000 0.361333 0.008000 0.010667
0 0.532750 0.369000 0.008500 0.011333
0 0.551250 0.380000 0.007500 0.010667
0 0.523500 0.392333 0.010000 0.012667
0 0.536500 0.389667 0.008000 0.011333
0 0.532000 0.402667 0.010000 0.013333
0 0.545500 0.402667 0.009000 0.012000
0 0.516250 0.413667 0.010500 0.014000
0 0.525000 0.424333 0.011000 0.012667
0 0.538250 0.423333 0.009500 0.013333
0 0.494000 0.441000 0.010000 0.015333
0 0.518250 0.453333 0.010500 0.013333
2 0.531500 0.450333 0.013000 0.020667
2 0.497500 0.470667 0.011000 0.020000
0 0.509250 0.486667 0.012500 0.018667
0 0.519250 0.509333 0.012500 0.020000
0 0.540250 0.528333 0.011500 0.018000
0 0.538000 0.553333 0.013000 0.020000
0 0.555250 0.591333 0.012500 0.022667
0 0.510750 0.574333 0.012500 0.026000
0 0.475500 0.547667 0.014000 0.026000
0 0.463250 0.527667 0.014500 0.023333
0 0.485500 0.586667 0.017000 0.028000
0 0.549250 0.712000 0.018500 0.037333
0 0.543250 0.855000 0.023500 0.052667
0 0.605500 0.826333 0.020000 0.046000
0 0.575250 0.663667 0.017500 0.030000
0 0.529000 0.628333 0.018000 0.030000
0 0.499250 0.626000 0.016500 0.028000
0 0.459750 0.625333 0.015500 0.026667
0 0.441000 0.604000 0.017000 0.026667
0 0.440500 0.480333 0.013000 0.016667
0 0.422500 0.727667 0.022000 0.040667
0 0.422250 0.780333 0.023500 0.044667
0 0.417750 0.864000 0.023500 0.049333
0 0.429750 0.455667 0.017500 0.011333
0 0.103750 0.913667 0.052500 0.066000
0 0.210750 0.606667 0.018500 0.024000
0 0.245000 0.607000 0.036000 0.027333
0 0.306750 0.611000 0.034500 0.020667
0 0.167750 0.774667 0.035500 0.060000
0 0.058000 0.976333 0.054000 0.047333
0 0.077000 0.800667 0.051000 0.045333
0 0.097500 0.805000 0.057000 0.052667
0 0.031000 0.844667 0.056000 0.054667
0 0.023250 0.933667 0.046500 0.091333
0 0.368500 0.848333 0.027000 0.054000
