2 0.520000 0.570431 0.018571 0.049492
2 0.599643 0.322970 0.019286 0.041878
1 0.432500 0.710660 0.023571 0.071066
1 0.410000 0.791878 0.031429 0.071066
1 0.381786 0.892132 0.035000 0.088832
1 0.486071 0.927030 0.032143 0.085025
1 0.568571 0.482868 0.022857 0.041878
1 0.544286 0.387056 0.017143 0.038071
1 0.571429 0.345812 0.012857 0.034264
1 0.665000 0.333122 0.014286 0.034264
1 0.621071 0.239213 0.013571 0.029188
1 0.584643 0.223985 0.016429 0.029188
1 0.609286 0.185279 0.012857 0.025381
1 0.606071 0.131980 0.012143 0.025381
1 0.630714 0.135152 0.011429 0.021574
1 0.633214 0.084391 0.010714 0.019036
1 0.630000 0.053299 0.012857 0.022843
1 0.659643 0.013959 0.010714 0.020305
1 0.646786 0.013325 0.010714 0.019036
1 0.832500 0.368655 0.016429 0.034264
1 0.868571 0.373096 0.018571 0.035533
1 0.809643 0.286168 0.015000 0.036802
1 0.827500 0.292513 0.013571 0.036802
1 0.922500 0.371193 0.017857 0.039340
1 0.930000 0.321701 0.015714 0.036802
1 0.985357 0.335660 0.017857 0.034264
1 0.720357 0.244924 0.025000 0.030457
1 0.776429 0.257614 0.020000 0.025381
1 0.792500 0.237310 0.017857 0.025381
1 0.806429 0.217005 0.017143 0.022843
1 0.823214 0.197335 0.017857 0.026650
1 0.872500 0.188452 0.026429 0.021574
1 0.907143 0.200508 0.030000 0.025381
1 0.825000 0.131345 0.011429 0.024112
1 0.826429 0.109137 0.011429 0.027919
1 0.881786 0.086929 0.020714 0.019036
1 0.843571 0.082487 0.015714 0.022843
1 0.826786 0.152284 0.010714 0.027919
1 0.876429 0.164975 0.025714 0.020305
1 0.966071 0.170685 0.023571 0.019036
1 0.931429 0.048223 0.022857 0.020305
1 0.976429 0.088832 0.024286 0.020305
1 0.972143 0.083756 0.022857 0.022843
1 0.971429 0.075508 0.022857 0.021574
1 0.966429 0.068528 0.022857 0.022843
1 0.966429 0.060914 0.022857 0.022843
1 0.959286 0.052030 0.022857 0.022843
1 0.961429 0.041244 0.022857 0.021574
1 0.953571 0.027919 0.022857 0.022843
1 0.951429 0.020305 0.022857 0.022843
1 0.950000 0.013325 0.022857 0.021574
1 0.992857 0.117386 0.014286 0.019036
1 0.990000 0.155457 0.020000 0.019036
1 0.990000 0.164340 0.020000 0.019036
1 0.992143 0.213832 0.015714 0.016497
1 0.990714 0.174492 0.018571 0.019036
3 0.986786 0.194797 0.026429 0.031726
1 0.994286 0.144036 0.011429 0.016497
1 0.860357 0.299492 0.015000 0.038071
7 0.700714 0.293782 0.011429 0.013959
1 0.670000 0.237944 0.018571 0.024112
6 0.653571 0.116117 0.021429 0.062183
1 0.629286 0.402919 0.014286 0.036802
1 0.617857 0.454949 0.017143 0.036802
0 0.657857 0.526015 0.007143 0.021574
2 0.590357 0.662437 0.022143 0.055838
1 0.598929 0.590102 0.017857 0.053299
1 0.574643 0.759518 0.023571 0.062183
0 0.325000 0.708122 0.011429 0.030457
0 0.329643 0.664340 0.010714 0.029188
0 0.351429 0.609137 0.010000 0.027919
1 0.358929 0.975888 0.032143 0.045685
