1 0.454750 0.960667 0.035500 0.076000
1 0.545750 0.882667 0.032500 0.077333
0 0.493250 0.951333 0.010500 0.026667
1 0.545750 0.785333 0.031500 0.082667
0 0.592000 0.665667 0.022000 0.018000
0 0.494000 0.704333 0.010000 0.019333
1 0.539250 0.631333 0.025500 0.053333
1 0.533500 0.577333 0.023000 0.046667
0 0.587250 0.600000 0.019500 0.014667
1 0.523500 0.450000 0.020000 0.037333
0 0.484250 0.333667 0.005500 0.015333
0 0.489250 0.351667 0.005500 0.015333
0 0.497750 0.385667 0.004500 0.012667
0 0.512500 0.364333 0.008000 0.019333
0 0.513500 0.388667 0.015000 0.014667
1 0.325250 0.328000 0.020500 0.036000
1 0.501000 0.275333 0.017000 0.025333
1 0.495750 0.248667 0.017500 0.024000
1 0.490000 0.217333 0.013000 0.022667
0 0.467500 0.241000 0.007000 0.014000
0 0.479750 0.252667 0.004500 0.013333
0 0.474500 0.263667 0.004000 0.012667
1 0.491000 0.190000 0.013000 0.021333
1 0.489750 0.138000 0.012500 0.018667
0 0.463250 0.146333 0.003500 0.011333
0 0.470750 0.147000 0.004500 0.007333
0 0.477750 0.137667 0.004500 0.008667
1 0.487250 0.077000 0.011500 0.014000
1 0.489500 0.103333 0.013000 0.038667
2 0.399000 0.042000 0.011000 0.020000
2 0.411750 0.028000 0.009500 0.020000
2 0.457000 0.022333 0.019000 0.016667
1 0.393500 0.012333 0.009000 0.014000
7 0.358250 0.093333 0.003500 0.006667
0 0.335000 0.140667 0.004000 0.008000
1 0.351750 0.061000 0.011500 0.018000
1 0.342500 0.096000 0.017000 0.041333
1 0.324250 0.145333 0.011500 0.020000
1 0.321500 0.165667 0.012000 0.019333
1 0.316000 0.183667 0.013000 0.020667
1 0.309750 0.205333 0.014500 0.021333
1 0.302250 0.228667 0.017500 0.025333
0 0.314000 0.233333 0.005000 0.009333
0 0.314500 0.257333 0.004000 0.010667
2 0.293250 0.252667 0.018500 0.025333
2 0.290500 0.271667 0.016000 0.027333
2 0.271000 0.314667 0.045000 0.093333
2 0.255250 0.373000 0.023500 0.047333
1 0.244500 0.417000 0.023000 0.038000
1 0.233500 0.463333 0.025000 0.044000
1 0.209500 0.537333 0.032000 0.053333
1 0.292750 0.616667 0.028500 0.050667
1 0.168500 0.660667 0.036000 0.068000
1 0.141500 0.726000 0.041000 0.074667
1 0.109750 0.809667 0.045500 0.079333
1 0.075250 0.908667 0.050500 0.094667
0 0.063000 0.130667 0.005000 0.012000
0 0.274750 0.387333 0.009500 0.016000
7 0.478000 0.086333 0.003000 0.010000
1 0.789000 0.104000 0.014000 0.018667
1 0.780000 0.092333 0.011000 0.015333
1 0.799250 0.101333 0.012500 0.016000
1 0.804000 0.093667 0.014000 0.015333
1 0.809500 0.013333 0.023000 0.012000
