1 0.077857 0.967619 0.142857 0.064762
1 0.463571 0.909048 0.082857 0.178095
1 0.377500 0.815238 0.085000 0.180952
1 0.118571 0.874762 0.171429 0.105714
1 0.178214 0.775238 0.146429 0.095238
1 0.200714 0.699048 0.138571 0.087619
1 0.237857 0.628571 0.138571 0.081905
1 0.258929 0.571429 0.116429 0.070476
1 0.307857 0.435238 0.090000 0.066667
1 0.332857 0.405714 0.072857 0.047619
1 0.359643 0.350476 0.080714 0.053333
1 0.551786 0.195714 0.019286 0.035238
1 0.549286 0.234762 0.024286 0.046667
1 0.545000 0.263333 0.024286 0.044762
1 0.571786 0.293333 0.023571 0.055238
1 0.572500 0.381905 0.040714 0.070476
1 0.531786 0.373810 0.033571 0.065714
1 0.488929 0.371905 0.036429 0.060000
1 0.525357 0.446667 0.037857 0.076190
1 0.503214 0.309524 0.033571 0.047619
1 0.474286 0.447619 0.042857 0.066667
1 0.507857 0.544286 0.042857 0.105714
1 0.485357 0.708571 0.065000 0.167619
1 0.413929 0.659524 0.055000 0.149524
2 0.560714 0.638095 0.061429 0.171429
1 0.639286 0.207619 0.042857 0.047619
1 0.697857 0.201905 0.024286 0.032381
1 0.722143 0.245714 0.035714 0.045714
1 0.685357 0.476190 0.056429 0.104762
1 0.786786 0.485714 0.052143 0.097143
1 0.928214 0.668095 0.067857 0.117143
1 0.877143 0.836190 0.112857 0.213333
0 0.617857 0.484286 0.018571 0.025714
1 0.652143 0.011429 0.010000 0.015238
1 0.674643 0.006190 0.010714 0.010476
1 0.681071 0.010952 0.009286 0.012381
1 0.683571 0.044762 0.012857 0.013333
1 0.691071 0.058095 0.015000 0.019048
7 0.668929 0.059048 0.006429 0.009524
7 0.696786 0.086667 0.007857 0.015238
1 0.693571 0.010952 0.011429 0.016190
3 0.697857 0.034286 0.021429 0.022857
1 0.725357 0.047143 0.020714 0.018095
1 0.709286 0.055714 0.015714 0.018095
1 0.718929 0.067143 0.029286 0.014286
1 0.753214 0.060000 0.027857 0.015238
1 0.776429 0.067619 0.034286 0.015238
1 0.742857 0.073810 0.020000 0.020000
1 0.767500 0.090952 0.030714 0.016190
1 0.786429 0.121905 0.022857 0.020952
1 0.800000 0.145238 0.024286 0.027619
1 0.729643 0.095238 0.013571 0.022857
2 0.739286 0.104286 0.018571 0.025714
2 0.713571 0.098095 0.020000 0.028571
1 0.747500 0.125238 0.022143 0.023810
1 0.756071 0.151429 0.020714 0.026667
1 0.771071 0.185714 0.029286 0.032381
1 0.822857 0.181429 0.027143 0.031429
1 0.796071 0.184762 0.027857 0.032381
0 0.706071 0.160000 0.010714 0.013333
0 0.718214 0.157143 0.006429 0.013333
1 0.731071 0.157619 0.019286 0.029524
1 0.802143 0.071429 0.014286 0.017143
1 0.815714 0.094286 0.010000 0.019048
1 0.848214 0.134762 0.030714 0.027619
1 0.903929 0.171429 0.055000 0.032381
7 0.800714 0.227143 0.011429 0.014286
1 0.829286 0.265238 0.041429 0.044762
1 0.855000 0.250000 0.034286 0.037143
1 0.880714 0.285714 0.052857 0.045714
1 0.853214 0.306667 0.046429 0.049524
1 0.911429 0.316667 0.047143 0.065714
1 0.883929 0.363333 0.062143 0.067619
1 0.953571 0.385714 0.061429 0.060952
1 0.917857 0.435714 0.061429 0.077143
3 0.963571 0.548095 0.071429 0.159048
