3 0.534643 0.660476 0.065000 0.042857
3 0.526429 0.606667 0.058571 0.030476
3 0.561786 0.401905 0.016429 0.051429
2 0.608571 0.311429 0.021429 0.017143
2 0.585000 0.314286 0.017143 0.011429
2 0.664643 0.356667 0.012143 0.016190
2 0.610000 0.451905 0.027143 0.025714
3 0.609286 0.462381 0.032857 0.033333
1 0.607500 0.513333 0.015000 0.032381
1 0.603571 0.485238 0.012857 0.027619
1 0.612500 0.397143 0.023571 0.013333
1 0.678929 0.444762 0.027857 0.017143
1 0.400000 0.502381 0.020000 0.027619
1 0.416786 0.470952 0.019286 0.023810
6 0.441071 0.422857 0.026429 0.043810
1 0.614286 0.434286 0.030000 0.019048
1 0.613571 0.411905 0.024286 0.018095
1 0.579286 0.352857 0.008571 0.012381
1 0.655000 0.305238 0.017143 0.012381
2 0.568929 0.341429 0.006429 0.014286
2 0.655000 0.299524 0.018571 0.010476
1 0.580714 0.342857 0.008571 0.011429
1 0.558571 0.258571 0.012857 0.006667
1 0.577143 0.234286 0.005714 0.007619
1 0.577500 0.246667 0.006429 0.007619
1 0.082500 0.459048 0.036429 0.015238
1 0.087143 0.446667 0.035714 0.013333
6 0.023214 0.465238 0.046429 0.035238
3 0.034643 0.452857 0.047857 0.020000
