0 0.164144 0.232839 0.024530 0.020408
0 0.275313 0.882653 0.058977 0.056586
0 0.150835 0.982375 0.015658 0.033395
0 0.300887 0.649814 0.043319 0.036178
0 0.312891 0.581169 0.039144 0.030612
0 0.321242 0.524583 0.037056 0.028757
0 0.561587 0.761132 0.028184 0.069573
0 0.531576 0.496753 0.018267 0.039889
0 0.572547 0.034787 0.011482 0.010204
0 0.340814 0.169759 0.014614 0.012987
0 0.646921 0.033395 0.013048 0.009276
2 0.610647 0.060297 0.014614 0.024119
0 0.635960 0.064007 0.009916 0.009276
1 0.664144 0.067718 0.019311 0.029685
1 0.649269 0.055195 0.018789 0.025046
1 0.673800 0.028293 0.029228 0.019481
0 0.570720 0.016698 0.006785 0.009276
0 0.566284 0.011596 0.007307 0.010204
0 0.573852 0.010204 0.006785 0.009276
0 0.571242 0.002783 0.005741 0.005566
0 0.710856 0.262059 0.027140 0.017625
0 0.705898 0.255102 0.023486 0.018553
0 0.674322 0.214750 0.022965 0.015770
0 0.668841 0.208256 0.023486 0.017625
0 0.663883 0.190631 0.020877 0.013915
0 0.651618 0.177180 0.016180 0.016698
0 0.648486 0.169759 0.016180 0.012987
0 0.613257 0.121058 0.014614 0.012059
0 0.591597 0.092764 0.014092 0.009276
0 0.551409 0.035250 0.013048 0.007421
0 0.525313 0.730056 0.026618 0.033395
0 0.537839 0.421150 0.019311 0.033395
