1 0.398214 0.640000 0.045000 0.072381
1 0.450714 0.551905 0.045714 0.071429
5 0.052500 0.328571 0.036429 0.024762
7 0.048571 0.257619 0.014286 0.016190
7 0.045714 0.279048 0.017143 0.020952
7 0.084286 0.294286 0.012857 0.017143
7 0.080000 0.272381 0.011429 0.020952
7 0.061786 0.278095 0.012143 0.020952
7 0.125714 0.312857 0.005714 0.021905
7 0.094643 0.332857 0.015000 0.012381
7 0.135714 0.312381 0.007143 0.022857
7 0.144643 0.309048 0.007857 0.020000
7 0.138571 0.282381 0.005714 0.023810
7 0.128929 0.283810 0.007857 0.022857
7 0.112143 0.287619 0.008571 0.020952
7 0.120714 0.285714 0.005714 0.020952
7 0.154286 0.294762 0.005714 0.020000
7 0.165714 0.315714 0.010000 0.023810
7 0.182500 0.310952 0.007857 0.020000
7 0.192143 0.309524 0.007143 0.022857
7 0.185357 0.274762 0.007857 0.020000
7 0.195357 0.274762 0.007857 0.021905
7 0.205357 0.292857 0.006429 0.020000
7 0.218929 0.270476 0.006429 0.019048
7 0.220000 0.294762 0.007143 0.025714
7 0.228571 0.290000 0.008571 0.018095
7 0.235714 0.304762 0.007143 0.022857
7 0.244643 0.284286 0.010714 0.023810
7 0.310714 0.256667 0.007143 0.023810
7 0.301429 0.258571 0.008571 0.021905
7 0.290000 0.260952 0.007143 0.022857
7 0.275000 0.280000 0.011429 0.020952
7 0.265000 0.264286 0.005714 0.020000
7 0.257500 0.268095 0.005000 0.018095
7 0.249643 0.263333 0.007857 0.020000
7 0.271786 0.261905 0.005000 0.015238
0 0.282500 0.260000 0.005000 0.017143
0 0.226429 0.267619 0.007143 0.022857
0 0.208214 0.273333 0.003571 0.015238
0 0.175000 0.277143 0.007143 0.020952
0 0.150714 0.276190 0.005714 0.017143
0 0.102500 0.288095 0.005000 0.020000
7 0.160000 0.275238 0.005714 0.019048
7 0.358214 0.285714 0.019286 0.015238
7 0.322857 0.604762 0.018571 0.040000
7 0.255714 0.593333 0.021429 0.026667
1 0.491071 0.209048 0.042143 0.027619
1 0.503571 0.190476 0.035714 0.024762
1 0.529286 0.174286 0.041429 0.026667
1 0.536071 0.156667 0.037857 0.023810
1 0.548571 0.143333 0.037143 0.027619
1 0.562143 0.124762 0.041429 0.020952
1 0.587143 0.096190 0.040000 0.028571
1 0.530357 0.240476 0.027857 0.040952
1 0.489643 0.247143 0.042143 0.042857
2 0.430714 0.281429 0.044286 0.031429
1 0.412500 0.185714 0.057857 0.049524
1 0.567143 0.449048 0.047143 0.058095
1 0.706429 0.213810 0.031429 0.037143
7 0.717500 0.264286 0.012143 0.018095
1 0.601071 0.084762 0.036429 0.026667
1 0.637143 0.050000 0.031429 0.020000
1 0.647857 0.036667 0.032857 0.021905
1 0.655357 0.023810 0.036429 0.022857
1 0.664286 0.014762 0.030000 0.018095
1 0.663571 0.009048 0.030000 0.016190
1 0.675357 0.007143 0.029286 0.014286
1 0.616786 0.062381 0.032143 0.020000
