1 0.291786 0.822381 0.252143 0.159048
1 0.333214 0.734286 0.195000 0.112381
1 0.512500 0.519048 0.046429 0.072381
1 0.499286 0.465238 0.042857 0.050476
1 0.414286 0.361905 0.030000 0.028571
1 0.415714 0.306190 0.018571 0.018095
1 0.508214 0.336667 0.046429 0.021905
1 0.625000 0.431905 0.045714 0.044762
1 0.647500 0.389524 0.059286 0.034286
1 0.733929 0.372857 0.035000 0.027619
1 0.699286 0.349048 0.038571 0.027619
1 0.722857 0.341905 0.035714 0.022857
1 0.662143 0.462381 0.057143 0.050476
1 0.708571 0.512381 0.074286 0.068571
1 0.768929 0.605238 0.085000 0.086667
3 0.654286 0.347619 0.062857 0.047619
