1 0.819500 0.935000 0.101000 0.130000
1 0.745250 0.779667 0.071500 0.126000
1 0.694000 0.660667 0.063000 0.102667
1 0.551500 0.632000 0.044000 0.089333
1 0.633500 0.512667 0.045000 0.053333
1 0.515000 0.428333 0.026000 0.046000
1 0.554750 0.322667 0.020500 0.026667
1 0.460750 0.203667 0.008500 0.011333
1 0.479750 0.162667 0.013500 0.008000
1 0.390000 0.164333 0.011000 0.008667
1 0.039750 0.274333 0.037500 0.018000
1 0.044500 0.266000 0.036000 0.014667
1 0.042500 0.259333 0.040000 0.014667
1 0.040500 0.256667 0.036000 0.013333
1 0.033000 0.254667 0.030000 0.016000
1 0.030250 0.252333 0.026500 0.015333
2 0.027000 0.249333 0.031000 0.017333
1 0.019750 0.249000 0.027500 0.015333
1 0.015000 0.246667 0.030000 0.013333
1 0.012250 0.239000 0.024500 0.014000
2 0.012250 0.235000 0.024500 0.015333
1 0.012500 0.227333 0.025000 0.013333
1 0.007750 0.213333 0.015500 0.013333
1 0.022250 0.207333 0.025500 0.013333
1 0.072000 0.233000 0.025000 0.014000
1 0.088750 0.233667 0.024500 0.012667
2 0.095250 0.237333 0.029500 0.017333
1 0.148250 0.161333 0.016500 0.006667
1 0.172250 0.159667 0.016500 0.007333
1 0.177500 0.152333 0.016000 0.007333
2 0.185750 0.152000 0.015500 0.009333
1 0.192250 0.150667 0.016500 0.006667
1 0.330500 0.157667 0.007000 0.007333
3 0.363750 0.152000 0.014500 0.012000
1 0.386000 0.153667 0.009000 0.007333
3 0.406000 0.161667 0.023000 0.014000
3 0.450500 0.166667 0.033000 0.020000
3 0.458750 0.157333 0.014500 0.013333
2 0.532250 0.183333 0.016500 0.012000
2 0.531250 0.181333 0.016500 0.013333
2 0.525000 0.161000 0.011000 0.008667
2 0.517750 0.144333 0.010500 0.007333
3 0.505500 0.197000 0.009000 0.016667
2 0.494500 0.222667 0.010000 0.018667
2 0.481750 0.241667 0.012500 0.020667
2 0.541750 0.295000 0.020500 0.028667
3 0.502250 0.348667 0.025500 0.041333
2 0.576000 0.371667 0.023000 0.040667
3 0.610500 0.451333 0.055000 0.065333
4 0.522000 0.548667 0.013000 0.040000
7 0.492750 0.316333 0.014500 0.012667
7 0.488500 0.308000 0.013000 0.014667
0 0.477750 0.322000 0.013500 0.012000
7 0.472750 0.315333 0.006500 0.014667
1 0.489250 0.295333 0.016500 0.021333
1 0.563750 0.350000 0.022500 0.029333
1 0.538250 0.281000 0.013500 0.015333
1 0.533000 0.270000 0.015000 0.017333
1 0.525750 0.257333 0.014500 0.018667
1 0.523250 0.245333 0.012500 0.014667
1 0.517750 0.236000 0.012500 0.013333
1 0.478000 0.233000 0.014000 0.015333
1 0.471000 0.225000 0.024000 0.015333
1 0.463500 0.219667 0.009000 0.012667
1 0.476750 0.219333 0.009500 0.012000
1 0.517750 0.212667 0.021500 0.012000
1 0.507250 0.207000 0.010500 0.012667
1 0.472250 0.197333 0.008500 0.010667
1 0.499500 0.189333 0.009000 0.010667
1 0.441750 0.193333 0.017500 0.009333
1 0.497500 0.183333 0.009000 0.009333
1 0.495500 0.179667 0.009000 0.010000
1 0.493750 0.173667 0.007500 0.008667
1 0.469750 0.191333 0.008500 0.009333
1 0.469500 0.186000 0.008000 0.008000
1 0.468500 0.179333 0.008000 0.009333
1 0.511000 0.165667 0.012000 0.008667
1 0.503750 0.164000 0.012500 0.008000
1 0.470750 0.156667 0.010500 0.006667
1 0.529250 0.143667 0.011500 0.007333
1 0.472750 0.145667 0.011500 0.007333
1 0.461000 0.151000 0.008000 0.006000
1 0.451500 0.150000 0.011000 0.006667
1 0.447500 0.148667 0.013000 0.006667
1 0.464750 0.144333 0.011500 0.007333
1 0.458500 0.144667 0.012000 0.006667
1 0.453750 0.143000 0.010500 0.007333
1 0.448750 0.140667 0.011500 0.006667
1 0.444250 0.139667 0.012500 0.007333
2 0.395250 0.185000 0.008500 0.012667
7 0.510500 0.462000 0.011000 0.025333
7 0.482250 0.270333 0.012500 0.010000
7 0.513250 0.221000 0.008500 0.008667
1 0.331000 0.175667 0.020000 0.010000
