1 0.428571 0.829048 0.058571 0.120952
1 0.715357 0.220000 0.027857 0.064762
3 0.693214 0.583333 0.059286 0.100000
7 0.315000 0.729048 0.018571 0.033333
1 0.508571 0.502381 0.032857 0.077143
1 0.558929 0.284286 0.029286 0.060000
1 0.575357 0.231429 0.026429 0.057143
1 0.584286 0.177143 0.027143 0.053333
5 0.600714 0.226667 0.017143 0.036190
7 0.545714 0.040476 0.005714 0.012381
0 0.590000 0.046190 0.011429 0.010476
4 0.540357 0.038095 0.009286 0.009524
1 0.610714 0.076190 0.021429 0.041905
1 0.617500 0.041905 0.022143 0.038095
1 0.973214 0.952857 0.050714 0.094286
1 0.907143 0.262381 0.030000 0.079048
1 0.891786 0.042381 0.026429 0.061905
