1 0.547234 0.877551 0.036013 0.100186
1 0.626566 0.051020 0.023486 0.014842
1 0.662317 0.171614 0.013570 0.029685
1 0.696764 0.186920 0.015658 0.025046
5 0.725209 0.042672 0.007829 0.014842
4 0.722077 0.010204 0.010960 0.011132
7 0.685021 0.005102 0.004697 0.008349
7 0.708507 0.051484 0.004697 0.012059
4 0.711117 0.031076 0.004697 0.013915
7 0.711378 0.038961 0.003132 0.009276
7 0.674582 0.087199 0.003653 0.012987
5 0.667537 0.088590 0.008351 0.015770
5 0.700678 0.152134 0.012004 0.024119
7 0.674582 0.196660 0.005741 0.016698
7 0.714248 0.236085 0.005741 0.017625
7 0.709812 0.258813 0.006263 0.018553
7 0.697286 0.347866 0.008351 0.022263
7 0.714509 0.367347 0.008351 0.020408
7 0.703549 0.397032 0.007307 0.022263
0 0.565501 0.467532 0.007829 0.031540
4 0.593685 0.609926 0.028706 0.045455
4 0.612735 0.655844 0.014614 0.048237
4 0.628392 0.666048 0.015658 0.051948
5 0.579071 0.625696 0.030793 0.049165
7 0.570981 0.660946 0.016701 0.038033
7 0.562109 0.695269 0.018789 0.030612
7 0.566545 0.681818 0.017223 0.029685
0 0.542537 0.679035 0.018267 0.025974
0 0.543058 0.669295 0.022443 0.025046
7 0.708507 0.705473 0.009916 0.038033
1 0.673278 0.713822 0.032359 0.088126
7 0.748434 0.736085 0.020877 0.034323
7 0.762265 0.763915 0.020355 0.038033
7 0.717902 0.852041 0.018267 0.043599
7 0.697547 0.820037 0.015136 0.055659
7 0.715292 0.940167 0.012004 0.052876
7 0.733820 0.916048 0.020877 0.062152
3 0.772704 0.101577 0.034969 0.026902
5 0.785230 0.048701 0.020355 0.041744
5 0.794102 0.018089 0.013048 0.015770
3 0.787056 0.009740 0.012526 0.019481
