0 0.125000 0.022208 0.008571 0.021574
0 0.156786 0.011421 0.007857 0.022843
0 0.163214 0.010787 0.007857 0.019036
0 0.188214 0.006980 0.006429 0.013959
0 0.101786 0.086929 0.007857 0.019036
0 0.138929 0.086294 0.006429 0.020305
0 0.147500 0.084391 0.007857 0.021574
0 0.163929 0.076777 0.009286 0.021574
0 0.171429 0.075508 0.008571 0.021574
0 0.178929 0.074239 0.007857 0.019036
0 0.187857 0.073604 0.007143 0.017766
0 0.195714 0.071701 0.008571 0.026650
2 0.145357 0.248096 0.010714 0.034264
0 0.293929 0.822335 0.007857 0.022843
0 0.450714 0.123731 0.010000 0.024112
0 0.458214 0.109137 0.009286 0.022843
0 0.466071 0.015228 0.010714 0.022843
2 0.486786 0.036802 0.022143 0.060914
2 0.511786 0.019036 0.015000 0.038071
0 0.540357 0.130076 0.010714 0.026650
0 0.524286 0.392766 0.011429 0.029188
0 0.463214 0.770939 0.010714 0.034264
0 0.518214 0.738579 0.012143 0.035533
0 0.526429 0.732234 0.012857 0.035533
0 0.516786 0.836294 0.013571 0.032995
0 0.433214 0.828680 0.012143 0.025381
0 0.546071 0.821701 0.013571 0.036802
0 0.556071 0.814086 0.015000 0.036802
0 0.664643 0.940990 0.013571 0.041878
0 0.670000 0.848350 0.014286 0.039340
0 0.593214 0.697970 0.012143 0.032995
0 0.556071 0.592640 0.012143 0.035533
2 0.626429 0.592640 0.018571 0.060914
0 0.543214 0.476523 0.012143 0.031726
0 0.552857 0.460025 0.011429 0.026650
1 0.640357 0.330584 0.030714 0.092640
1 0.564643 0.344543 0.026429 0.082487
0 0.817857 0.447970 0.012857 0.030457
0 0.860714 0.505711 0.017143 0.019036
0 0.963214 0.361041 0.016429 0.026650
0 0.953214 0.367386 0.016429 0.031726
0 0.971786 0.355330 0.016429 0.030457
0 0.946786 0.374365 0.019286 0.032995
0 0.892143 0.401015 0.017143 0.032995
0 0.867857 0.416244 0.015714 0.030457
0 0.885357 0.406091 0.016429 0.030457
0 0.910714 0.392132 0.017143 0.032995
