1 0.505000 0.112667 0.009000 0.010667
1 0.564000 0.104000 0.008000 0.009333
1 0.493000 0.141667 0.011000 0.015333
1 0.508000 0.155000 0.012000 0.014000
1 0.497750 0.178667 0.011500 0.013333
1 0.432250 0.293000 0.018500 0.024667
1 0.454500 0.353000 0.023000 0.027333
1 0.398000 0.367667 0.024000 0.039333
1 0.442500 0.388333 0.021000 0.026000
7 0.441500 0.422333 0.007000 0.020667
3 0.273000 0.653333 0.077000 0.134667
7 0.349750 0.672667 0.014500 0.036000
1 0.200000 0.343333 0.026000 0.025333
1 0.927750 0.223333 0.027500 0.016000
1 0.954750 0.235667 0.033500 0.019333
1 0.920750 0.215000 0.023500 0.014000
1 0.909750 0.209000 0.026500 0.016667
1 0.890000 0.189000 0.026000 0.014000
1 0.876250 0.179000 0.021500 0.012667
2 0.913250 0.083333 0.008500 0.008000
1 0.849750 0.219000 0.027500 0.019333
1 0.459250 0.099667 0.017500 0.010000
1 0.462250 0.084667 0.015500 0.008000
1 0.481000 0.083000 0.016000 0.007333
1 0.447000 0.082333 0.012000 0.007333
1 0.449500 0.079000 0.012000 0.007333
1 0.477250 0.062000 0.014500 0.009333
1 0.478000 0.076333 0.008000 0.008667
1 0.490750 0.057333 0.011500 0.006667
1 0.038500 0.334000 0.023000 0.029333
1 0.010250 0.331667 0.019500 0.026000
1 0.121000 0.338333 0.021000 0.024667
1 0.465500 0.064333 0.008000 0.007333
1 0.509500 0.073000 0.015000 0.007333
1 0.512750 0.069333 0.013500 0.006667
2 0.514750 0.064667 0.011500 0.008000
1 0.519000 0.062333 0.009000 0.007333
1 0.527750 0.058667 0.014500 0.006667
2 0.417250 0.079667 0.013500 0.010000
2 0.449250 0.095000 0.011500 0.007333
3 0.535250 0.069667 0.010500 0.012667
3 0.525250 0.069333 0.009500 0.013333
1 0.144500 0.339000 0.018000 0.030000
1 0.067500 0.335667 0.018000 0.028667
1 0.095500 0.337333 0.021000 0.028000
1 0.845250 0.209000 0.026500 0.018000
1 0.803000 0.163667 0.021000 0.015333
1 0.840750 0.152667 0.021500 0.014667
1 0.870500 0.174333 0.021000 0.014000
1 0.862750 0.168000 0.021500 0.014667
