2 0.477143 0.659524 0.138571 0.122857
2 0.418571 0.744762 0.134286 0.108571
2 0.113571 0.634286 0.115714 0.099048
2 0.335357 0.602857 0.105000 0.097143
1 0.506429 0.491905 0.108571 0.103810
1 0.258571 0.392857 0.105714 0.080952
1 0.242857 0.677143 0.118571 0.085714
1 0.289286 0.785714 0.131429 0.104762
1 0.121071 0.349524 0.110714 0.081905
1 0.103214 0.512857 0.125000 0.080952
1 0.217857 0.553333 0.124286 0.062857
1 0.043571 0.950000 0.087143 0.100000
1 0.025357 0.594286 0.050714 0.078095
1 0.031786 0.303333 0.063571 0.075238
1 0.873929 0.838095 0.157857 0.108571
1 0.877500 0.641429 0.129286 0.098095
1 0.911071 0.959524 0.165000 0.080952
1 0.974643 0.653810 0.050714 0.075238
7 0.826071 0.437143 0.046429 0.038095
7 0.935357 0.457619 0.045000 0.035238
3 0.415000 0.233333 0.112857 0.102857
