2 0.166429 0.904286 0.044286 0.027619
2 0.194286 0.931429 0.098571 0.036190
2 0.192500 0.962381 0.099286 0.031429
0 0.282857 0.842857 0.012857 0.032381
0 0.574286 0.956190 0.014286 0.040000
0 0.574643 0.825238 0.012143 0.035238
0 0.571786 0.703810 0.012143 0.040000
0 0.702857 0.928571 0.012857 0.040000
0 0.701071 0.875714 0.015000 0.040952
1 0.711786 0.982381 0.025000 0.035238
2 0.700714 0.769048 0.012857 0.040952
2 0.711071 0.589048 0.023571 0.075238
2 0.730357 0.602381 0.017857 0.060000
2 0.734643 0.508571 0.029286 0.087619
2 0.709286 0.482857 0.020000 0.049524
0 0.879643 0.400000 0.025000 0.028571
0 0.716429 0.339048 0.014286 0.036190
0 0.698214 0.340476 0.012143 0.035238
0 0.923929 0.266667 0.032143 0.020952
0 0.807500 0.230952 0.027857 0.018095
2 0.847857 0.255238 0.112857 0.034286
2 0.945357 0.229048 0.109286 0.033333
2 0.587143 0.224286 0.015714 0.050476
2 0.495000 0.081429 0.027143 0.020000
2 0.502500 0.064762 0.033571 0.017143
0 0.537500 0.177619 0.025000 0.021905
0 0.559286 0.091905 0.014286 0.037143
0 0.989643 0.147143 0.019286 0.039048
0 0.257143 0.158571 0.034286 0.020000
0 0.493571 0.038095 0.028571 0.022857
0 0.495714 0.014286 0.025714 0.022857
0 0.412143 0.026190 0.030000 0.021905
0 0.582143 0.017143 0.012857 0.034286
0 0.414643 0.007619 0.030714 0.015238
0 0.460714 0.039048 0.014286 0.036190
2 0.405357 0.091429 0.012143 0.026667
