6 0.246429 0.803810 0.492857 0.384762
1 0.141071 0.633810 0.143571 0.143810
0 0.307500 0.180000 0.003571 0.007619
7 0.315357 0.178571 0.005000 0.008571
7 0.312857 0.188095 0.004286 0.010476
7 0.332143 0.232381 0.007143 0.015238
0 0.371071 0.270952 0.006429 0.014286
7 0.372500 0.295714 0.012143 0.021905
7 0.383214 0.357143 0.012143 0.032381
0 0.402143 0.277143 0.011429 0.020952
0 0.418929 0.326190 0.023571 0.018095
0 0.447143 0.337619 0.010000 0.023810
0 0.473214 0.441429 0.015000 0.033333
7 0.559286 0.504762 0.035714 0.038095
0 0.651786 0.535238 0.019286 0.041905
1 0.364286 0.245714 0.021429 0.024762
1 0.326786 0.193810 0.015000 0.016190
1 0.259286 0.152857 0.005714 0.010476
1 0.285000 0.170000 0.024286 0.008571
1 0.285357 0.166190 0.023571 0.008571
1 0.261071 0.190952 0.013571 0.016190
1 0.305357 0.276667 0.053571 0.023810
1 0.307143 0.272857 0.055714 0.027619
2 0.303571 0.260000 0.040000 0.026667
2 0.295000 0.260000 0.048571 0.026667
1 0.296429 0.250952 0.044286 0.020000
2 0.306071 0.243333 0.053571 0.027619
1 0.296071 0.237619 0.039286 0.021905
1 0.295714 0.228095 0.040000 0.021905
1 0.295357 0.224762 0.037857 0.020952
1 0.293214 0.220000 0.037857 0.022857
1 0.295357 0.217143 0.035000 0.024762
1 0.287500 0.210476 0.035000 0.019048
2 0.288929 0.207619 0.030714 0.020952
1 0.287143 0.204286 0.034286 0.021905
1 0.288929 0.201905 0.030714 0.020952
1 0.287857 0.197619 0.031429 0.016190
1 0.286786 0.195238 0.032143 0.015238
1 0.285714 0.192381 0.030000 0.015238
1 0.283929 0.189524 0.027857 0.013333
1 0.396429 0.547619 0.131429 0.085714
1 0.351071 0.505714 0.127857 0.066667
1 0.346786 0.467619 0.080714 0.055238
1 0.348214 0.436667 0.096429 0.048571
1 0.342500 0.414762 0.090714 0.048571
1 0.337857 0.399524 0.091429 0.046667
1 0.337857 0.382381 0.082857 0.044762
1 0.334286 0.363810 0.077143 0.040000
1 0.328929 0.347143 0.077857 0.033333
1 0.317500 0.338095 0.073571 0.036190
1 0.325000 0.328571 0.065714 0.036190
1 0.320000 0.318095 0.071429 0.034286
1 0.312143 0.303810 0.062857 0.022857
0 0.684643 0.631429 0.030714 0.062857
7 0.883929 0.753810 0.057857 0.103810
1 0.735000 0.479524 0.082857 0.080952
1 0.710357 0.405238 0.077857 0.073333
1 0.699643 0.364286 0.060714 0.052381
1 0.743214 0.357619 0.056429 0.048571
1 0.690000 0.325714 0.051429 0.043810
1 0.640714 0.302381 0.041429 0.040952
1 0.601429 0.282857 0.035714 0.030476
1 0.550000 0.300000 0.035714 0.032381
1 0.532500 0.262857 0.027857 0.026667
1 0.503929 0.266667 0.026429 0.026667
1 0.568571 0.260000 0.034286 0.032381
1 0.558929 0.229048 0.027857 0.021905
1 0.460357 0.188095 0.016429 0.012381
1 0.458214 0.231905 0.020714 0.021905
1 0.441071 0.205238 0.016429 0.014286
1 0.437857 0.248571 0.020000 0.022857
1 0.425000 0.225238 0.017143 0.020000
7 0.528214 0.320000 0.012143 0.022857
0 0.432857 0.273333 0.008571 0.019048
1 0.408929 0.250000 0.025000 0.025714
1 0.392500 0.203810 0.017857 0.020952
1 0.912143 0.306190 0.057143 0.033333
1 0.927500 0.281429 0.040714 0.027619
1 0.953571 0.290476 0.048571 0.030476
1 0.979643 0.295714 0.040714 0.029524
7 0.794286 0.305714 0.021429 0.022857
6 0.723929 0.257143 0.090714 0.066667
0 0.653929 0.236667 0.012143 0.012381
0 0.579643 0.217143 0.007857 0.007619
0 0.498214 0.170952 0.005000 0.004762
1 0.411786 0.158095 0.010714 0.011429
1 0.396786 0.162381 0.009286 0.010476
1 0.386429 0.156667 0.008571 0.008571
1 0.381071 0.154762 0.006429 0.010476
6 0.378929 0.180952 0.025000 0.034286
1 0.354286 0.197619 0.014286 0.018095
1 0.352143 0.187143 0.014286 0.016190
1 0.343214 0.130476 0.003571 0.005714
1 0.351071 0.127619 0.003571 0.005714
1 0.357857 0.130000 0.002857 0.004762
1 0.391786 0.138095 0.005000 0.005714
2 0.377143 0.145238 0.007143 0.008571
6 0.385357 0.144286 0.009286 0.016190
