1 0.768528 0.127551 0.015136 0.025046
1 0.634395 0.309369 0.019311 0.039889
1 0.686587 0.172078 0.016180 0.028757
1 0.548278 0.432746 0.044363 0.039889
1 0.568894 0.368738 0.040710 0.039889
1 0.576461 0.355751 0.037056 0.026902
1 0.605167 0.264842 0.029749 0.030612
2 0.606472 0.246753 0.025052 0.025974
1 0.629175 0.234230 0.029749 0.019481
2 0.633090 0.218924 0.024008 0.027829
1 0.637787 0.199443 0.022965 0.022263
7 0.465814 0.596939 0.017223 0.023191
7 0.463727 0.715677 0.012004 0.041744
1 0.822547 0.017625 0.017745 0.020408
1 0.854384 0.019481 0.018789 0.016698
1 0.877610 0.025974 0.019311 0.020408
1 0.662578 0.135436 0.026618 0.022263
2 0.667015 0.117347 0.025052 0.021336
2 0.668841 0.104824 0.024530 0.024119
2 0.679019 0.085343 0.017745 0.020408
1 0.828810 0.051948 0.008351 0.018553
7 0.979123 0.577458 0.010438 0.030612
1 0.812630 0.006957 0.016701 0.012059
2 0.684238 0.034787 0.013570 0.013915
1 0.688674 0.078386 0.017223 0.017625
7 0.539927 0.323748 0.009916 0.024119
2 0.503392 0.745362 0.039144 0.091837
2 0.414405 0.808442 0.053236 0.093692
6 0.606472 0.782468 0.073069 0.229128
1 0.692067 0.972171 0.034447 0.053803
7 0.549582 0.269481 0.013570 0.012059
2 0.680585 0.056586 0.007307 0.018553
1 0.713987 0.004638 0.017745 0.009276
1 0.750522 0.003247 0.019833 0.006494
1 0.846294 0.014842 0.017223 0.014842
