2 0.411786 0.214762 0.109286 0.408571
0 0.320714 0.037619 0.058571 0.075238
0 0.410714 0.040952 0.110000 0.081905
0 0.265714 0.109524 0.108571 0.104762
0 0.395000 0.516667 0.071429 0.180000
0 0.163571 0.693333 0.112857 0.190476
0 0.068214 0.791905 0.120714 0.221905
0 0.556786 0.453333 0.056429 0.169524
0 0.580714 0.185714 0.051429 0.131429
0 0.652857 0.182857 0.051429 0.139048
0 0.741071 0.022857 0.043571 0.045714
0 0.778571 0.270952 0.058571 0.141905
0 0.758929 0.124286 0.053571 0.117143
0 0.796786 0.460476 0.063571 0.164762
0 0.822500 0.784762 0.086429 0.213333
