6 0.663250 0.005000 0.006500 0.008667
1 0.670250 0.006000 0.005500 0.006667
1 0.643000 0.078000 0.009000 0.009333
1 0.607250 0.128000 0.008500 0.012000
1 0.604750 0.135333 0.011500 0.013333
1 0.627750 0.125000 0.010500 0.014000
1 0.639000 0.109000 0.009000 0.012667
1 0.643500 0.115333 0.019000 0.010667
1 0.646500 0.119000 0.024000 0.011333
1 0.645250 0.120333 0.022500 0.010000
1 0.648750 0.123000 0.019500 0.010000
1 0.645250 0.126000 0.021500 0.010667
1 0.644750 0.130333 0.022500 0.011333
1 0.644500 0.132333 0.023000 0.010000
1 0.605500 0.252667 0.035000 0.022667
1 0.601500 0.263667 0.034000 0.020667
1 0.596500 0.273000 0.037000 0.019333
2 0.607000 0.278333 0.034000 0.026000
1 0.605000 0.292000 0.038000 0.024000
1 0.594000 0.302333 0.040000 0.018000
1 0.591500 0.311333 0.043000 0.021333
1 0.593250 0.322333 0.042500 0.023333
1 0.437000 0.483000 0.031000 0.042000
2 0.493000 0.541000 0.031000 0.050000
1 0.374500 0.623667 0.045000 0.072667
1 0.343250 0.703667 0.048500 0.082000
1 0.476500 0.625000 0.038000 0.071333
1 0.463000 0.703667 0.043000 0.078000
1 0.441500 0.973667 0.096000 0.052667
0 0.495000 0.925333 0.035000 0.032000
7 0.163250 0.493667 0.011500 0.024667
7 0.176250 0.482000 0.011500 0.025333
7 0.190750 0.487333 0.011500 0.017333
0 0.194750 0.514000 0.021500 0.012000
4 0.180500 0.610333 0.042000 0.042000
