1 0.666429 0.763959 0.044286 0.032995
1 0.891429 0.734772 0.048571 0.035533
1 0.898214 0.536168 0.033571 0.049492
1 0.770000 0.369289 0.021429 0.045685
1 0.751429 0.283629 0.014286 0.034264
1 0.740714 0.251904 0.017143 0.041878
6 0.493929 0.611675 0.042143 0.197970
1 0.370000 0.796954 0.032857 0.086294
2 0.479286 0.475888 0.025714 0.073604
2 0.508571 0.343909 0.021429 0.058376
1 0.534286 0.189721 0.020000 0.049492
1 0.552857 0.081218 0.018571 0.043147
1 0.510000 0.108503 0.018571 0.046954
6 0.463929 0.176396 0.037857 0.129442
3 0.091786 0.769036 0.075000 0.055838
1 0.066429 0.853426 0.054286 0.036802
6 0.260714 0.254442 0.045714 0.059645
3 0.310357 0.201142 0.067857 0.087563
6 0.320714 0.564721 0.051429 0.073604
3 0.322857 0.500000 0.077143 0.091371
7 0.603214 0.928934 0.026429 0.022843
1 0.566786 0.598985 0.017857 0.048223
1 0.562500 0.549492 0.019286 0.053299
1 0.558571 0.496827 0.020000 0.052030
1 0.552500 0.434010 0.016429 0.050761
6 0.548929 0.580584 0.023571 0.077411
6 0.543214 0.522208 0.012143 0.044416
6 0.540714 0.461929 0.020000 0.060914
6 0.528214 0.581853 0.029286 0.082487
1 0.578214 0.229061 0.030714 0.021574
1 0.578571 0.248096 0.034286 0.031726
1 0.578571 0.219543 0.028571 0.025381
1 0.576429 0.202411 0.025714 0.024112
1 0.583571 0.277919 0.027143 0.020305
1 0.585714 0.291244 0.031429 0.019036
6 0.579286 0.314086 0.055714 0.041878
