0 0.136429 0.214467 0.010000 0.007614
0 0.119286 0.205584 0.010000 0.007614
0 0.165000 0.199873 0.010000 0.008883
0 0.181071 0.210025 0.009286 0.006345
0 0.028929 0.208756 0.009286 0.006345
1 0.228929 0.214467 0.017857 0.012690
1 0.247500 0.215736 0.015000 0.012690
1 0.303571 0.214467 0.027143 0.017766
0 0.411071 0.203680 0.010714 0.008883
1 0.440714 0.222716 0.024286 0.026650
1 0.468214 0.270939 0.006429 0.036802
1 0.455000 0.338198 0.010000 0.041878
0 0.453929 0.402284 0.005000 0.015228
1 0.522500 0.442259 0.009286 0.044416
0 0.468571 0.507614 0.007143 0.020305
1 0.501786 0.502538 0.009286 0.050761
1 0.565000 0.486041 0.035714 0.022843
1 0.561786 0.562183 0.010714 0.055838
1 0.573214 0.621193 0.042143 0.026650
1 0.573571 0.609772 0.042857 0.029188
1 0.522500 0.534264 0.023571 0.022843
1 0.518214 0.546954 0.025000 0.025381
1 0.523571 0.555838 0.028571 0.022843
1 0.519643 0.569162 0.029286 0.029188
2 0.656071 0.557741 0.025000 0.021574
0 0.654643 0.532360 0.015000 0.011421
0 0.601429 0.535533 0.014286 0.012690
0 0.601429 0.526650 0.015714 0.012690
2 0.887857 0.279822 0.015714 0.026650
2 0.873929 0.322970 0.022143 0.021574
2 0.911071 0.258249 0.017857 0.011421
2 0.967500 0.262690 0.019286 0.015228
2 0.980714 0.249365 0.011429 0.013959
1 0.801071 0.124365 0.017857 0.015228
1 0.827143 0.137690 0.021429 0.021574
1 0.819286 0.161168 0.014286 0.025381
1 0.784286 0.136421 0.008571 0.021574
1 0.798929 0.166878 0.012143 0.019036
0 0.630714 0.668147 0.017143 0.013959
2 0.919643 0.890863 0.040714 0.035533
2 0.863214 0.884518 0.053571 0.038071
2 0.695357 0.905457 0.022143 0.024112
0 0.692143 0.935279 0.020000 0.020305
0 0.797143 0.890863 0.021429 0.015228
0 0.415000 0.917513 0.011429 0.032995
0 0.428214 0.788706 0.009286 0.026650
0 0.427857 0.706218 0.011429 0.024112
0 0.435714 0.605964 0.012857 0.021574
0 0.412500 0.625000 0.016429 0.019036
0 0.359643 0.647208 0.019286 0.015228
0 0.336786 0.628173 0.017857 0.015228
0 0.288214 0.621827 0.017857 0.012690
2 0.371071 0.718909 0.025000 0.024112
0 0.230714 0.623096 0.017143 0.015228
0 0.220000 0.546954 0.010000 0.017766
0 0.206429 0.545685 0.011429 0.017766
0 0.181786 0.543147 0.012143 0.020305
1 0.052500 0.817259 0.053571 0.040609
0 0.141071 0.618020 0.016429 0.012690
1 0.125357 0.602157 0.029286 0.021574
0 0.152500 0.539975 0.010714 0.016497
0 0.144643 0.541244 0.012143 0.016497
0 0.056786 0.539340 0.015000 0.012690
0 0.006071 0.526015 0.012143 0.011421
0 0.021786 0.501269 0.010714 0.017766
0 0.030357 0.501269 0.012143 0.020305
0 0.035000 0.503173 0.010000 0.021574
0 0.087500 0.506980 0.012143 0.021574
0 0.071429 0.471447 0.017143 0.011421
0 0.103214 0.379442 0.015000 0.015228
0 0.131429 0.319797 0.018571 0.015228
0 0.157500 0.275381 0.012143 0.017766
