0 0.914643 0.787619 0.045000 0.057143
0 0.780357 0.601905 0.042143 0.051429
0 0.711071 0.546667 0.035000 0.045714
2 0.785000 0.526190 0.055714 0.060000
0 0.580357 0.553810 0.032143 0.052381
0 0.651429 0.423333 0.035714 0.044762
0 0.592500 0.343333 0.033571 0.039048
0 0.485714 0.245238 0.030000 0.037143
0 0.490714 0.200952 0.028571 0.040000
0 0.443571 0.124286 0.025714 0.035238
2 0.227500 0.030952 0.026429 0.037143
0 0.354643 0.371905 0.035000 0.031429
0 0.366071 0.420000 0.036429 0.032381
0 0.271071 0.537619 0.040714 0.035238
