7 0.207143 0.336294 0.007143 0.012690
7 0.218214 0.349619 0.007857 0.011421
7 0.245000 0.373096 0.007143 0.010152
6 0.476429 0.108503 0.014286 0.034264
6 0.505357 0.096447 0.017857 0.040609
6 0.515000 0.103426 0.014286 0.039340
6 0.525714 0.018401 0.011429 0.036802
6 0.536071 0.019670 0.012143 0.036802
6 0.566071 0.023477 0.037857 0.046954
6 0.565714 0.034898 0.027143 0.041878
6 0.557143 0.041878 0.035714 0.045685
6 0.557143 0.053934 0.035714 0.044416
6 0.559286 0.069162 0.034286 0.046954
6 0.551071 0.075508 0.039286 0.041878
6 0.560714 0.098985 0.022857 0.030457
6 0.554286 0.107234 0.027143 0.036802
6 0.548929 0.118020 0.039286 0.048223
6 0.545357 0.129442 0.039286 0.045685
6 0.546786 0.144036 0.036429 0.044416
6 0.650357 0.060279 0.022143 0.067259
1 0.610357 0.012690 0.009286 0.017766
1 0.613571 0.040609 0.010000 0.020305
2 0.630000 0.093274 0.010000 0.021574
2 0.662143 0.159898 0.011429 0.025381
1 0.617143 0.194162 0.018571 0.015228
1 0.828214 0.173858 0.017857 0.020305
1 0.687857 0.199239 0.012857 0.025381
1 0.671071 0.236675 0.013571 0.026650
1 0.726786 0.328046 0.015000 0.031726
1 0.706071 0.362310 0.015000 0.029188
1 0.795714 0.462563 0.021429 0.019036
6 0.781071 0.496193 0.040714 0.111675
2 0.949286 0.444162 0.025714 0.022843
1 0.923929 0.243020 0.020714 0.016497
2 0.908929 0.210660 0.019286 0.020305
2 0.858571 0.786802 0.022857 0.055838
6 0.710357 0.502538 0.043571 0.038071
2 0.666429 0.520939 0.024286 0.024112
2 0.550714 0.420051 0.021429 0.022843
1 0.626429 0.533629 0.024286 0.021574
1 0.452500 0.494289 0.020714 0.024112
2 0.385714 0.560279 0.022857 0.029188
6 0.496071 0.627538 0.059286 0.067259
1 0.450000 0.715102 0.025714 0.031726
2 0.506429 0.667513 0.024286 0.030457
2 0.389286 0.719543 0.025714 0.032995
2 0.259643 0.708756 0.023571 0.029188
1 0.277143 0.845178 0.027143 0.035533
1 0.496429 0.980330 0.027143 0.021574
2 0.455714 0.951777 0.015714 0.048223
3 0.303571 0.909898 0.042857 0.050761
1 0.226429 0.902919 0.030000 0.036802
1 0.160714 0.989848 0.028571 0.017766
1 0.095000 0.986675 0.027143 0.024112
2 0.150714 0.801396 0.025714 0.031726
3 0.041429 0.956853 0.064286 0.063452
6 0.193571 0.549492 0.052857 0.060914
1 0.221786 0.506345 0.023571 0.025381
1 0.255714 0.479061 0.021429 0.026650
1 0.283571 0.450508 0.018571 0.025381
1 0.309643 0.421320 0.020714 0.022843
1 0.363571 0.362944 0.017143 0.022843
1 0.386786 0.330584 0.017857 0.024112
2 0.339286 0.390863 0.021429 0.027919
6 0.414286 0.284898 0.035714 0.064721
1 0.731071 0.708756 0.025000 0.024112
