0 0.639643 0.804286 0.095000 0.220000
0 0.732143 0.637143 0.154286 0.095238
0 0.698571 0.560952 0.138571 0.085714
0 0.688214 0.495714 0.089286 0.071429
0 0.675714 0.367143 0.080000 0.079048
0 0.182857 0.535238 0.095714 0.146667
2 0.248929 0.328095 0.096429 0.149524
0 0.301786 0.188571 0.057857 0.049524
0 0.533929 0.144762 0.049286 0.036190
0 0.478929 0.125714 0.027857 0.036190
0 0.448571 0.038095 0.018571 0.022857
0 0.358214 0.032857 0.020714 0.029524
1 0.055000 0.156667 0.110000 0.086667
0 0.496071 0.035238 0.017857 0.028571
0 0.458571 0.012381 0.015714 0.020952
