0 0.242500 0.821905 0.039286 0.040000
0 0.270357 0.887143 0.049286 0.054286
0 0.289286 0.790000 0.045714 0.050476
0 0.396071 0.806190 0.029286 0.052381
0 0.510714 0.707143 0.041429 0.042857
0 0.590000 0.624762 0.011429 0.017143
2 0.658214 0.621429 0.043571 0.040952
0 0.685000 0.508095 0.038571 0.048571
0 0.703214 0.521905 0.033571 0.041905
0 0.718929 0.544286 0.043571 0.046667
2 0.730357 0.565714 0.046429 0.051429
0 0.764643 0.512381 0.036429 0.040000
0 0.759286 0.486667 0.035714 0.040000
2 0.799643 0.440000 0.040714 0.034286
0 0.815357 0.423333 0.036429 0.040952
0 0.874286 0.293333 0.018571 0.041905
0 0.961071 0.454286 0.045000 0.034286
0 0.834643 0.979048 0.033571 0.041905
0 0.729286 0.956190 0.047143 0.055238
