2 0.640750 0.888667 0.223500 0.216000
2 0.380000 0.803000 0.081000 0.346000
1 0.449750 0.722000 0.027500 0.073333
0 0.375250 0.492333 0.018500 0.024667
0 0.374750 0.426667 0.013500 0.020000
0 0.378000 0.410000 0.013000 0.016000
0 0.375500 0.399000 0.009000 0.012667
2 0.375250 0.381000 0.013500 0.030000
0 0.452000 0.399667 0.024000 0.014000
2 0.405750 0.371000 0.011500 0.019333
0 0.395250 0.336333 0.009500 0.011333
0 0.396750 0.345667 0.004500 0.007333
0 0.401750 0.352000 0.006500 0.008000
0 0.403250 0.356000 0.006500 0.006667
2 0.425000 0.378000 0.014000 0.020000
0 0.784000 0.512667 0.037000 0.020000
0 0.759000 0.486333 0.036000 0.023333
0 0.604500 0.407667 0.021000 0.016667
0 0.583250 0.400000 0.021500 0.013333
0 0.589500 0.429333 0.032000 0.017333
0 0.565750 0.425333 0.027500 0.014667
0 0.508500 0.363000 0.009000 0.008667
0 0.490750 0.354000 0.015500 0.013333
0 0.522750 0.369333 0.018500 0.012000
0 0.835750 0.615667 0.063500 0.035333
0 0.638500 0.484000 0.082000 0.054667
