0 0.557500 0.585333 0.039000 0.038667
0 0.506000 0.532000 0.030000 0.034667
0 0.447500 0.502000 0.028000 0.026667
0 0.460500 0.482000 0.024000 0.022667
0 0.448500 0.467333 0.016000 0.020000
0 0.440500 0.455667 0.018000 0.019333
0 0.429750 0.442333 0.022500 0.019333
2 0.390000 0.282333 0.008000 0.010000
0 0.376000 0.302667 0.007000 0.008000
0 0.390750 0.388667 0.011500 0.014667
2 0.384750 0.372667 0.012500 0.020000
0 0.379500 0.351000 0.011000 0.010000
0 0.380500 0.329667 0.007000 0.008667
0 0.380000 0.321333 0.011000 0.009333
0 0.338250 0.363333 0.010500 0.010667
0 0.344000 0.332333 0.008000 0.010000
0 0.330000 0.307667 0.006000 0.007333
0 0.334250 0.306333 0.005500 0.007333
0 0.301750 0.354000 0.011500 0.012000
0 0.258750 0.385333 0.010500 0.014667
0 0.196500 0.575667 0.062000 0.035333
0 0.174000 0.546333 0.052000 0.030000
0 0.248500 0.520667 0.023000 0.029333
0 0.253750 0.494667 0.031500 0.025333
0 0.254000 0.478333 0.037000 0.027333
0 0.248250 0.464000 0.019500 0.020000
0 0.252000 0.416000 0.020000 0.017333
0 0.254000 0.406333 0.014000 0.015333
0 0.150250 0.380667 0.020500 0.010667
0 0.154000 0.375333 0.021000 0.014667
0 0.157750 0.373000 0.023500 0.014000
0 0.162750 0.368333 0.022500 0.014000
0 0.110000 0.362000 0.011000 0.012000
2 0.162250 0.339333 0.043500 0.018667
2 0.120250 0.339667 0.032500 0.016667
