0 0.494286 0.715102 0.037143 0.059645
0 0.458214 0.703046 0.029286 0.053299
0 0.675000 0.574873 0.027143 0.058376
0 0.666071 0.766497 0.032143 0.073604
0 0.587857 0.877538 0.038571 0.077411
0 0.335000 0.970178 0.050000 0.057107
0 0.718929 0.549492 0.020714 0.058376
0 0.591429 0.187817 0.022857 0.025381
0 0.752143 0.297589 0.017143 0.039340
0 0.748214 0.417513 0.015000 0.045685
0 0.756071 0.198604 0.017857 0.026650
0 0.773929 0.148477 0.013571 0.022843
0 0.785357 0.109137 0.010714 0.017766
0 0.773929 0.042513 0.007857 0.021574
0 0.763214 0.072335 0.012143 0.020305
0 0.749286 0.140228 0.011429 0.019036
0 0.735714 0.135787 0.012857 0.020305
1 0.783214 0.263959 0.033571 0.104061
1 0.810357 0.153553 0.025000 0.081218
0 0.818214 0.059010 0.012143 0.021574
0 0.829286 0.036802 0.011429 0.035533
0 0.795000 0.019036 0.008571 0.022843
