0 0.274643 0.525381 0.016429 0.048223
0 0.344286 0.500635 0.018571 0.052030
0 0.276786 0.796320 0.026429 0.069797
0 0.270000 0.172589 0.010000 0.017766
0 0.297500 0.121193 0.007857 0.013959
0 0.255714 0.123096 0.007143 0.015228
0 0.226071 0.233503 0.009286 0.017766
0 0.219286 0.326142 0.011429 0.020305
0 0.228571 0.204315 0.010000 0.015228
0 0.230000 0.215736 0.010000 0.017766
0 0.583571 0.261421 0.012857 0.020305
0 0.865357 0.213198 0.017857 0.015228
0 0.782143 0.240482 0.022857 0.016497
0 0.449286 0.373731 0.027143 0.021574
0 0.446786 0.362310 0.029286 0.019036
0 0.311071 0.095812 0.006429 0.011421
0 0.485000 0.363579 0.024286 0.021574
0 0.707857 0.269036 0.025714 0.017766
0 0.787500 0.248096 0.025000 0.016497
0 0.807143 0.232234 0.024286 0.017766
0 0.851071 0.228426 0.019286 0.015228
0 0.879643 0.218909 0.023571 0.019036
0 0.836429 0.223985 0.018571 0.016497
1 0.746429 0.244924 0.035714 0.027919
0 0.639286 0.278553 0.022857 0.016497
1 0.421786 0.322335 0.069286 0.048223
0 0.368929 0.236041 0.010714 0.017766
