1 0.301786 0.642381 0.029286 0.018095
1 0.305714 0.666190 0.030000 0.020000
1 0.305000 0.691905 0.028571 0.018095
1 0.307500 0.718095 0.029286 0.019048
1 0.308214 0.740000 0.027857 0.020952
1 0.305000 0.762381 0.028571 0.018095
1 0.307143 0.781905 0.030000 0.015238
1 0.310714 0.803810 0.024286 0.019048
2 0.311786 0.824762 0.029286 0.019048
1 0.386429 0.697143 0.027143 0.020952
2 0.385000 0.719524 0.030000 0.018095
1 0.391071 0.762857 0.026429 0.022857
1 0.389286 0.786190 0.028571 0.018095
1 0.463571 0.289048 0.030000 0.023810
3 0.580000 0.090952 0.021429 0.092381
1 0.597143 0.895238 0.011429 0.041905
1 0.790357 0.937143 0.013571 0.040000
1 0.812143 0.749524 0.018571 0.040000
1 0.856429 0.814286 0.028571 0.020952
1 0.862500 0.849524 0.026429 0.019048
1 0.922857 0.829524 0.025714 0.022857
1 0.852857 0.705238 0.025714 0.021905
1 0.851786 0.688095 0.029286 0.018095
1 0.848214 0.595238 0.027857 0.019048
1 0.911071 0.606190 0.030714 0.020000
1 0.912857 0.643333 0.028571 0.018095
2 0.850714 0.670952 0.027143 0.018095
1 0.749643 0.447619 0.015000 0.034286
7 0.755000 0.342857 0.008571 0.015238
