0 0.734000 0.236667 0.025000 0.012000
0 0.723000 0.243333 0.028000 0.014667
0 0.750750 0.269667 0.019500 0.019333
0 0.675500 0.307333 0.049000 0.021333
0 0.672000 0.312000 0.050000 0.022667
0 0.671750 0.334333 0.056500 0.027333
0 0.680750 0.344000 0.058500 0.030667
0 0.749500 0.392667 0.066000 0.037333
0 0.665000 0.388000 0.073000 0.032000
0 0.667000 0.402000 0.072000 0.028000
0 0.668250 0.419333 0.077500 0.037333
0 0.688000 0.509333 0.110000 0.069333
0 0.691500 0.623000 0.171000 0.090000
0 0.522250 0.619667 0.138500 0.092667
0 0.629000 0.814667 0.240000 0.146667
0 0.365500 0.781000 0.201000 0.135333
2 0.310500 0.559333 0.206000 0.161333
0 0.034250 0.418333 0.068500 0.080667
2 0.216500 0.341333 0.122000 0.069333
