1 0.046071 0.358571 0.073571 0.090476
1 0.356429 0.755714 0.095714 0.117143
1 0.531071 0.907143 0.065000 0.174286
1 0.536786 0.514286 0.073571 0.087619
1 0.600714 0.594762 0.058571 0.113333
1 0.745357 0.460952 0.062143 0.095238
1 0.642857 0.396667 0.055714 0.082857
1 0.670000 0.452381 0.062857 0.093333
1 0.866429 0.066190 0.060000 0.080952
1 0.836071 0.302381 0.056429 0.082857
3 0.166429 0.946190 0.144286 0.107619
2 0.370357 0.027143 0.067857 0.050476
2 0.505357 0.019048 0.056429 0.032381
7 0.095000 0.227143 0.022857 0.031429
