1 0.577500 0.940476 0.189286 0.119048
1 0.596429 0.797619 0.201429 0.117143
1 0.597143 0.646190 0.165714 0.107619
1 0.551429 0.534286 0.174286 0.112381
1 0.419286 0.778571 0.095714 0.282857
1 0.283214 0.750000 0.096429 0.261905
2 0.306071 0.474286 0.112143 0.240000
1 0.279643 0.259524 0.075000 0.178095
1 0.573571 0.418571 0.177143 0.113333
1 0.553214 0.314762 0.166429 0.107619
1 0.533929 0.220000 0.162143 0.102857
1 0.535000 0.113810 0.158571 0.113333
1 0.401071 0.126667 0.086429 0.182857
1 0.784643 0.110000 0.139286 0.159048
