6 0.889286 0.904188 0.147143 0.176396
6 0.761071 0.949873 0.083571 0.097716
6 0.733214 0.644036 0.059286 0.171320
6 0.742143 0.501269 0.052857 0.124365
6 0.642500 0.814721 0.086429 0.129442
6 0.542143 0.927665 0.092857 0.142132
6 0.618214 0.546954 0.037857 0.111675
6 0.392143 0.844543 0.080000 0.118020
6 0.301071 0.769670 0.077857 0.107868
6 0.371429 0.705584 0.071429 0.104061
6 0.436429 0.649112 0.065714 0.100254
6 0.495357 0.588198 0.057857 0.102792
6 0.547500 0.526650 0.050714 0.101523
6 0.525714 0.497462 0.052857 0.091371
6 0.472143 0.550127 0.061429 0.085025
6 0.413571 0.600888 0.065714 0.090102
6 0.349286 0.655457 0.070000 0.102792
6 0.280357 0.715736 0.076429 0.101523
2 0.246071 0.605330 0.050714 0.058376
1 0.200000 0.581218 0.037143 0.053299
1 0.636429 0.473985 0.037143 0.026650
1 0.631429 0.437183 0.051429 0.039340
1 0.580357 0.347716 0.037857 0.050761
1 0.668929 0.253807 0.027857 0.050761
1 0.516786 0.277919 0.032143 0.045685
1 0.545357 0.152284 0.019286 0.035533
1 0.568214 0.164975 0.015000 0.035533
1 0.591429 0.174492 0.015714 0.039340
1 0.618929 0.180203 0.026429 0.043147
1 0.637857 0.201142 0.025714 0.036802
2 0.661071 0.210660 0.036429 0.050761
3 0.669286 0.112944 0.052857 0.068528
2 0.457500 0.178299 0.040714 0.041878
3 0.330357 0.269036 0.065000 0.048223
3 0.021786 0.399112 0.040714 0.059645
3 0.337143 0.197970 0.060000 0.048223
2 0.258214 0.235406 0.043571 0.036802
1 0.399286 0.163706 0.018571 0.032995
3 0.413571 0.251904 0.020000 0.049492
3 0.467857 0.253807 0.031429 0.048223
3 0.493571 0.260152 0.028571 0.058376
2 0.542500 0.186548 0.039286 0.050761
1 0.759286 0.447970 0.040000 0.053299
