1 0.496429 0.765238 0.030000 0.086667
1 0.486786 0.939048 0.036429 0.121905
1 0.590000 0.765238 0.024286 0.073333
1 0.673929 0.729524 0.025000 0.064762
1 0.505000 0.593333 0.020000 0.055238
2 0.408571 0.576667 0.022857 0.054286
1 0.477857 0.320952 0.014286 0.022857
2 0.551786 0.542381 0.016429 0.033333
1 0.371429 0.715238 0.031429 0.064762
1 0.425000 0.512857 0.022857 0.040952
1 0.453571 0.409048 0.015714 0.027619
1 0.655000 0.569524 0.020000 0.040000
1 0.384643 0.299524 0.015000 0.018095
1 0.425357 0.205714 0.019286 0.011429
1 0.460000 0.183333 0.015714 0.012381
1 0.461786 0.209048 0.019286 0.012381
1 0.497143 0.239048 0.010000 0.015238
1 0.545000 0.217143 0.008571 0.017143
1 0.562143 0.169048 0.017143 0.012381
1 0.410714 0.144762 0.011429 0.011429
1 0.420000 0.231905 0.008571 0.012381
1 0.394286 0.277619 0.010000 0.014286
1 0.423571 0.220000 0.010000 0.015238
1 0.456071 0.221429 0.016429 0.010476
1 0.454286 0.229524 0.020000 0.009524
1 0.452857 0.238095 0.018571 0.011429
1 0.444643 0.260952 0.019286 0.011429
1 0.446071 0.252381 0.022143 0.011429
1 0.402500 0.261429 0.013571 0.020000
1 0.429286 0.296190 0.022857 0.013333
1 0.431786 0.290476 0.022143 0.015238
1 0.377143 0.331905 0.021429 0.018095
1 0.443929 0.073810 0.013571 0.012381
7 0.450714 0.095238 0.011429 0.007619
7 0.502857 0.177143 0.005714 0.009524
5 0.513571 0.228095 0.005714 0.014286
1 0.643214 0.453333 0.017857 0.030476
1 0.583214 0.267143 0.009286 0.016190
1 0.620357 0.226667 0.010714 0.017143
1 0.623571 0.261905 0.010000 0.013333
7 0.611429 0.258095 0.002857 0.011429
7 0.632500 0.327619 0.005000 0.013333
1 0.639286 0.275714 0.007143 0.014286
