1 0.284750 0.915667 0.089500 0.168667
2 0.265750 0.763333 0.066500 0.158667
1 0.260500 0.582000 0.040000 0.081333
1 0.262500 0.516000 0.041000 0.072000
1 0.246000 0.456667 0.051000 0.052000
1 0.287000 0.443333 0.057000 0.053333
2 0.319750 0.377667 0.058500 0.042000
1 0.319750 0.306000 0.048500 0.033333
1 0.455250 0.340000 0.052500 0.033333
1 0.525250 0.343333 0.054500 0.030667
1 0.623250 0.388000 0.056500 0.040000
1 0.610750 0.334000 0.057500 0.030667
1 0.708250 0.326667 0.061500 0.029333
0 0.496750 0.456333 0.012500 0.030000
1 0.232000 0.283667 0.040000 0.024667
1 0.180250 0.264333 0.037500 0.027333
