1 0.358571 0.730000 0.081429 0.096190
1 0.234643 0.639524 0.079286 0.046667
1 0.122857 0.637619 0.091429 0.044762
2 0.155714 0.581429 0.092857 0.050476
1 0.240357 0.543333 0.069286 0.042857
1 0.277500 0.494286 0.067857 0.041905
1 0.323929 0.600952 0.070714 0.055238
1 0.393214 0.569048 0.075000 0.054286
1 0.603571 0.594286 0.077143 0.057143
1 0.581786 0.652857 0.083571 0.060000
1 0.601429 0.503810 0.078571 0.041905
1 0.770357 0.622857 0.086429 0.064762
1 0.957857 0.661429 0.084286 0.054286
1 0.493929 0.347143 0.022143 0.040952
1 0.527143 0.353333 0.020000 0.040000
1 0.560357 0.355238 0.020714 0.045714
1 0.493214 0.297619 0.017857 0.039048
1 0.557857 0.307619 0.020000 0.038095
1 0.527500 0.318095 0.020714 0.034286
1 0.498571 0.270000 0.017143 0.033333
1 0.525357 0.283333 0.020714 0.035238
1 0.552857 0.270476 0.018571 0.036190
1 0.524643 0.246667 0.019286 0.032381
1 0.501786 0.239048 0.016429 0.026667
1 0.501786 0.213333 0.016429 0.022857
1 0.503214 0.187619 0.015000 0.028571
1 0.543214 0.177143 0.017857 0.026667
1 0.576786 0.069048 0.009286 0.014286
1 0.551786 0.076190 0.012143 0.011429
1 0.565000 0.073810 0.010000 0.010476
1 0.564286 0.066190 0.008571 0.012381
1 0.549643 0.068095 0.010714 0.010476
7 0.600000 0.781429 0.032857 0.020000
7 0.658571 0.769048 0.034286 0.018095
7 0.723214 0.781905 0.035000 0.015238
7 0.797143 0.740952 0.031429 0.019048
7 0.883929 0.770476 0.029286 0.017143
0 0.210357 0.894762 0.016429 0.031429
0 0.181071 0.948095 0.026429 0.060000
7 0.245714 0.708095 0.032857 0.020000
7 0.926786 0.749048 0.029286 0.027619
7 0.918929 0.905238 0.022143 0.056190
1 0.025714 0.631429 0.050000 0.047619
