3 0.352250 0.762333 0.073500 0.272667
7 0.459250 0.769000 0.019500 0.046000
7 0.563500 0.717667 0.015000 0.050000
1 0.609000 0.704667 0.055000 0.134667
4 0.508250 0.571333 0.016500 0.061333
3 0.444000 0.504667 0.041000 0.137333
0 0.490250 0.482333 0.011500 0.035333
4 0.448500 0.376333 0.035000 0.102000
3 0.598250 0.387333 0.074500 0.085333
2 0.560500 0.323000 0.036000 0.075333
7 0.518750 0.286667 0.011500 0.030667
7 0.432000 0.264667 0.015000 0.033333
3 0.528500 0.134000 0.031000 0.070667
2 0.401500 0.153667 0.069000 0.054000
7 0.450750 0.154333 0.008500 0.023333
1 0.438750 0.095333 0.025500 0.058667
0 0.502250 0.099000 0.008500 0.026000
4 0.484750 0.061000 0.012500 0.030000
7 0.494750 0.030333 0.009500 0.026000
7 0.446000 0.047333 0.007000 0.024000
3 0.412750 0.036333 0.055500 0.040667
1 0.458750 0.015333 0.022500 0.030667
