0 0.294286 0.984762 0.030000 0.030476
0 0.323571 0.981429 0.024286 0.037143
0 0.312857 0.936667 0.024286 0.037143
0 0.361071 0.844286 0.015000 0.025714
2 0.445714 0.670476 0.008571 0.022857
0 0.405714 0.660952 0.008571 0.009524
0 0.386429 0.677143 0.007143 0.007619
2 0.453929 0.605714 0.003571 0.005714
0 0.423214 0.600476 0.003571 0.004762
2 0.417857 0.567143 0.002857 0.004762
0 0.422500 0.570000 0.002143 0.002857
0 0.435714 0.571429 0.002857 0.003810
0 0.440000 0.584286 0.002857 0.002857
0 0.441429 0.587619 0.002857 0.003810
0 0.444286 0.591905 0.002857 0.002857
0 0.462143 0.593333 0.002857 0.003810
2 0.447143 0.583810 0.005714 0.009524
0 0.423214 0.554762 0.002143 0.002857
0 0.417857 0.551905 0.002857 0.002857
0 0.408929 0.548571 0.002143 0.003810
