0 0.186429 0.391497 0.022857 0.067259
0 0.201071 0.357234 0.017857 0.054569
0 0.242857 0.336929 0.022857 0.057107
0 0.291071 0.342640 0.020714 0.060914
0 0.315357 0.322970 0.023571 0.057107
0 0.425357 0.274112 0.020714 0.053299
0 0.447143 0.265863 0.024286 0.072335
0 0.141071 0.659898 0.040714 0.050761
0 0.154286 0.621827 0.045714 0.048223
0 0.169286 0.586929 0.041429 0.039340
0 0.398929 0.772843 0.033571 0.078680
0 0.395357 0.500000 0.029286 0.071066
0 0.195714 0.540609 0.027143 0.038071
0 0.128929 0.718274 0.042143 0.086294
0 0.161429 0.716371 0.040000 0.085025
0 0.205000 0.607868 0.032857 0.073604
0 0.265714 0.529188 0.031429 0.065990
0 0.306429 0.557107 0.025714 0.071066
0 0.317143 0.605964 0.035714 0.085025
0 0.331071 0.499365 0.036429 0.064721
0 0.237143 0.600254 0.042857 0.104061
0 0.258929 0.623096 0.045000 0.109137
0 0.951071 0.313452 0.020714 0.063452
0 0.974643 0.078680 0.027857 0.045685
0 0.822500 0.253173 0.040714 0.039340
0 0.834286 0.284264 0.038571 0.035533
0 0.602500 0.213832 0.037857 0.036802
0 0.557857 0.190990 0.025714 0.052030
0 0.539643 0.201777 0.023571 0.055838
0 0.574643 0.185914 0.022143 0.052030
0 0.594643 0.174492 0.022143 0.052030
0 0.613929 0.166244 0.026429 0.050761
0 0.630714 0.151015 0.025714 0.050761
0 0.644643 0.143401 0.025000 0.048223
0 0.655357 0.181472 0.035000 0.038071
0 0.687857 0.163706 0.027143 0.038071
0 0.725714 0.130711 0.025714 0.045685
0 0.712857 0.137690 0.021429 0.049492
0 0.737857 0.122462 0.022857 0.044416
0 0.659286 0.132614 0.022857 0.052030
0 0.674286 0.128173 0.022857 0.050761
0 0.523929 0.212563 0.025000 0.054569
0 0.497857 0.244924 0.024286 0.058376
0 0.478214 0.258249 0.023571 0.054569
2 0.271071 0.752538 0.039286 0.109137
2 0.317857 0.735406 0.078571 0.196701
1 0.976429 0.938452 0.042857 0.120558
