0 0.548929 0.726523 0.029286 0.082487
0 0.516429 0.561548 0.028571 0.067259
0 0.577857 0.491751 0.028571 0.057107
0 0.625714 0.343909 0.020000 0.045685
0 0.671071 0.225254 0.015000 0.039340
0 0.674286 0.078680 0.014286 0.027919
0 0.622143 0.049492 0.015714 0.030457
0 0.581071 0.076142 0.016429 0.025381
0 0.698929 0.057741 0.012143 0.029188
0 0.681786 0.178934 0.016429 0.030457
0 0.662500 0.279188 0.016429 0.043147
0 0.618571 0.263959 0.017143 0.038071
0 0.626786 0.227792 0.016429 0.029188
1 0.556071 0.878173 0.063571 0.241117
