2 0.600000 0.325238 0.021429 0.029524
0 0.578929 0.311905 0.015000 0.012381
0 0.604286 0.359048 0.015714 0.019048
0 0.550714 0.294286 0.011429 0.011429
0 0.525357 0.269048 0.010714 0.010476
0 0.440000 0.379048 0.011429 0.019048
0 0.434643 0.416667 0.012143 0.018095
0 0.431071 0.434286 0.013571 0.022857
0 0.335714 0.478571 0.038571 0.023810
0 0.331786 0.495238 0.040714 0.019048
2 0.412143 0.378571 0.017143 0.037143
2 0.407143 0.411429 0.015714 0.030476
0 0.177500 0.600952 0.037857 0.047619
2 0.543571 0.217143 0.011429 0.011429
2 0.504643 0.193810 0.006429 0.010476
2 0.589643 0.200476 0.009286 0.016190
0 0.596786 0.212381 0.006429 0.005714
2 0.628929 0.257143 0.007857 0.019048
2 0.616071 0.235714 0.010714 0.021905
2 0.648571 0.276667 0.010000 0.014286
