1 0.080115 0.091373 0.049582 0.041744
2 0.029228 0.219852 0.034447 0.059369
2 0.059760 0.212894 0.025574 0.052876
1 0.352818 0.679499 0.063674 0.062152
7 0.372651 0.526902 0.016701 0.022263
7 0.373434 0.511596 0.019311 0.015770
7 0.341336 0.747217 0.021921 0.019481
7 0.362996 0.766698 0.021399 0.015770
7 0.328549 0.718460 0.021399 0.017625
7 0.342119 0.866883 0.020355 0.021336
0 0.338205 0.889610 0.017745 0.022263
7 0.417797 0.897495 0.008873 0.025046
1 0.432411 0.944805 0.036013 0.108534
1 0.416754 0.342301 0.046451 0.046382
1 0.433194 0.273191 0.043841 0.039889
1 0.391701 0.059833 0.041232 0.041744
1 0.474165 0.127087 0.021399 0.055659
1 0.588205 0.065863 0.043841 0.038961
1 0.580376 0.113173 0.041754 0.040816
1 0.575939 0.141002 0.042276 0.040816
1 0.547495 0.241187 0.046973 0.044527
1 0.549322 0.275046 0.045407 0.045455
1 0.539927 0.323284 0.049582 0.045455
1 0.531315 0.358071 0.052192 0.046382
1 0.520877 0.395640 0.052192 0.047310
1 0.512787 0.437384 0.055846 0.045455
5 0.844990 0.903989 0.034447 0.086271
1 0.970511 0.872913 0.044363 0.124304
