0 0.425000 0.586667 0.015714 0.019048
3 0.711071 0.138571 0.035000 0.056190
3 0.733214 0.171905 0.022143 0.042857
3 0.761071 0.111905 0.029286 0.050476
6 0.815357 0.019524 0.016429 0.025714
6 0.787857 0.071429 0.021429 0.038095
1 0.766071 0.080000 0.010714 0.015238
1 0.827857 0.004762 0.008571 0.007619
1 0.630000 0.105238 0.020000 0.016190
2 0.496786 0.124286 0.022143 0.012381
1 0.493214 0.133810 0.022143 0.012381
1 0.467857 0.168095 0.021429 0.014286
1 0.356786 0.204286 0.020714 0.025714
1 0.432500 0.188095 0.022143 0.018095
7 0.424286 0.202857 0.010000 0.007619
1 0.368929 0.338571 0.032143 0.037143
