6 0.578929 0.486675 0.097857 0.095178
1 0.712143 0.538706 0.062857 0.064721
6 0.792857 0.087563 0.095714 0.159898
1 0.640000 0.567259 0.058571 0.065990
1 0.576429 0.595812 0.050000 0.059645
2 0.505714 0.618655 0.064286 0.069797
1 0.372500 0.666244 0.066429 0.068528
2 0.426429 0.550761 0.044286 0.101523
6 0.254643 0.711929 0.119286 0.124365
3 0.098929 0.782360 0.099286 0.118020
1 0.278214 0.267766 0.036429 0.073604
3 0.237143 0.283629 0.032857 0.105330
1 0.201429 0.303934 0.024286 0.082487
2 0.013571 0.830584 0.025714 0.067259
7 0.680357 0.447970 0.016429 0.053299
7 0.691786 0.446066 0.013571 0.052030
7 0.700357 0.440990 0.015000 0.054569
7 0.710357 0.438452 0.015000 0.054569
7 0.725000 0.429569 0.015714 0.057107
7 0.735714 0.431472 0.012857 0.045685
7 0.747143 0.428934 0.014286 0.035533
7 0.758214 0.420685 0.016429 0.054569
7 0.767857 0.413706 0.014286 0.048223
7 0.778929 0.408629 0.016429 0.048223
