2 0.580000 0.170667 0.016000 0.014667
1 0.593500 0.189667 0.023000 0.011333
1 0.739750 0.271667 0.042500 0.022000
7 0.772500 0.244667 0.015000 0.013333
2 0.806500 0.224333 0.014000 0.022000
1 0.827500 0.159667 0.009000 0.010000
2 0.806000 0.148667 0.007000 0.010667
2 0.796000 0.149333 0.008000 0.010667
1 0.878000 0.279000 0.029000 0.030000
1 0.852750 0.296667 0.031500 0.026667
2 0.825250 0.309000 0.030500 0.036667
1 0.794000 0.325000 0.044000 0.039333
1 0.747750 0.355000 0.043500 0.036667
1 0.690500 0.385333 0.051000 0.046667
2 0.837000 0.390333 0.041000 0.050000
2 0.746500 0.447333 0.055000 0.058667
1 0.791000 0.517333 0.076000 0.058667
1 0.716500 0.503000 0.078000 0.074000
1 0.686500 0.537333 0.097000 0.066667
2 0.639750 0.347667 0.038500 0.043333
1 0.645750 0.411333 0.055500 0.040000
1 0.604500 0.374000 0.047000 0.037333
1 0.603250 0.346000 0.037500 0.032000
1 0.575000 0.341333 0.031000 0.032000
1 0.546750 0.336667 0.039500 0.033333
2 0.516000 0.362000 0.026000 0.038667
1 0.580500 0.418667 0.035000 0.049333
1 0.537500 0.429333 0.038000 0.045333
4 0.560000 0.454333 0.048000 0.038000
7 0.649250 0.439667 0.015500 0.024667
3 0.490250 0.427333 0.030500 0.061333
1 0.442250 0.430333 0.033500 0.048667
4 0.322500 0.380333 0.035000 0.027333
2 0.373750 0.448000 0.072500 0.050667
1 0.308250 0.434000 0.048500 0.060000
1 0.269250 0.433667 0.042500 0.044667
2 0.235750 0.400333 0.065500 0.048667
1 0.201750 0.435333 0.073500 0.049333
5 0.177000 0.455667 0.045000 0.030000
1 0.129250 0.428000 0.067500 0.041333
1 0.057000 0.417667 0.071000 0.039333
1 0.173750 0.484333 0.076500 0.060667
2 0.308500 0.736667 0.114000 0.130667
1 0.333250 0.520000 0.070500 0.053333
1 0.335000 0.575333 0.088000 0.060000
2 0.450750 0.762333 0.088500 0.142000
1 0.659000 0.570667 0.111000 0.074667
2 0.579000 0.611000 0.103000 0.071333
7 0.540000 0.549000 0.023000 0.036667
0 0.608000 0.524333 0.023000 0.036667
