0 0.383214 0.793810 0.079286 0.176190
0 0.423929 0.605714 0.060714 0.127619
0 0.463214 0.468571 0.049286 0.074286
0 0.621071 0.702381 0.146429 0.100000
1 0.122143 0.622857 0.244286 0.371429
0 0.246429 0.437143 0.061429 0.083810
0 0.305357 0.332381 0.049286 0.057143
0 0.633571 0.379524 0.075714 0.052381
0 0.567143 0.348095 0.035714 0.056190
0 0.481429 0.340000 0.047143 0.078095
0 0.492857 0.300476 0.028571 0.040952
0 0.528571 0.247619 0.025714 0.034286
0 0.490000 0.244762 0.031429 0.032381
0 0.588929 0.273333 0.062143 0.036190
0 0.580000 0.295238 0.062857 0.036190
0 0.594286 0.313810 0.067143 0.035238
0 0.625714 0.336190 0.082857 0.041905
0 0.634643 0.358571 0.080714 0.037143
0 0.677143 0.226190 0.025714 0.033333
0 0.671786 0.185714 0.027857 0.030476
0 0.685714 0.169048 0.025714 0.025714
0 0.697143 0.188095 0.025714 0.033333
0 0.709286 0.140476 0.031429 0.023810
0 0.733571 0.144762 0.031429 0.020952
0 0.754643 0.145714 0.026429 0.022857
0 0.606786 0.048571 0.013571 0.015238
0 0.614286 0.134286 0.040000 0.022857
0 0.618929 0.130476 0.037857 0.020952
0 0.617500 0.123333 0.039286 0.018095
0 0.618214 0.120476 0.033571 0.023810
0 0.618929 0.117143 0.037857 0.022857
0 0.619643 0.113333 0.037857 0.020952
0 0.622857 0.107143 0.032857 0.016190
0 0.624286 0.100476 0.035714 0.018095
0 0.625357 0.099524 0.030714 0.021905
1 0.640357 0.090952 0.047857 0.027619
0 0.644286 0.079524 0.028571 0.016190
0 0.641429 0.077619 0.031429 0.021905
0 0.643214 0.073333 0.029286 0.015238
0 0.643571 0.069048 0.028571 0.021905
0 0.644643 0.063333 0.029286 0.018095
0 0.650714 0.061905 0.031429 0.019048
0 0.650000 0.060000 0.032857 0.019048
0 0.648571 0.057143 0.031429 0.019048
0 0.647500 0.051429 0.030714 0.017143
0 0.383214 0.202381 0.029286 0.044762
0 0.348214 0.261905 0.036429 0.043810
0 0.295000 0.255714 0.042857 0.040952
0 0.346071 0.129048 0.027857 0.033333
0 0.036786 0.379524 0.072143 0.071429
0 0.030357 0.337619 0.060714 0.039048
0 0.050714 0.322857 0.068571 0.040000
0 0.073214 0.302857 0.072143 0.034286
0 0.093214 0.288571 0.060714 0.032381
0 0.102857 0.272857 0.078571 0.035238
0 0.126071 0.261429 0.063571 0.031429
0 0.141786 0.243333 0.063571 0.033333
0 0.185000 0.250000 0.051429 0.046667
0 0.156071 0.230952 0.060714 0.033333
0 0.170714 0.216667 0.067143 0.031429
0 0.265714 0.182857 0.031429 0.034286
0 0.297500 0.139048 0.043571 0.024762
0 0.307857 0.134286 0.037143 0.024762
0 0.313571 0.127143 0.041429 0.027619
0 0.318214 0.115714 0.033571 0.021905
0 0.334286 0.113810 0.031429 0.018095
0 0.407143 0.091905 0.030000 0.021905
