1 0.797756 0.945733 0.055846 0.106679
1 0.902662 0.816790 0.055846 0.091837
1 0.987735 0.661874 0.023486 0.065863
1 0.929019 0.270408 0.026096 0.058442
1 0.959290 0.108534 0.019833 0.033395
2 0.795407 0.254174 0.033403 0.055659
1 0.738518 0.308905 0.036534 0.053803
1 0.577505 0.440167 0.037056 0.067718
7 0.591336 0.419759 0.019833 0.021336
3 0.397965 0.512059 0.041232 0.096475
7 0.381785 0.330241 0.010960 0.025974
7 0.394311 0.326067 0.009916 0.034323
1 0.342380 0.356679 0.029228 0.056586
1 0.264875 0.408627 0.027662 0.062152
1 0.234081 0.431818 0.031837 0.067718
1 0.176931 0.472635 0.029228 0.062152
1 0.034447 0.244898 0.043841 0.042672
3 0.052714 0.751855 0.045929 0.127087
1 0.255741 0.803803 0.037578 0.091837
1 0.318894 0.569573 0.031315 0.076067
1 0.462422 0.631725 0.036534 0.066790
1 0.442850 0.476345 0.034969 0.067718
