0 0.140714 0.936548 0.035714 0.065990
2 0.145000 0.671320 0.072857 0.043147
0 0.086429 0.611675 0.035714 0.035533
0 0.045714 0.734772 0.041429 0.045685
0 0.405357 0.672589 0.037857 0.035533
0 0.403214 0.628173 0.045000 0.035533
0 0.402143 0.588198 0.044286 0.034264
0 0.408929 0.545685 0.040714 0.038071
0 0.411786 0.512056 0.039286 0.031726
0 0.415000 0.478426 0.038571 0.032995
0 0.417857 0.416878 0.041429 0.036802
0 0.415357 0.383249 0.040714 0.030457
0 0.417143 0.352157 0.042857 0.034264
0 0.416429 0.264594 0.040000 0.036802
0 0.418929 0.237310 0.040714 0.032995
0 0.421786 0.208756 0.040714 0.036802
0 0.423929 0.154188 0.036429 0.034264
0 0.424286 0.126904 0.038571 0.035533
0 0.427143 0.100254 0.034286 0.032995
0 0.426071 0.023477 0.042143 0.036802
0 0.484286 0.043782 0.015714 0.054569
0 0.509286 0.252538 0.038571 0.032995
0 0.510000 0.309010 0.037143 0.034264
0 0.506429 0.339467 0.040000 0.034264
0 0.506429 0.373096 0.040000 0.032995
0 0.506071 0.405457 0.039286 0.034264
0 0.508214 0.488579 0.039286 0.032995
0 0.516071 0.604695 0.033571 0.054569
0 0.543929 0.661802 0.025000 0.064721
0 0.498214 0.769036 0.027857 0.068528
