2 0.055000 0.889594 0.108571 0.081218
0 0.344643 0.976523 0.023571 0.044416
0 0.371786 0.954949 0.029286 0.087563
0 0.428571 0.920051 0.031429 0.098985
0 0.818214 0.222081 0.035000 0.035533
0 0.786786 0.678934 0.043571 0.058376
0 0.746071 0.708122 0.046429 0.040609
0 0.952143 0.747462 0.041429 0.048223
1 0.908214 0.713832 0.120714 0.128173
0 0.727143 0.860406 0.047143 0.055838
0 0.619286 0.941624 0.048571 0.055838
2 0.688214 0.713198 0.082143 0.086294
2 0.601786 0.686548 0.112143 0.101523
2 0.592857 0.755711 0.104286 0.082487
2 0.596071 0.822970 0.082143 0.092640
