7 0.711071 0.012381 0.015000 0.024762
0 0.559286 0.057619 0.012857 0.023810
2 0.421429 0.149524 0.052857 0.068571
1 0.524643 0.198571 0.052143 0.067619
7 0.555000 0.223333 0.021429 0.025714
3 0.640000 0.206667 0.068571 0.120000
3 0.539643 0.332857 0.076429 0.088571
3 0.422500 0.259524 0.059286 0.084762
5 0.459643 0.418095 0.032143 0.036190
1 0.398571 0.454286 0.042857 0.097143
5 0.197143 0.449524 0.032857 0.041905
5 0.223571 0.480000 0.028571 0.030476
3 0.141071 0.514286 0.072143 0.095238
3 0.065357 0.614286 0.116429 0.127619
7 0.154286 0.629048 0.028571 0.039048
0 0.161786 0.693333 0.033571 0.015238
1 0.675714 0.911429 0.094286 0.118095
1 0.557857 0.854286 0.080000 0.110476
3 0.520000 0.729048 0.082857 0.109524
2 0.437857 0.646190 0.041429 0.086667
4 0.411786 0.714762 0.039286 0.073333
3 0.357143 0.790476 0.102857 0.241905
3 0.181071 0.758095 0.120714 0.078095
3 0.111429 0.854762 0.078571 0.115238
0 0.032500 0.762857 0.026429 0.036190
1 0.012500 0.756190 0.025000 0.057143
5 0.012143 0.917619 0.024286 0.021905
