7 0.446500 0.168000 0.008000 0.006667
1 0.350750 0.985667 0.064500 0.028667
1 0.436000 0.805000 0.065000 0.055333
1 0.444500 0.749667 0.060000 0.048667
1 0.476000 0.646333 0.055000 0.043333
1 0.496250 0.590333 0.047500 0.040667
1 0.358000 0.613667 0.051000 0.036667
1 0.390750 0.539333 0.047500 0.036000
1 0.364750 0.476333 0.038500 0.034000
1 0.357500 0.454000 0.040000 0.034667
7 0.322750 0.449333 0.014500 0.010667
7 0.323000 0.444333 0.013000 0.011333
1 0.434250 0.358333 0.036500 0.024667
2 0.343750 0.408000 0.034500 0.029333
1 0.330000 0.399000 0.038000 0.026000
1 0.320750 0.383333 0.030500 0.025333
1 0.328500 0.360333 0.032000 0.030000
1 0.305500 0.355333 0.035000 0.025333
1 0.294750 0.322333 0.027500 0.023333
5 0.496250 0.177333 0.007500 0.017333
3 0.466500 0.157333 0.079000 0.025333
1 0.602750 0.505333 0.044500 0.033333
1 0.649000 0.411000 0.036000 0.024667
1 0.575250 0.175667 0.018500 0.015333
0 0.633000 0.157000 0.009000 0.008667
1 0.826000 0.513667 0.024000 0.042000
1 0.898500 0.662667 0.037000 0.069333
3 0.879500 0.535333 0.037000 0.066667
1 0.745750 0.373667 0.019500 0.032667
1 0.745500 0.342667 0.018000 0.028000
1 0.744750 0.314667 0.015500 0.024000
1 0.746250 0.288333 0.016500 0.027333
1 0.781000 0.215000 0.015000 0.015333
1 0.936250 0.153000 0.016500 0.015333
7 0.881500 0.205333 0.005000 0.009333
7 0.908250 0.162000 0.009500 0.008000
1 0.910250 0.149000 0.021500 0.012667
3 0.875250 0.143000 0.015500 0.018000
1 0.762250 0.131000 0.009500 0.014000
1 0.774250 0.126000 0.009500 0.013333
1 0.769250 0.108333 0.010500 0.011333
1 0.782750 0.074000 0.008500 0.009333
1 0.791000 0.056667 0.007000 0.008000
1 0.814750 0.070333 0.008500 0.010000
1 0.746500 0.086333 0.008000 0.014000
1 0.743500 0.056000 0.008000 0.009333
1 0.757250 0.048667 0.007500 0.009333
1 0.771750 0.017667 0.006500 0.008667
1 0.763250 0.002333 0.005500 0.004667
1 0.755750 0.007667 0.005500 0.007333
1 0.741000 0.009667 0.006000 0.007333
2 0.741750 0.018000 0.007500 0.016000
