2 0.873500 0.658667 0.253000 0.261333
2 0.555250 0.429667 0.066500 0.078000
2 0.413250 0.397667 0.063500 0.096667
2 0.331000 0.323333 0.053000 0.057333
2 0.293500 0.280333 0.026000 0.031333
2 0.263500 0.245000 0.025000 0.042000
2 0.215250 0.201667 0.013500 0.022000
2 0.235000 0.224000 0.024000 0.025333
2 0.285250 0.209667 0.015500 0.023333
2 0.319000 0.258333 0.017000 0.020667
2 0.320500 0.252333 0.020000 0.020667
0 0.206000 0.191667 0.007000 0.012667
0 0.221500 0.174667 0.007000 0.009333
0 0.225750 0.197000 0.007500 0.010000
0 0.272500 0.219000 0.007000 0.012667
0 0.246000 0.235000 0.010000 0.014000
0 0.284000 0.249000 0.016000 0.016667
0 0.357000 0.279000 0.018000 0.018000
0 0.362250 0.321667 0.015500 0.022000
0 0.467750 0.422000 0.037500 0.045333
0 0.484500 0.368000 0.031000 0.029333
0 0.923250 0.935000 0.135500 0.130000
0 0.604750 0.316333 0.032500 0.015333
0 0.629500 0.330333 0.027000 0.015333
0 0.646000 0.338000 0.031000 0.020000
0 0.735250 0.325667 0.034500 0.019333
0 0.814750 0.414667 0.043500 0.033333
0 0.782000 0.350333 0.030000 0.016667
