2 0.380000 0.406726 0.027143 0.021574
2 0.467500 0.809645 0.020714 0.071066
2 0.566429 0.231599 0.010000 0.026650
2 0.558571 0.177665 0.008571 0.027919
2 0.573929 0.263325 0.010714 0.026650
2 0.632143 0.263959 0.022857 0.020305
2 0.552143 0.143401 0.007143 0.022843
2 0.420357 0.439721 0.022143 0.039340
1 0.446429 0.517766 0.014286 0.043147
1 0.445000 0.610406 0.014286 0.038071
1 0.456071 0.737310 0.015000 0.040609
1 0.442143 0.565355 0.012857 0.034264
1 0.435357 0.476523 0.016429 0.026650
1 0.577143 0.287437 0.011429 0.026650
1 0.559286 0.198604 0.011429 0.021574
1 0.565357 0.215736 0.007857 0.017766
1 0.546429 0.111675 0.005714 0.012690
1 0.524286 0.106599 0.005714 0.015228
1 0.556071 0.168147 0.007857 0.021574
1 0.543929 0.100888 0.006429 0.013959
1 0.550000 0.131980 0.007143 0.017766
1 0.539643 0.088832 0.006429 0.015228
6 0.537857 0.217640 0.030000 0.059645
6 0.531429 0.290609 0.015714 0.063452
6 0.575714 0.380076 0.018571 0.054569
1 0.528214 0.248096 0.009286 0.021574
1 0.438929 0.395305 0.026429 0.021574
6 0.530357 0.138959 0.009286 0.029188
6 0.453214 0.074873 0.015000 0.017766
