2 0.553214 0.503333 0.040714 0.084762
1 0.754643 0.953810 0.082143 0.092381
1 0.536429 0.393810 0.027143 0.052381
0 0.217143 0.537143 0.021429 0.038095
0 0.277857 0.396190 0.018571 0.020952
0 0.085357 0.430952 0.025000 0.023810
2 0.135714 0.384286 0.048571 0.023810
0 0.900000 0.512857 0.031429 0.033333
0 0.831429 0.526190 0.045714 0.021905
0 0.786429 0.422381 0.030000 0.016190
0 0.770714 0.410476 0.021429 0.013333
0 0.751071 0.426190 0.030714 0.016190
0 0.740357 0.413810 0.025000 0.016190
0 0.726071 0.401905 0.027857 0.017143
1 0.434286 0.276667 0.015714 0.027619
0 0.441429 0.262381 0.005714 0.008571
0 0.461071 0.240000 0.005000 0.007619
1 0.433929 0.247143 0.007857 0.012381
2 0.495000 0.347143 0.015714 0.027619
0 0.440000 0.225238 0.004286 0.006667
2 0.437500 0.212857 0.006429 0.012381
0 0.434286 0.205714 0.002857 0.005714
0 0.451429 0.195238 0.004286 0.003810
2 0.437857 0.195238 0.005714 0.011429
0 0.441429 0.187143 0.004286 0.004762
1 0.477143 0.171905 0.005714 0.008571
0 0.522143 0.201429 0.005714 0.002857
0 0.529286 0.210476 0.007143 0.005714
2 0.297143 0.225238 0.017143 0.008571
