1 0.607500 0.263959 0.022143 0.030457
1 0.505357 0.423223 0.039286 0.031726
1 0.518571 0.370558 0.027143 0.043147
1 0.462857 0.536802 0.022857 0.058376
2 0.546429 0.323604 0.030000 0.043147
1 0.964286 0.300127 0.024286 0.054569
1 0.983929 0.426396 0.032143 0.063452
1 0.957143 0.376269 0.025714 0.054569
2 0.822143 0.064086 0.018571 0.031726
2 0.779643 0.032360 0.022143 0.024112
3 0.437143 0.614213 0.052857 0.111675
3 0.388929 0.773477 0.063571 0.166244
2 0.980357 0.491751 0.039286 0.046954
1 0.976786 0.470178 0.043571 0.041878
7 0.671429 0.117386 0.007143 0.019036
7 0.704643 0.083122 0.009286 0.016497
