0 0.293571 0.556667 0.014286 0.040952
0 0.377857 0.801905 0.025714 0.036190
0 0.417143 0.230000 0.027143 0.031429
0 0.459643 0.128571 0.030714 0.017143
0 0.386786 0.088571 0.030714 0.022857
0 0.666786 0.073333 0.025000 0.020952
0 0.613929 0.151905 0.030714 0.020000
0 0.716429 0.090476 0.027143 0.020952
0 0.722857 0.145714 0.032857 0.017143
0 0.728214 0.915238 0.026429 0.032381
0 0.678214 0.985238 0.027857 0.029524
0 0.790000 0.832857 0.025714 0.037143
0 0.856786 0.734286 0.023571 0.040000
0 0.878929 0.613810 0.013571 0.042857
0 0.883929 0.490000 0.012143 0.042857
0 0.849286 0.120476 0.025714 0.018095
0 0.905714 0.013810 0.027143 0.027619
0 0.927500 0.157619 0.022143 0.039048
0 0.892143 0.379048 0.010000 0.038095
0 0.962143 0.325714 0.028571 0.017143
