1 0.438214 0.718909 0.027857 0.105330
1 0.408214 0.502538 0.026429 0.071066
2 0.370357 0.383249 0.027857 0.076142
1 0.453571 0.289340 0.022857 0.055838
1 0.425357 0.177665 0.022143 0.048223
2 0.457500 0.128807 0.022143 0.052030
3 0.513214 0.352792 0.037857 0.134518
2 0.584643 0.303934 0.029286 0.085025
1 0.564643 0.066624 0.022143 0.062183
2 0.502500 0.034264 0.020714 0.053299
1 0.429643 0.052030 0.017857 0.040609
3 0.402857 0.030457 0.027143 0.060914
6 0.458929 0.023477 0.022143 0.046954
6 0.930000 0.640863 0.082857 0.210660
1 0.969643 0.769036 0.029286 0.055838
1 0.857143 0.645939 0.035714 0.076142
6 0.855714 0.390863 0.042857 0.104061
3 0.914643 0.248731 0.043571 0.048223
1 0.873929 0.270305 0.035000 0.038071
1 0.812857 0.159898 0.034286 0.045685
1 0.734286 0.088832 0.025714 0.040609
7 0.868929 0.160533 0.017857 0.021574
1 0.922500 0.218274 0.042143 0.030457
7 0.781071 0.112944 0.012143 0.025381
