1 0.533214 0.914762 0.089286 0.113333
1 0.532500 0.496190 0.033571 0.081905
1 0.515714 0.372857 0.025714 0.073333
1 0.512500 0.285238 0.029286 0.060000
1 0.502143 0.215238 0.024286 0.064762
1 0.508929 0.143810 0.019286 0.053333
1 0.166071 0.295238 0.039286 0.059048
1 0.188214 0.226667 0.033571 0.045714
1 0.206786 0.167619 0.025000 0.047619
1 0.221429 0.126190 0.034286 0.044762
1 0.314286 0.082857 0.040000 0.017143
1 0.310714 0.075238 0.047143 0.032381
1 0.321071 0.055714 0.039286 0.023810
1 0.322143 0.041429 0.037143 0.023810
1 0.324286 0.023333 0.037143 0.025714
1 0.327143 0.015714 0.042857 0.025714
1 0.170714 0.475714 0.081429 0.040952
2 0.378214 0.457143 0.080714 0.053333
2 0.531786 0.600952 0.043571 0.129524
1 0.236071 0.087619 0.023571 0.040000
1 0.259643 0.008571 0.023571 0.017143
1 0.178571 0.010476 0.041429 0.020952
1 0.564643 0.014286 0.017857 0.026667
1 0.631786 0.020476 0.022143 0.033333
1 0.792857 0.190952 0.021429 0.039048
1 0.787500 0.091905 0.025000 0.042857
1 0.677143 0.195714 0.030000 0.050476
1 0.626071 0.125238 0.019286 0.046667
1 0.614286 0.060000 0.022857 0.038095
1 0.655714 0.093333 0.030000 0.040000
6 0.878929 0.252857 0.065000 0.101905
0 0.065000 0.661905 0.025714 0.032381
4 0.077500 0.623810 0.023571 0.049524
0 0.005714 0.891429 0.011429 0.051429
0 0.696786 0.093810 0.010714 0.021905
0 0.500714 0.044762 0.008571 0.017143
7 0.522500 0.084286 0.009286 0.020000
7 0.756429 0.400952 0.011429 0.024762
0 0.585714 0.694286 0.008571 0.036190
7 0.852500 0.536667 0.023571 0.046667
