3 0.330000 0.307667 0.018000 0.040667
1 0.430500 0.274333 0.012000 0.016667
1 0.448750 0.252333 0.009500 0.012667
1 0.453250 0.262333 0.010500 0.011333
1 0.481000 0.321000 0.015000 0.019333
1 0.456000 0.345667 0.015000 0.020667
1 0.436750 0.343333 0.016500 0.018667
1 0.493250 0.346667 0.014500 0.017333
1 0.522250 0.409333 0.016500 0.020000
1 0.530750 0.434333 0.017500 0.024667
1 0.499000 0.459667 0.020000 0.027333
1 0.458750 0.400000 0.018500 0.026667
1 0.534250 0.657000 0.030500 0.044667
7 0.350500 0.358333 0.007000 0.016667
1 0.283750 0.323000 0.039500 0.022000
1 0.280250 0.349000 0.029500 0.016667
1 0.264250 0.414333 0.029500 0.018000
1 0.274250 0.432333 0.030500 0.024667
1 0.268000 0.450333 0.044000 0.024667
1 0.252750 0.557333 0.044500 0.026667
1 0.390500 0.466333 0.018000 0.034000
1 0.339250 0.456667 0.015500 0.029333
1 0.454000 0.691667 0.027000 0.063333
1 0.356000 0.706000 0.027000 0.057333
2 0.247000 0.692333 0.047000 0.051333
7 0.354500 0.407000 0.009000 0.022000
