0 0.018500 0.513333 0.036000 0.041333
0 0.018000 0.484333 0.031000 0.034000
0 0.090000 0.492333 0.032000 0.038000
0 0.044000 0.420333 0.027000 0.031333
0 0.096000 0.396333 0.026000 0.028667
0 0.131750 0.358000 0.024500 0.026667
0 0.222750 0.446333 0.023500 0.034000
0 0.205000 0.331000 0.022000 0.022000
0 0.256500 0.229667 0.014000 0.018000
1 0.269250 0.178000 0.030500 0.042667
0 0.253000 0.179333 0.012000 0.016000
0 0.292250 0.151000 0.013500 0.014000
0 0.318750 0.131333 0.012500 0.017333
0 0.306500 0.116333 0.011000 0.011333
0 0.342750 0.117000 0.010500 0.014000
0 0.337750 0.081333 0.010500 0.012000
0 0.341500 0.055333 0.010000 0.009333
1 0.383750 0.049333 0.014500 0.022667
0 0.399500 0.048333 0.008000 0.010000
0 0.361500 0.035333 0.009000 0.010667
0 0.376250 0.018333 0.008500 0.008667
0 0.390500 0.004000 0.008000 0.008000
0 0.409250 0.018000 0.007500 0.012000
0 0.421500 0.015000 0.007000 0.010000
0 0.592250 0.391000 0.029500 0.019333
0 0.598000 0.379333 0.030000 0.018667
0 0.602500 0.366333 0.031000 0.019333
0 0.634250 0.431333 0.027500 0.029333
0 0.661000 0.435333 0.030000 0.029333
0 0.671250 0.383667 0.013500 0.024667
0 0.670500 0.359667 0.013000 0.022000
0 0.686250 0.361333 0.012500 0.022667
0 0.688000 0.387667 0.013000 0.027333
0 0.681000 0.319667 0.029000 0.018000
0 0.830250 0.583000 0.019500 0.044667
0 0.862250 0.586000 0.023500 0.044000
0 0.756500 0.975333 0.025000 0.049333
0 0.048250 0.864667 0.037500 0.065333
0 0.072500 0.825000 0.042000 0.054000
0 0.095750 0.794000 0.037500 0.048000
0 0.117000 0.712333 0.042000 0.054000
0 0.054500 0.610333 0.036000 0.043333
0 0.165250 0.958667 0.050500 0.041333
0 0.139000 0.987667 0.062000 0.024667
0 0.647500 0.124333 0.010000 0.014000
0 0.656250 0.109333 0.009500 0.010667
0 0.770750 0.114667 0.008500 0.014667
0 0.791250 0.135333 0.016500 0.010667
0 0.798750 0.141000 0.018500 0.011333
0 0.976000 0.274667 0.026000 0.016000
0 0.978500 0.284000 0.029000 0.016000
0 0.987250 0.295667 0.025500 0.015333
0 0.989250 0.304667 0.021500 0.014667
0 0.991250 0.312000 0.017500 0.016000
0 0.737750 0.121000 0.020500 0.012667
0 0.731750 0.091000 0.011500 0.014000
0 0.735250 0.113333 0.008500 0.012000
0 0.760250 0.135333 0.020500 0.010667
0 0.759500 0.141000 0.020000 0.010000
0 0.687000 0.041333 0.009000 0.008000
0 0.678750 0.040333 0.007500 0.010000
0 0.670750 0.040667 0.011500 0.009333
0 0.661500 0.038667 0.012000 0.012000
