7 0.166071 0.524762 0.030714 0.059048
1 0.923571 0.587143 0.152857 0.119048
1 0.689643 0.429524 0.062143 0.057143
1 0.726071 0.320952 0.040714 0.022857
1 0.653214 0.305238 0.029286 0.020000
1 0.666786 0.303810 0.027857 0.020952
1 0.520714 0.426190 0.061429 0.065714
1 0.489286 0.384286 0.042857 0.048571
1 0.552143 0.367143 0.045714 0.040952
2 0.533929 0.341905 0.033571 0.043810
1 0.487857 0.319524 0.041429 0.039048
1 0.423214 0.335714 0.035000 0.039048
1 0.443214 0.299524 0.027857 0.025714
1 0.422857 0.287143 0.022857 0.023810
1 0.397143 0.273333 0.020000 0.019048
1 0.383929 0.265238 0.017857 0.018095
1 0.370714 0.261429 0.014286 0.016190
2 0.367857 0.255714 0.014286 0.020000
1 0.348571 0.276667 0.020000 0.021905
1 0.336429 0.270000 0.017143 0.018095
1 0.326071 0.258095 0.016429 0.015238
1 0.317143 0.253333 0.015714 0.015238
1 0.327500 0.243810 0.026429 0.015238
1 0.322500 0.239048 0.022143 0.013333
3 0.320000 0.233810 0.037143 0.020000
7 0.255357 0.255714 0.013571 0.014286
1 0.263929 0.214762 0.012143 0.010476
1 0.257143 0.208095 0.014286 0.010476
2 0.253571 0.202857 0.011429 0.007619
1 0.293214 0.222857 0.017857 0.009524
1 0.297857 0.229048 0.015714 0.010476
1 0.284643 0.209524 0.005000 0.007619
1 0.746071 0.298571 0.017857 0.016190
2 0.746071 0.285238 0.026429 0.012381
1 0.717857 0.286190 0.024286 0.014286
1 0.397857 0.243810 0.012857 0.013333
1 0.381071 0.228095 0.007857 0.008571
1 0.371071 0.224762 0.009286 0.009524
1 0.383214 0.217619 0.006429 0.006667
1 0.376071 0.215714 0.007857 0.006667
1 0.414286 0.243810 0.011429 0.013333
1 0.427857 0.242857 0.011429 0.013333
