2 0.194286 0.287619 0.035714 0.038095
0 0.180000 0.308095 0.025714 0.023810
0 0.452500 0.362857 0.027857 0.022857
0 0.559643 0.331429 0.012143 0.036190
0 0.552143 0.409048 0.012857 0.037143
0 0.502500 0.447143 0.025000 0.018095
0 0.442500 0.598095 0.019286 0.040000
1 0.565000 0.552381 0.018571 0.097143
2 0.567857 0.724286 0.014286 0.052381
1 0.690000 0.861429 0.021429 0.092381
0 0.338571 0.867619 0.027143 0.019048
0 0.338571 0.891429 0.030000 0.022857
2 0.556429 0.164286 0.014286 0.050476
2 0.545714 0.028571 0.017143 0.057143
2 0.762857 0.025714 0.018571 0.051429
0 0.671786 0.144286 0.013571 0.039048
0 0.788214 0.164762 0.013571 0.036190
0 0.678571 0.241429 0.014286 0.035238
2 0.758214 0.824762 0.015000 0.043810
