0 0.525714 0.807107 0.024286 0.096447
0 0.612500 0.796954 0.030714 0.096447
0 0.642143 0.734137 0.028571 0.090102
0 0.566429 0.745558 0.030000 0.100254
0 0.628929 0.609137 0.027857 0.078680
0 0.562500 0.647843 0.023571 0.085025
0 0.617143 0.504442 0.022857 0.069797
0 0.583929 0.505711 0.023571 0.072335
0 0.606429 0.425761 0.020000 0.054569
0 0.578214 0.430203 0.019286 0.063452
0 0.547500 0.445431 0.020714 0.060914
0 0.599643 0.358503 0.020714 0.057107
0 0.568929 0.351523 0.020714 0.060914
0 0.542857 0.347716 0.018571 0.055838
0 0.515714 0.359772 0.017143 0.057107
0 0.591786 0.285533 0.019286 0.050761
0 0.565000 0.287437 0.018571 0.052030
0 0.537143 0.266497 0.020000 0.060914
0 0.507500 0.233503 0.017857 0.050761
0 0.583571 0.219543 0.018571 0.048223
0 0.558214 0.215736 0.019286 0.048223
0 0.574643 0.147843 0.016429 0.041878
0 0.552857 0.156091 0.017143 0.045685
0 0.547143 0.100888 0.017143 0.039340
0 0.525714 0.107234 0.015714 0.044416
0 0.533571 0.216371 0.017143 0.046954
2 0.596786 0.618655 0.032143 0.130711
1 0.491786 0.465102 0.037857 0.178934
