0 0.342143 0.823333 0.067143 0.119048
0 0.265357 0.829048 0.053571 0.107619
0 0.398929 0.692381 0.060714 0.112381
0 0.447143 0.572857 0.055714 0.096190
0 0.381429 0.565714 0.051429 0.093333
0 0.423214 0.475238 0.047857 0.085714
0 0.461071 0.380952 0.039286 0.078095
0 0.413214 0.308571 0.045000 0.078095
0 0.530714 0.377143 0.044286 0.078095
0 0.564286 0.150476 0.040000 0.066667
0 0.582857 0.084762 0.035714 0.066667
0 0.294286 0.553810 0.057143 0.092381
0 0.321429 0.704286 0.070000 0.120952
0 0.191786 0.755238 0.072143 0.110476
0 0.450714 0.892857 0.054286 0.117143
0 0.480000 0.825238 0.050000 0.109524
0 0.593214 0.918095 0.086429 0.091429
0 0.665357 0.709048 0.077857 0.075238
0 0.553929 0.610000 0.052143 0.100000
0 0.573214 0.555714 0.049286 0.088571
0 0.491071 0.470952 0.049286 0.086667
0 0.694286 0.558095 0.078571 0.076190
0 0.721071 0.476190 0.066429 0.060952
0 0.744286 0.399524 0.074286 0.058095
0 0.757143 0.365714 0.074286 0.060952
0 0.614643 0.436190 0.050714 0.078095
0 0.633214 0.377619 0.052143 0.079048
0 0.651786 0.331905 0.046429 0.086667
0 0.669643 0.289524 0.050714 0.074286
0 0.686071 0.248571 0.043571 0.070476
0 0.563929 0.294286 0.039286 0.076190
2 0.498929 0.286190 0.046429 0.096190
0 0.593214 0.216667 0.040714 0.071429
0 0.621786 0.144762 0.035000 0.072381
0 0.700357 0.205714 0.045000 0.076190
0 0.712857 0.165238 0.040000 0.063810
0 0.728929 0.120000 0.049286 0.062857
0 0.733929 0.082381 0.053571 0.056190
0 0.741786 0.057143 0.059286 0.059048
0 0.756429 0.030476 0.052857 0.055238
2 0.448214 0.226667 0.047857 0.070476
2 0.480714 0.143810 0.054286 0.108571
