0 0.222857 0.300476 0.062857 0.092381
0 0.296071 0.337619 0.060714 0.096190
0 0.440714 0.451429 0.058571 0.097143
0 0.275714 0.580000 0.081429 0.070476
0 0.195357 0.466190 0.085000 0.075238
0 0.526786 0.231905 0.049286 0.092381
0 0.325000 0.096667 0.057143 0.090476
0 0.192857 0.024286 0.061429 0.048571
0 0.112143 0.231429 0.072857 0.095238
0 0.071786 0.214762 0.069286 0.094286
0 0.043929 0.178095 0.069286 0.091429
0 0.551786 0.519048 0.080714 0.070476
0 0.565714 0.469524 0.060000 0.062857
0 0.603929 0.386190 0.077857 0.077143
0 0.621071 0.336667 0.073571 0.075238
0 0.642143 0.294762 0.068571 0.071429
0 0.680357 0.160000 0.069286 0.074286
0 0.732500 0.044286 0.056429 0.063810
0 0.435000 0.747143 0.078571 0.077143
0 0.961429 0.770000 0.051429 0.100000
0 0.891071 0.298095 0.049286 0.091429
0 0.831429 0.101429 0.044286 0.079048
0 0.888571 0.055714 0.044286 0.077143
2 0.962143 0.272381 0.075714 0.148571
0 0.983571 0.401429 0.032857 0.096190
0 0.862857 0.141429 0.044286 0.098095
0 0.851786 0.021905 0.040714 0.043810
1 0.867857 0.938095 0.110000 0.123810
