1 0.165357 0.869048 0.240714 0.166667
1 0.260000 0.676667 0.190000 0.124762
1 0.653571 0.710476 0.188571 0.102857
1 0.622500 0.593333 0.140714 0.078095
1 0.912857 0.680952 0.130000 0.150476
1 0.332500 0.499524 0.112143 0.071429
1 0.557857 0.449048 0.101429 0.046667
1 0.292500 0.577143 0.166429 0.083810
1 0.235714 0.443810 0.111429 0.055238
1 0.345714 0.470952 0.102857 0.052381
1 0.244643 0.424286 0.085000 0.044762
2 0.337857 0.422857 0.077143 0.047619
1 0.344286 0.402381 0.077143 0.042857
1 0.306786 0.387143 0.082143 0.037143
1 0.334286 0.373810 0.068571 0.033333
1 0.337857 0.362381 0.067143 0.042857
1 0.349286 0.349048 0.064286 0.048571
1 0.358214 0.338095 0.055000 0.040000
1 0.370357 0.327619 0.053571 0.038095
1 0.379643 0.312857 0.050714 0.023810
1 0.387500 0.310952 0.047857 0.037143
1 0.389286 0.299048 0.047143 0.024762
1 0.392857 0.287619 0.051429 0.026667
1 0.390000 0.280952 0.050000 0.032381
1 0.393571 0.272857 0.044286 0.031429
1 0.401429 0.266667 0.030000 0.022857
1 0.403571 0.260952 0.038571 0.022857
2 0.415714 0.251429 0.042857 0.026667
2 0.455357 0.244286 0.016429 0.031429
2 0.438214 0.238571 0.030714 0.020000
1 0.419643 0.235714 0.023571 0.014286
1 0.412500 0.229048 0.015000 0.016190
1 0.433571 0.225714 0.011429 0.015238
1 0.457500 0.226190 0.026429 0.014286
7 0.472500 0.291905 0.020714 0.016190
1 0.428571 0.194286 0.008571 0.011429
1 0.446429 0.199048 0.024286 0.009524
1 0.516071 0.194762 0.009286 0.012381
1 0.438571 0.193333 0.008571 0.009524
1 0.562143 0.194762 0.010000 0.010476
1 0.557500 0.188095 0.006429 0.008571
1 0.555714 0.185238 0.005714 0.006667
1 0.553571 0.184286 0.007143 0.006667
1 0.554286 0.181905 0.004286 0.007619
1 0.590000 0.226667 0.021429 0.017143
2 0.605357 0.245238 0.015000 0.029524
1 0.578214 0.276190 0.016429 0.024762
1 0.625000 0.278095 0.024286 0.028571
1 0.623571 0.297619 0.038571 0.027619
2 0.602143 0.312857 0.021429 0.037143
1 0.563214 0.425238 0.095000 0.040952
1 0.553214 0.397619 0.082143 0.033333
1 0.568929 0.378571 0.076429 0.037143
1 0.559643 0.369524 0.077857 0.030476
1 0.556071 0.348571 0.065000 0.028571
1 0.559643 0.337143 0.062143 0.024762
1 0.552857 0.328571 0.058571 0.022857
1 0.548214 0.318571 0.057857 0.025714
1 0.548929 0.310476 0.055000 0.022857
