1 0.047500 0.359333 0.051000 0.029333
1 0.106500 0.377000 0.054000 0.024667
1 0.188250 0.347667 0.044500 0.030000
1 0.450500 0.634333 0.074000 0.054000
1 0.746000 0.527667 0.033000 0.043333
1 0.289250 0.308000 0.040500 0.029333
1 0.327750 0.291333 0.038500 0.029333
1 0.373750 0.281667 0.040500 0.023333
1 0.917250 0.392000 0.057500 0.030667
1 0.857000 0.380333 0.047000 0.031333
1 0.795000 0.361000 0.050000 0.026000
1 0.625250 0.291667 0.037500 0.020667
2 0.663750 0.301333 0.043500 0.029333
1 0.746750 0.339333 0.036500 0.025333
1 0.316500 0.788667 0.074000 0.085333
2 0.188250 0.694333 0.071500 0.090000
7 0.364250 0.901000 0.013500 0.056667
1 0.890250 0.567333 0.038500 0.033333
1 0.423750 0.218333 0.013500 0.019333
1 0.432000 0.204667 0.016000 0.020000
1 0.072500 0.534667 0.045000 0.098667
1 0.542000 0.108667 0.018000 0.026667
