1 0.349750 0.726333 0.066500 0.055333
1 0.485750 0.704667 0.060500 0.054667
1 0.488750 0.664667 0.057500 0.050667
4 0.501750 0.610667 0.027500 0.022667
1 0.697250 0.592333 0.044500 0.034000
7 0.697750 0.525667 0.010500 0.014000
1 0.748500 0.532000 0.034000 0.026667
1 0.783750 0.483000 0.027500 0.022000
1 0.854250 0.486000 0.027500 0.021333
7 0.804250 0.457000 0.009500 0.010000
2 0.923000 0.454333 0.022000 0.022000
1 0.987500 0.408333 0.025000 0.012667
7 0.936000 0.380333 0.007000 0.008667
3 0.983000 0.385333 0.027000 0.014667
1 0.799000 0.388667 0.011000 0.012000
2 0.018000 0.456000 0.019000 0.032000
1 0.057500 0.384000 0.025000 0.010667
1 0.052500 0.337667 0.012000 0.006000
2 0.042000 0.332333 0.005000 0.007333
1 0.007000 0.364000 0.014000 0.009333
1 0.008250 0.360333 0.016500 0.008667
3 0.012250 0.348333 0.018500 0.011333
1 0.016000 0.346667 0.019000 0.008000
1 0.019500 0.336000 0.016000 0.006667
