0 0.086786 0.847619 0.133571 0.081905
0 0.157500 0.684286 0.116429 0.079048
0 0.380714 0.530000 0.052857 0.111429
0 0.407143 0.406190 0.048571 0.096190
0 0.424286 0.320476 0.044286 0.092381
0 0.443929 0.247619 0.039286 0.076190
0 0.476071 0.114286 0.029286 0.055238
0 0.672500 0.418095 0.039286 0.093333
0 0.671071 0.321905 0.033571 0.080000
0 0.490357 0.069048 0.029286 0.060000
0 0.360357 0.134286 0.072143 0.051429
0 0.400357 0.010476 0.059286 0.020952
0 0.607857 0.039524 0.028571 0.052381
2 0.573214 0.023333 0.030714 0.046667
0 0.275000 0.960000 0.067143 0.080000
