0 0.058000 0.778333 0.112000 0.136667
0 0.339000 0.832667 0.103000 0.150667
0 0.533250 0.841333 0.094500 0.158667
0 0.879500 0.856000 0.147000 0.160000
2 0.758750 0.627333 0.065500 0.092000
0 0.458000 0.415667 0.024000 0.026000
0 0.406250 0.395667 0.057500 0.028667
0 0.433000 0.386333 0.047000 0.024667
0 0.489250 0.384000 0.028500 0.028000
0 0.466750 0.355000 0.035500 0.020667
0 0.567500 0.407667 0.043000 0.024667
0 0.588750 0.401000 0.057500 0.022000
0 0.551750 0.357000 0.026500 0.018000
0 0.607750 0.352333 0.040500 0.019333
0 0.587500 0.346333 0.041000 0.018000
0 0.610500 0.339000 0.038000 0.018000
0 0.605750 0.333000 0.032500 0.015333
0 0.475000 0.345000 0.038000 0.015333
0 0.487250 0.340667 0.034500 0.018667
0 0.514750 0.340333 0.018500 0.019333
0 0.517750 0.318667 0.027500 0.013333
0 0.512750 0.314000 0.032500 0.016000
0 0.518000 0.311000 0.032000 0.014000
0 0.529000 0.308333 0.033000 0.014000
0 0.529500 0.303667 0.031000 0.012667
0 0.527250 0.301333 0.028500 0.012000
0 0.609750 0.328333 0.032500 0.014000
0 0.609000 0.324000 0.018000 0.012000
0 0.612250 0.319667 0.032500 0.014000
0 0.614500 0.317000 0.033000 0.014000
0 0.587750 0.313333 0.015500 0.014667
0 0.618500 0.306333 0.029000 0.014000
2 0.548500 0.288000 0.035000 0.026667
0 0.560000 0.283333 0.020000 0.010667
0 0.567750 0.268667 0.023500 0.010667
0 0.623000 0.286000 0.023000 0.010667
0 0.624750 0.282333 0.021500 0.011333
0 0.623750 0.278667 0.022500 0.010667
0 0.625750 0.276333 0.021500 0.010000
0 0.624250 0.270000 0.017500 0.009333
2 0.613750 0.254000 0.011500 0.013333
