0 0.509750 0.045000 0.005500 0.014000
1 0.537500 0.071667 0.020000 0.026000
1 0.516500 0.104000 0.022000 0.018667
1 0.444250 0.210000 0.023500 0.033333
4 0.360250 0.250667 0.024500 0.028000
2 0.291500 0.339667 0.054000 0.058000
0 0.272250 0.370667 0.019500 0.025333
7 0.292250 0.384333 0.019500 0.023333
7 0.238750 0.406000 0.015500 0.030667
4 0.184500 0.459000 0.031000 0.044667
7 0.144500 0.522667 0.034000 0.016000
7 0.375250 0.561667 0.018500 0.024667
7 0.425500 0.562667 0.024000 0.024000
7 0.462750 0.567333 0.024500 0.026667
7 0.394500 0.540667 0.030000 0.020000
7 0.394000 0.507667 0.023000 0.026000
4 0.429250 0.495000 0.063500 0.043333
7 0.605750 0.657667 0.019500 0.044667
7 0.587250 0.692000 0.016500 0.048000
4 0.566250 0.694333 0.033500 0.048667
1 0.222000 0.963667 0.120000 0.072667
1 0.395500 0.928667 0.129000 0.116000
1 0.514250 0.959000 0.132500 0.082000
1 0.752750 0.960000 0.136500 0.080000
7 0.569500 0.768333 0.033000 0.043333
7 0.583250 0.847667 0.022500 0.058000
1 0.664500 0.792667 0.063000 0.138667
1 0.731750 0.765000 0.053500 0.124667
1 0.836500 0.752000 0.103000 0.098667
1 0.935500 0.692333 0.102000 0.078000
1 0.941500 0.778000 0.105000 0.089333
7 0.993250 0.646667 0.013500 0.044000
1 0.982000 0.839333 0.036000 0.084000
1 0.918250 0.894667 0.117500 0.078667
2 0.830750 0.841000 0.136500 0.124667
7 0.885500 0.981333 0.045000 0.037333
