0 0.436429 0.962857 0.160000 0.074286
0 0.774286 0.963810 0.150000 0.070476
0 0.738929 0.860952 0.126429 0.085714
0 0.848929 0.356190 0.065000 0.053333
0 0.769643 0.365714 0.076429 0.053333
0 0.740357 0.395238 0.075000 0.055238
0 0.712500 0.422381 0.080714 0.061905
0 0.666429 0.339524 0.067143 0.044762
0 0.601071 0.393810 0.060714 0.050476
0 0.682500 0.314286 0.065000 0.055238
0 0.519286 0.368095 0.065714 0.050476
0 0.562857 0.345238 0.060000 0.037143
0 0.568571 0.313810 0.061429 0.044762
0 0.502857 0.298571 0.048571 0.039048
0 0.826786 0.280476 0.076429 0.037143
0 0.793214 0.245714 0.065000 0.038095
0 0.715357 0.231905 0.047857 0.029524
0 0.656429 0.227619 0.048571 0.034286
0 0.777143 0.160000 0.022857 0.028571
0 0.748929 0.159048 0.022143 0.032381
0 0.722143 0.153333 0.021429 0.024762
0 0.675000 0.148095 0.021429 0.033333
0 0.592143 0.212381 0.047143 0.028571
0 0.537857 0.202381 0.038571 0.027619
0 0.485714 0.192381 0.041429 0.030476
0 0.426429 0.202381 0.048571 0.033333
0 0.361429 0.265238 0.052857 0.037143
0 0.435000 0.182381 0.040000 0.023810
0 0.335357 0.167143 0.036429 0.023810
0 0.301786 0.160952 0.033571 0.022857
0 0.270000 0.155238 0.034286 0.024762
0 0.216429 0.143333 0.027143 0.023810
0 0.184643 0.139048 0.029286 0.022857
0 0.151071 0.131429 0.029286 0.019048
0 0.079643 0.094286 0.033571 0.019048
0 0.833214 0.156667 0.037857 0.027619
0 0.857143 0.150000 0.038571 0.033333
0 0.879286 0.140000 0.028571 0.032381
0 0.903929 0.117619 0.027857 0.018095
0 0.931429 0.110952 0.024286 0.023810
0 0.943214 0.108571 0.016429 0.024762
0 0.946429 0.106667 0.022857 0.026667
0 0.966429 0.104762 0.020000 0.022857
0 0.977857 0.097619 0.024286 0.020000
0 0.686429 0.083810 0.032857 0.020952
0 0.479286 0.120952 0.021429 0.019048
0 0.612500 0.091905 0.016429 0.018095
0 0.594643 0.087143 0.017857 0.014286
0 0.580000 0.098095 0.022857 0.020952
0 0.562143 0.095714 0.018571 0.021905
0 0.547143 0.094762 0.017143 0.016190
0 0.530714 0.094762 0.017143 0.018095
0 0.531429 0.080000 0.021429 0.019048
0 0.576071 0.083333 0.022143 0.018095
