1 0.349286 0.632614 0.050000 0.097716
1 0.427857 0.409264 0.031429 0.054569
1 0.450357 0.348350 0.032143 0.057107
1 0.296786 0.770305 0.059286 0.116751
1 0.482143 0.256980 0.030000 0.052030
1 0.485357 0.448604 0.037857 0.072335
1 0.547500 0.227157 0.025000 0.048223
1 0.531071 0.289340 0.027857 0.053299
1 0.499643 0.213832 0.027857 0.046954
1 0.519286 0.160533 0.022857 0.041878
1 0.540000 0.100888 0.024286 0.039340
1 0.572857 0.149746 0.021429 0.038071
1 0.562143 0.183376 0.018571 0.044416
1 0.501071 0.385152 0.030714 0.064721
1 0.457143 0.545051 0.040000 0.085025
1 0.395357 0.734772 0.037857 0.078680
2 0.380357 0.535533 0.046429 0.083756
2 0.348214 0.888959 0.043571 0.110406
2 0.315714 0.980330 0.048571 0.036802
2 0.229643 0.940990 0.076429 0.115482
