1 0.073214 0.050000 0.050714 0.098095
1 0.111786 0.028571 0.045000 0.057143
1 0.040357 0.226190 0.080714 0.052381
1 0.016071 0.296667 0.030714 0.050476
1 0.094643 0.336190 0.077857 0.095238
1 0.193571 0.167143 0.064286 0.088571
1 0.227500 0.134762 0.063571 0.090476
1 0.263571 0.095714 0.054286 0.088571
1 0.291786 0.055714 0.060714 0.084762
1 0.219643 0.289524 0.075000 0.060952
1 0.310714 0.232381 0.070000 0.087619
7 0.402143 0.127619 0.007143 0.032381
1 0.529286 0.037619 0.032857 0.075238
2 0.516786 0.140476 0.036429 0.107619
1 0.516786 0.280000 0.030714 0.097143
1 0.511786 0.404286 0.033571 0.100000
2 0.503214 0.522857 0.029286 0.097143
2 0.488571 0.694286 0.044286 0.144762
1 0.462500 0.933810 0.037857 0.119048
1 0.402857 0.885238 0.040000 0.138095
1 0.339286 0.740000 0.042857 0.129524
2 0.292500 0.858095 0.049286 0.135238
1 0.282143 0.720000 0.038571 0.089524
2 0.200357 0.902857 0.086429 0.080000
1 0.176429 0.846667 0.090000 0.076190
1 0.174643 0.677143 0.089286 0.076190
1 0.390357 0.553810 0.052143 0.109524
1 0.205357 0.587143 0.085000 0.077143
1 0.212500 0.507143 0.085000 0.075238
1 0.125714 0.554286 0.058571 0.078095
1 0.041429 0.552857 0.080000 0.052381
