1 0.534286 0.740952 0.051429 0.093333
1 0.440714 0.730952 0.072857 0.092381
1 0.307857 0.703810 0.052857 0.093333
1 0.263214 0.694286 0.076429 0.080000
1 0.203571 0.674762 0.090000 0.088571
1 0.155000 0.675714 0.078571 0.082857
1 0.443929 0.520476 0.040714 0.046667
2 0.358929 0.505714 0.040714 0.047619
1 0.326786 0.503333 0.046429 0.042857
2 0.293214 0.490000 0.046429 0.040952
1 0.216429 0.519524 0.061429 0.042857
1 0.174286 0.511905 0.062857 0.054286
1 0.075714 0.502381 0.070000 0.042857
1 0.047857 0.493810 0.071429 0.039048
1 0.030000 0.485238 0.058571 0.039048
7 0.096429 0.416667 0.022857 0.018095
0 0.135000 0.409048 0.014286 0.021905
1 0.151071 0.467619 0.059286 0.041905
1 0.607500 0.541905 0.050714 0.045714
1 0.709286 0.533810 0.068571 0.046667
2 0.745714 0.517143 0.048571 0.043810
1 0.781071 0.509524 0.053571 0.038095
7 0.665714 0.458095 0.015714 0.019048
0 0.779643 0.593810 0.027857 0.025714
0 0.815000 0.575238 0.030000 0.034286
0 0.861071 0.611905 0.033571 0.023810
0 0.853929 0.551429 0.017857 0.022857
7 0.882143 0.532857 0.022857 0.025714
7 0.889286 0.594286 0.022857 0.020952
1 0.808571 0.400476 0.020000 0.021905
1 0.892857 0.391905 0.050000 0.021905
1 0.885000 0.382381 0.041429 0.018095
1 0.924286 0.382381 0.041429 0.025714
1 0.905714 0.375238 0.032857 0.019048
1 0.871429 0.377619 0.035714 0.018095
1 0.866071 0.369048 0.035000 0.018095
1 0.860714 0.363333 0.032857 0.016190
1 0.853929 0.358571 0.032143 0.016190
1 0.848929 0.352857 0.032143 0.016190
1 0.885714 0.352381 0.032857 0.019048
1 0.885714 0.347619 0.037143 0.017143
1 0.843214 0.348095 0.033571 0.014286
1 0.845714 0.342381 0.037143 0.014286
1 0.838214 0.340000 0.032143 0.017143
2 0.836786 0.329048 0.033571 0.025714
1 0.861786 0.329524 0.026429 0.019048
1 0.827143 0.327143 0.035714 0.016190
1 0.819286 0.320952 0.028571 0.015238
1 0.852143 0.321429 0.028571 0.016190
1 0.850357 0.315238 0.023571 0.013333
1 0.825714 0.307619 0.021429 0.011429
2 0.825714 0.298095 0.021429 0.015238
1 0.855357 0.297619 0.010714 0.014286
1 0.985000 0.371905 0.030000 0.020000
2 0.975000 0.360476 0.040000 0.018095
2 0.961071 0.355714 0.027857 0.014286
2 0.949286 0.347143 0.034286 0.020000
2 0.937500 0.341429 0.030714 0.012381
2 0.923929 0.329524 0.030714 0.015238
2 0.917857 0.324286 0.031429 0.016190
