7 0.927857 0.632857 0.010000 0.008571
7 0.924286 0.639048 0.010000 0.007619
7 0.922500 0.643810 0.007857 0.007619
7 0.920714 0.647619 0.010000 0.009524
1 0.616429 0.216667 0.012857 0.023810
2 0.579643 0.380000 0.026429 0.019048
1 0.576429 0.365714 0.022857 0.013333
1 0.530000 0.362857 0.024286 0.015238
1 0.572143 0.320476 0.022857 0.016190
1 0.523571 0.319524 0.021429 0.012381
1 0.522143 0.302381 0.024286 0.014286
1 0.566786 0.287143 0.022143 0.014286
2 0.520357 0.284762 0.025000 0.022857
1 0.517143 0.271905 0.020000 0.012381
1 0.514286 0.258095 0.020000 0.015238
1 0.558214 0.209524 0.020714 0.015238
1 0.556786 0.192857 0.020714 0.014286
1 0.555000 0.178095 0.020000 0.013333
1 0.507857 0.191429 0.020000 0.013333
1 0.506429 0.175238 0.020000 0.013333
1 0.539643 0.085714 0.020714 0.015238
1 0.539286 0.072857 0.015714 0.010476
1 0.535714 0.061429 0.020000 0.014286
1 0.534643 0.049524 0.020714 0.013333
1 0.531429 0.031429 0.020000 0.013333
1 0.529643 0.020476 0.020714 0.014286
1 0.529286 0.007143 0.018571 0.012381
1 0.490000 0.019048 0.020000 0.013333
1 0.490714 0.030000 0.020000 0.012381
1 0.494286 0.050952 0.020000 0.012381
1 0.495357 0.061429 0.022143 0.012381
1 0.494643 0.072857 0.020714 0.014286
1 0.443214 0.010952 0.019286 0.014286
1 0.367143 0.838095 0.014286 0.043810
7 0.369286 0.936190 0.004286 0.013333
1 0.301071 0.902857 0.032143 0.022857
1 0.291071 0.935714 0.015000 0.046667
1 0.273929 0.942857 0.016429 0.047619
1 0.257857 0.940476 0.014286 0.044762
1 0.256071 0.860476 0.015000 0.042857
1 0.272857 0.858571 0.014286 0.042857
1 0.290357 0.856667 0.012143 0.042857
1 0.173929 0.865714 0.015000 0.041905
2 0.156786 0.863333 0.015000 0.042857
1 0.121786 0.873810 0.016429 0.042857
1 0.104643 0.875714 0.015000 0.035238
1 0.090000 0.874762 0.015714 0.042857
1 0.067500 0.827143 0.032143 0.031429
1 0.022500 0.823810 0.016429 0.036190
1 0.059643 0.904762 0.035000 0.022857
1 0.062500 0.881429 0.033571 0.021905
1 0.007857 0.924286 0.015714 0.046667
7 0.067143 0.530476 0.005714 0.011429
7 0.065714 0.542857 0.005714 0.011429
2 0.045714 0.538095 0.017143 0.032381
1 0.090000 0.533810 0.017143 0.033333
1 0.141429 0.523810 0.014286 0.032381
1 0.169286 0.523810 0.014286 0.032381
1 0.257857 0.610952 0.025714 0.023810
1 0.300714 0.564286 0.021429 0.014286
1 0.288571 0.532857 0.028571 0.018095
1 0.250000 0.514762 0.012857 0.031429
1 0.222143 0.517619 0.014286 0.031429
7 0.281786 0.506667 0.009286 0.009524
1 0.363571 0.699524 0.012857 0.035238
1 0.363214 0.653333 0.012143 0.036190
1 0.362857 0.611905 0.011429 0.033333
1 0.361786 0.572381 0.010714 0.034286
3 0.359286 0.527143 0.015714 0.046667
1 0.358571 0.492857 0.012857 0.027619
1 0.359286 0.455238 0.010000 0.032381
1 0.358929 0.419048 0.012143 0.028571
1 0.358571 0.388571 0.011429 0.032381
1 0.358214 0.351905 0.010714 0.029524
1 0.358571 0.319048 0.010000 0.028571
1 0.357143 0.287143 0.011429 0.029524
7 0.371429 0.263333 0.004286 0.010476
7 0.378929 0.261429 0.003571 0.014286
1 0.297857 0.308571 0.024286 0.015238
1 0.250357 0.292381 0.010714 0.026667
1 0.240357 0.290476 0.009286 0.024762
1 0.174286 0.300000 0.011429 0.026667
1 0.187500 0.297619 0.012143 0.027619
1 0.214643 0.296667 0.012143 0.027619
1 0.228214 0.296190 0.013571 0.028571
1 0.356429 0.199048 0.008571 0.024762
1 0.356071 0.171905 0.009286 0.023810
1 0.355714 0.146667 0.008571 0.020952
1 0.355000 0.072381 0.008571 0.022857
1 0.354286 0.051905 0.008571 0.020000
1 0.353214 0.027619 0.010714 0.024762
1 0.355000 0.007619 0.008571 0.015238
1 0.300000 0.114762 0.021429 0.014286
1 0.241429 0.119524 0.018571 0.018095
1 0.231071 0.115714 0.017857 0.020000
1 0.184286 0.115714 0.010000 0.025714
1 0.173571 0.118095 0.010000 0.020952
1 0.141786 0.304286 0.012143 0.027619
1 0.102500 0.307619 0.013571 0.026667
1 0.080000 0.295238 0.014286 0.028571
7 0.131786 0.297619 0.006429 0.008571
7 0.118214 0.307143 0.006429 0.010476
1 0.105714 0.123333 0.010000 0.018095
1 0.132857 0.122381 0.010000 0.018095
