2 0.310000 0.074239 0.035714 0.046954
2 0.360357 0.020939 0.035000 0.041878
2 0.011071 0.784898 0.022143 0.041878
2 0.087500 0.746193 0.035000 0.043147
2 0.013214 0.970812 0.025000 0.043147
2 0.075357 0.950508 0.035000 0.048223
1 0.144286 0.840736 0.034286 0.044416
1 0.225357 0.750635 0.030714 0.039340
1 0.132857 0.963198 0.035714 0.053299
1 0.168214 0.927665 0.037857 0.038071
3 0.209643 0.909898 0.063571 0.076142
3 0.279643 0.811548 0.060714 0.072335
3 0.281429 0.859137 0.077143 0.073604
3 0.272857 0.916878 0.085714 0.087563
6 0.288214 0.730330 0.090714 0.102792
2 0.245357 0.628807 0.033571 0.044416
1 0.357857 0.747462 0.021429 0.055838
1 0.375357 0.731599 0.022143 0.059645
1 0.393929 0.717005 0.025000 0.063452
1 0.428929 0.683376 0.023571 0.062183
1 0.445000 0.660533 0.017143 0.044416
1 0.497500 0.626904 0.023571 0.060914
1 0.515357 0.612310 0.023571 0.062183
2 0.480714 0.642132 0.024286 0.065990
2 0.348214 0.630711 0.036429 0.048223
2 0.392857 0.632614 0.035714 0.049492
1 0.407500 0.566624 0.035000 0.046954
1 0.458214 0.519036 0.032143 0.043147
6 0.479643 0.546954 0.087857 0.098985
3 0.643214 0.677665 0.070714 0.063452
3 0.743571 0.629442 0.091429 0.068528
7 0.565357 0.590102 0.017857 0.015228
7 0.578571 0.586929 0.007143 0.036802
7 0.596429 0.571066 0.011429 0.022843
2 0.607857 0.580584 0.027143 0.064721
1 0.636786 0.565355 0.027857 0.059645
2 0.661786 0.555838 0.026429 0.055838
2 0.688571 0.539340 0.028571 0.063452
2 0.716786 0.520939 0.026429 0.062183
2 0.742143 0.510787 0.025714 0.062183
1 0.906786 0.590102 0.032143 0.040609
1 0.854286 0.555838 0.035714 0.032995
2 0.847143 0.475254 0.038571 0.036802
2 0.851786 0.509518 0.036429 0.036802
7 0.881786 0.238579 0.016429 0.015228
1 0.918214 0.161802 0.036429 0.046954
1 0.864286 0.202411 0.037143 0.041878
1 0.796429 0.240482 0.035714 0.041878
6 0.834643 0.263325 0.053571 0.057107
1 0.757857 0.226523 0.034286 0.046954
2 0.740000 0.201142 0.030000 0.041878
1 0.719643 0.287437 0.033571 0.054569
1 0.686429 0.260787 0.035714 0.046954
3 0.743571 0.314721 0.082857 0.101523
1 0.836429 0.037437 0.034286 0.044416
2 0.544286 0.192259 0.030000 0.046954
2 0.492143 0.365482 0.028571 0.040609
2 0.521786 0.442893 0.032143 0.050761
2 0.565000 0.418782 0.034286 0.048223
2 0.590714 0.359772 0.035714 0.052030
2 0.673214 0.328046 0.033571 0.036802
2 0.643929 0.308376 0.032143 0.040609
3 0.629643 0.352157 0.039286 0.057107
2 0.620714 0.439086 0.035714 0.040609
2 0.565357 0.465736 0.036429 0.048223
