1 0.017500 0.781091 0.035000 0.059645
1 0.079643 0.978426 0.073571 0.040609
1 0.211786 0.930838 0.065000 0.057107
6 0.309643 0.743020 0.050714 0.166244
1 0.473929 0.711294 0.019286 0.049492
1 0.378929 0.532360 0.015000 0.026650
1 0.435714 0.556472 0.014286 0.026650
6 0.410357 0.556472 0.019286 0.059645
2 0.337143 0.453046 0.020000 0.030457
1 0.343929 0.437817 0.017857 0.017766
2 0.377500 0.458122 0.012143 0.022843
2 0.440000 0.389594 0.011429 0.017766
1 0.391429 0.414340 0.010000 0.016497
1 0.391786 0.380076 0.009286 0.016497
6 0.405714 0.361675 0.014286 0.038071
2 0.431429 0.305203 0.007143 0.013959
1 0.420000 0.248731 0.004286 0.007614
1 0.420714 0.242386 0.004286 0.007614
6 0.422857 0.232868 0.005714 0.011421
1 0.442857 0.258883 0.005714 0.010152
7 0.467143 0.259518 0.002857 0.008883
2 0.470357 0.218274 0.003571 0.007614
1 0.443214 0.237944 0.005000 0.008883
3 0.457143 0.180203 0.004286 0.012690
3 0.454286 0.211929 0.005714 0.017766
1 0.430357 0.160533 0.003571 0.003807
6 0.432500 0.166878 0.003571 0.006345
1 0.432500 0.172589 0.003571 0.005076
1 0.438214 0.173858 0.003571 0.005076
1 0.441786 0.178934 0.003571 0.005076
1 0.438929 0.190990 0.003571 0.006345
1 0.437500 0.184010 0.003571 0.005076
2 0.444286 0.183376 0.002857 0.006345
2 0.443929 0.170051 0.003571 0.005076
1 0.447500 0.175127 0.003571 0.005076
1 0.453214 0.187183 0.003571 0.006345
1 0.452857 0.196701 0.004286 0.007614
6 0.518929 0.354695 0.019286 0.044416
