1 0.450357 0.777284 0.050714 0.046954
1 0.456071 0.729061 0.050714 0.046954
1 0.578214 0.533629 0.040714 0.036802
1 0.475714 0.496827 0.040000 0.036802
1 0.568929 0.456853 0.046429 0.032995
1 0.574643 0.416878 0.036429 0.031726
1 0.528929 0.357234 0.019286 0.044416
1 0.505000 0.361675 0.022857 0.050761
1 0.485000 0.349619 0.027143 0.044416
1 0.479286 0.419416 0.030000 0.034264
1 0.477143 0.444797 0.041429 0.036802
2 0.476786 0.466371 0.033571 0.034264
1 0.576786 0.600888 0.057857 0.041878
1 0.457857 0.684010 0.052857 0.038071
1 0.679643 0.322335 0.015000 0.038071
2 0.567500 0.635152 0.047857 0.046954
2 0.551429 0.340102 0.034286 0.043147
2 0.485714 0.291878 0.025714 0.035533
2 0.494286 0.220178 0.030000 0.036802
2 0.453929 0.029822 0.026429 0.026650
2 0.663571 0.204949 0.012857 0.029188
1 0.675357 0.284898 0.016429 0.039340
1 0.658571 0.175127 0.014286 0.027919
1 0.653214 0.152284 0.015000 0.030457
1 0.642857 0.128807 0.017143 0.026650
1 0.588571 0.271574 0.015714 0.032995
1 0.585714 0.189086 0.012857 0.040609
1 0.586429 0.157360 0.014286 0.032995
1 0.584643 0.128807 0.013571 0.026650
1 0.580000 0.101523 0.011429 0.022843
1 0.578214 0.086294 0.010714 0.022843
1 0.581429 0.030457 0.021429 0.020305
1 0.508214 0.059645 0.012143 0.022843
1 0.527143 0.010787 0.012857 0.019036
1 0.485000 0.028553 0.020000 0.021574
1 0.662857 0.521574 0.021429 0.071066
1 0.426786 0.038071 0.010714 0.020305
1 0.401071 0.024112 0.023571 0.020305
1 0.400357 0.017766 0.022143 0.017766
1 0.555000 0.057741 0.024286 0.016497
1 0.555714 0.064086 0.024286 0.016497
1 0.553571 0.070431 0.024286 0.016497
1 0.556071 0.079949 0.022143 0.012690
1 0.556786 0.087563 0.025000 0.015228
1 0.556071 0.096447 0.027857 0.015228
1 0.560357 0.104061 0.027857 0.015228
1 0.557857 0.111675 0.022857 0.012690
1 0.557500 0.120558 0.026429 0.015228
1 0.556786 0.132614 0.027857 0.016497
1 0.556071 0.140228 0.027857 0.016497
1 0.558929 0.149112 0.027857 0.016497
1 0.558929 0.160533 0.027857 0.016497
1 0.558214 0.170685 0.027857 0.016497
1 0.558929 0.183376 0.030714 0.016497
1 0.558214 0.192259 0.023571 0.016497
1 0.560000 0.205584 0.030000 0.020305
1 0.560714 0.220178 0.028571 0.019036
1 0.562857 0.230330 0.028571 0.019036
1 0.556786 0.245558 0.032143 0.021574
1 0.559643 0.258883 0.035000 0.020305
1 0.559643 0.273477 0.033571 0.021574
1 0.558929 0.286168 0.032143 0.021574
1 0.556071 0.300761 0.032143 0.022843
1 0.559643 0.320431 0.032143 0.026650
1 0.484286 0.069162 0.018571 0.019036
1 0.482857 0.076777 0.024286 0.019036
1 0.484643 0.088832 0.026429 0.020305
1 0.483571 0.096447 0.027143 0.020305
1 0.486786 0.106599 0.026429 0.020305
1 0.493214 0.119924 0.023571 0.021574
1 0.499643 0.130076 0.023571 0.021574
1 0.498214 0.147843 0.023571 0.021574
1 0.497500 0.163706 0.025000 0.022843
1 0.484286 0.324239 0.032857 0.039340
1 0.495357 0.243020 0.030714 0.039340
1 0.491071 0.265228 0.027857 0.030457
1 0.493929 0.279822 0.030714 0.024112
1 0.508214 0.005711 0.010714 0.011421
