1 0.501071 0.861429 0.042143 0.058095
1 0.508571 0.922381 0.042857 0.054286
1 0.501071 0.971429 0.049286 0.055238
1 0.377500 0.471429 0.015000 0.026667
1 0.647857 0.644286 0.035714 0.020000
1 0.600357 0.640476 0.039286 0.020000
1 0.600714 0.657619 0.031429 0.018095
7 0.316429 0.703333 0.008571 0.010476
1 0.532500 0.154762 0.003571 0.004762
1 0.501071 0.179524 0.003571 0.004762
3 0.472500 0.236190 0.006429 0.015238
3 0.493929 0.191429 0.006429 0.011429
1 0.801786 0.384286 0.019286 0.012381
1 0.768214 0.391429 0.016429 0.015238
1 0.781786 0.389048 0.012143 0.012381
