1 0.354643 0.488579 0.037857 0.058376
1 0.301071 0.357868 0.023571 0.053299
1 0.724643 0.351523 0.037857 0.040609
1 0.403571 0.409898 0.037143 0.050761
1 0.368929 0.540609 0.052143 0.045685
1 0.098214 0.227157 0.015000 0.035533
1 0.653214 0.505711 0.045000 0.049492
1 0.607857 0.541878 0.047143 0.053299
1 0.590000 0.564721 0.045714 0.063452
1 0.683214 0.461929 0.045000 0.035533
1 0.668929 0.486041 0.045000 0.040609
1 0.704643 0.451142 0.045000 0.044416
1 0.295357 0.193528 0.020714 0.031726
1 0.744286 0.426396 0.030000 0.040609
2 0.317857 0.448604 0.024286 0.059645
2 0.053571 0.565355 0.024286 0.072335
2 0.069286 0.386421 0.020000 0.049492
2 0.293571 0.162437 0.021429 0.030457
2 0.380714 0.565990 0.051429 0.063452
2 0.403214 0.578680 0.050714 0.058376
2 0.629643 0.521574 0.050714 0.050761
6 0.080000 0.079315 0.055714 0.052030
6 0.014643 0.101523 0.029286 0.063452
1 0.260714 0.016497 0.027143 0.020305
7 0.303929 0.256345 0.009286 0.035533
7 0.330357 0.302665 0.023571 0.021574
7 0.341071 0.312817 0.022143 0.013959
7 0.344643 0.320431 0.022143 0.013959
7 0.348571 0.328046 0.020000 0.019036
7 0.357143 0.338832 0.020000 0.017766
7 0.362500 0.347716 0.025000 0.015228
7 0.368214 0.354695 0.020714 0.019036
7 0.376786 0.356599 0.023571 0.020305
7 0.385357 0.363579 0.025000 0.019036
7 0.394643 0.368655 0.020714 0.013959
7 0.398929 0.377538 0.025000 0.019036
7 0.312857 0.293782 0.011429 0.034264
1 0.302857 0.501269 0.055714 0.032995
7 0.411786 0.430203 0.019286 0.025381
7 0.423571 0.445431 0.021429 0.027919
7 0.341429 0.651015 0.027143 0.022843
7 0.336071 0.632614 0.027857 0.024112
7 0.501429 0.477157 0.015714 0.020305
7 0.523929 0.465736 0.017857 0.030457
7 0.534286 0.457487 0.020000 0.026650
7 0.543571 0.449873 0.018571 0.026650
7 0.553571 0.440990 0.018571 0.026650
7 0.564286 0.430838 0.018571 0.029188
7 0.622143 0.375635 0.018571 0.030457
7 0.568929 0.424492 0.019286 0.021574
7 0.581429 0.411168 0.021429 0.027919
7 0.611071 0.386421 0.022143 0.024112
0 0.760357 0.699239 0.009286 0.017766
