0 0.308571 0.152857 0.018571 0.010476
0 0.343214 0.147619 0.009286 0.011429
0 0.353929 0.146190 0.009286 0.012381
0 0.366786 0.148571 0.010714 0.013333
0 0.379643 0.149048 0.012143 0.012381
0 0.392500 0.149524 0.012143 0.011429
0 0.440000 0.270000 0.028571 0.020000
0 0.328571 0.313810 0.034286 0.016190
0 0.314643 0.147619 0.022143 0.011429
0 0.352143 0.266190 0.027143 0.012381
0 0.348571 0.274762 0.028571 0.012381
0 0.442857 0.262381 0.027143 0.014286
0 0.331786 0.300000 0.029286 0.013333
0 0.337143 0.291905 0.031429 0.014286
0 0.341786 0.282857 0.027857 0.013333
0 0.270000 0.323333 0.032857 0.016190
0 0.271429 0.307143 0.030000 0.016190
0 0.285357 0.289048 0.027857 0.014286
0 0.293929 0.271905 0.029286 0.014286
0 0.305357 0.256667 0.029286 0.016190
0 0.311071 0.248571 0.027857 0.015238
0 0.268571 0.202381 0.025714 0.012381
0 0.239286 0.200000 0.022857 0.013333
0 0.340000 0.256667 0.027143 0.016190
0 0.375357 0.240000 0.026429 0.013333
0 0.346071 0.193810 0.013571 0.014286
0 0.326786 0.188571 0.016429 0.019048
0 0.266786 0.435238 0.039286 0.020952
0 0.273929 0.416190 0.040714 0.020952
0 0.279643 0.401905 0.037857 0.019048
0 0.287143 0.388571 0.037143 0.019048
0 0.295357 0.375238 0.035000 0.017143
0 0.226429 0.385238 0.044286 0.016190
0 0.196786 0.429048 0.037857 0.020000
0 0.232857 0.370000 0.037143 0.016190
0 0.167500 0.389048 0.023571 0.031429
0 0.146071 0.416190 0.029286 0.036190
0 0.129643 0.890476 0.070714 0.099048
0 0.524643 0.027143 0.005000 0.006667
2 0.535000 0.062381 0.020000 0.020000
2 0.515714 0.062381 0.010000 0.016190
0 0.668571 0.023810 0.007143 0.007619
0 0.691429 0.002381 0.004286 0.004762
0 0.766786 0.040476 0.007857 0.008571
1 0.798929 0.146667 0.026429 0.036190
1 0.901071 0.327619 0.056429 0.076190
1 0.763929 0.107143 0.029286 0.027619
1 0.742857 0.075714 0.018571 0.029524
0 0.775714 0.094762 0.012857 0.010476
0 0.779286 0.087143 0.017143 0.008571
0 0.838929 0.086667 0.013571 0.009524
0 0.838929 0.147619 0.009286 0.013333
0 0.854643 0.127143 0.016429 0.012381
0 0.886071 0.124762 0.017857 0.011429
0 0.901786 0.111905 0.017857 0.014286
0 0.909286 0.121905 0.018571 0.013333
0 0.846429 0.172857 0.022857 0.012381
0 0.854286 0.148571 0.011429 0.015238
0 0.699643 0.009048 0.009286 0.008571
0 0.924643 0.219048 0.013571 0.017143
0 0.912143 0.221429 0.011429 0.020000
0 0.937857 0.220952 0.017143 0.022857
0 0.967857 0.303810 0.028571 0.028571
0 0.986071 0.257619 0.022143 0.018095
0 0.966786 0.255238 0.022143 0.019048
0 0.982143 0.270476 0.024286 0.026667
0 0.990000 0.305238 0.020000 0.020000
0 0.994643 0.271905 0.010714 0.020000
0 0.986786 0.224762 0.022143 0.020952
2 0.923929 0.804762 0.075000 0.188571
