0 0.327143 0.828095 0.058571 0.164762
0 0.333929 0.634762 0.062143 0.149524
0 0.343214 0.443810 0.052143 0.146667
0 0.349286 0.269048 0.048571 0.126667
0 0.691429 0.937619 0.058571 0.124762
0 0.794643 0.959048 0.123571 0.080000
0 0.780714 0.682381 0.101429 0.071429
0 0.774643 0.602381 0.113571 0.071429
0 0.764643 0.522857 0.106429 0.070476
0 0.673214 0.569048 0.053571 0.153333
0 0.660357 0.379524 0.047857 0.134286
0 0.651786 0.224286 0.043571 0.113333
0 0.742143 0.181905 0.100000 0.060952
0 0.744286 0.117143 0.098571 0.064762
0 0.968214 0.245238 0.063571 0.067619
0 0.731071 0.019048 0.100714 0.038095
