0 0.056000 0.582333 0.105000 0.066000
0 0.137250 0.454333 0.087500 0.067333
0 0.167250 0.358667 0.077500 0.050667
0 0.184500 0.327667 0.069000 0.044667
0 0.194250 0.294667 0.068500 0.041333
0 0.207250 0.264667 0.065500 0.038667
0 0.217250 0.234000 0.059500 0.038667
0 0.224500 0.211667 0.050000 0.032667
0 0.234750 0.195667 0.058500 0.035333
0 0.235250 0.180000 0.055500 0.030667
0 0.252750 0.163333 0.048500 0.028000
0 0.249750 0.147000 0.045500 0.026000
0 0.259000 0.131667 0.043000 0.026000
0 0.264000 0.114667 0.039000 0.024000
0 0.265000 0.095667 0.023000 0.027333
0 0.284250 0.069667 0.030500 0.022000
0 0.303750 0.007000 0.015500 0.014000
0 0.369750 0.018333 0.010500 0.018000
0 0.364750 0.041000 0.027500 0.018000
0 0.365000 0.051333 0.028000 0.020000
0 0.367250 0.061667 0.027500 0.020667
0 0.454250 0.938000 0.167500 0.122667
0 0.475750 0.753000 0.132500 0.136667
2 0.451500 0.622333 0.138000 0.131333
0 0.395250 0.529333 0.115500 0.082667
0 0.392000 0.462667 0.091000 0.074667
0 0.358500 0.383333 0.067000 0.058667
0 0.347250 0.337000 0.071500 0.058000
0 0.293000 0.503667 0.062000 0.099333
0 0.367750 0.221333 0.027500 0.037333
0 0.364000 0.180000 0.042000 0.033333
0 0.367250 0.154333 0.045500 0.030000
0 0.367000 0.123667 0.041000 0.027333
0 0.366000 0.079333 0.016000 0.022667
