1 0.388214 0.932857 0.060714 0.098095
3 0.348214 0.841429 0.037857 0.056190
1 0.692857 0.866190 0.077143 0.054286
1 0.935714 0.730000 0.027143 0.033333
6 0.849643 0.704762 0.033571 0.053333
1 0.802143 0.712857 0.020000 0.025714
1 0.777500 0.709048 0.025000 0.025714
1 0.747857 0.702381 0.022857 0.031429
1 0.714643 0.699048 0.027857 0.020952
3 0.708214 0.662857 0.022143 0.030476
3 0.687143 0.664286 0.020000 0.016190
1 0.634286 0.661429 0.021429 0.016190
1 0.617500 0.659524 0.020714 0.016190
1 0.602857 0.658571 0.020000 0.014286
1 0.606429 0.645714 0.020000 0.015238
1 0.590357 0.656190 0.019286 0.015238
1 0.576786 0.654286 0.019286 0.015238
1 0.563571 0.650952 0.020000 0.014286
1 0.550000 0.650476 0.020000 0.015238
2 0.541071 0.640952 0.022143 0.017143
2 0.529643 0.640000 0.022143 0.020952
6 0.538929 0.619524 0.030714 0.020000
1 0.528929 0.621905 0.016429 0.013333
1 0.506786 0.619048 0.013571 0.009524
1 0.497143 0.617619 0.014286 0.010476
1 0.481429 0.616667 0.014286 0.008571
1 0.453571 0.634762 0.018571 0.014286
6 0.426429 0.626190 0.032857 0.027619
1 0.455000 0.626667 0.017143 0.009524
1 0.445357 0.625714 0.015000 0.011429
2 0.457143 0.612857 0.018571 0.014286
1 0.448214 0.614762 0.013571 0.010476
1 0.442500 0.612857 0.012143 0.006667
1 0.433214 0.611905 0.012143 0.008571
1 0.424286 0.611429 0.014286 0.009524
1 0.335714 0.654762 0.018571 0.016190
1 0.322857 0.638095 0.014286 0.013333
3 0.305714 0.621905 0.012857 0.015238
1 0.270714 0.608095 0.007143 0.008571
1 0.257143 0.626667 0.010000 0.011429
3 0.238929 0.620000 0.017857 0.030476
3 0.253214 0.651429 0.016429 0.020952
1 0.246429 0.587143 0.005714 0.004762
1 0.047500 0.629524 0.019286 0.011429
1 0.147143 0.624286 0.024286 0.008571
2 0.126786 0.629048 0.023571 0.014286
1 0.119643 0.632857 0.027857 0.014286
6 0.117143 0.639048 0.040000 0.020952
1 0.108214 0.649048 0.029286 0.014286
1 0.096429 0.656667 0.037143 0.016190
1 0.096786 0.660000 0.036429 0.013333
1 0.094286 0.663333 0.040000 0.014286
1 0.070000 0.671429 0.041429 0.015238
2 0.016786 0.703810 0.033571 0.017143
1 0.012143 0.711905 0.024286 0.021905
