0 0.041845 0.939885 0.083691 0.114504
0 0.986409 0.635496 0.025751 0.110687
0 0.941702 0.465649 0.037911 0.061069
0 0.915236 0.539599 0.045064 0.071565
0 0.861588 0.431775 0.032189 0.054389
0 0.868383 0.395992 0.027182 0.036260
0 0.900572 0.272901 0.020029 0.022901
1 0.938126 0.343511 0.043634 0.101145
1 0.957082 0.269561 0.025751 0.046756
0 0.917024 0.228053 0.014306 0.024809
0 0.917382 0.215172 0.013591 0.018130
0 0.920959 0.207061 0.012160 0.013359
0 0.919170 0.165076 0.011445 0.009542
0 0.950286 0.161260 0.006438 0.011450
0 0.947067 0.140744 0.007153 0.012405
0 0.958512 0.133588 0.005722 0.011450
0 0.956009 0.116412 0.005007 0.007634
0 0.832260 0.250954 0.007868 0.017176
0 0.877682 0.173664 0.015737 0.013359
