1 0.691000 0.809000 0.209000 0.200667
1 0.210250 0.627333 0.160500 0.148000
1 0.253250 0.529667 0.145500 0.132667
1 0.098500 0.388333 0.123000 0.106000
1 0.263000 0.317333 0.116000 0.100000
2 0.320250 0.252333 0.111500 0.094000
1 0.461000 0.323000 0.136000 0.116667
1 0.597500 0.424667 0.106000 0.153333
2 0.756250 0.544667 0.137500 0.194667
1 0.866500 0.564333 0.136000 0.176667
1 0.197000 0.206667 0.065000 0.082667
1 0.117500 0.174667 0.061000 0.082667
1 0.046250 0.146000 0.056500 0.076000
1 0.096000 0.071000 0.093000 0.075333
1 0.056250 0.033333 0.096500 0.066667
7 0.589500 0.228000 0.030000 0.044000
7 0.641250 0.243000 0.041500 0.043333
0 0.509750 0.191000 0.019500 0.048667
0 0.521000 0.204333 0.025000 0.048667
7 0.240500 0.075667 0.036000 0.043333
7 0.289500 0.107667 0.031000 0.035333
0 0.939750 0.505667 0.041500 0.050000
