4 0.496750 0.772333 0.016500 0.027333
2 0.373000 0.441333 0.027000 0.017333
2 0.412750 0.448000 0.024500 0.020000
2 0.449500 0.457667 0.027000 0.019333
2 0.486000 0.464333 0.029000 0.020667
0 0.483500 0.439667 0.010000 0.010000
0 0.337500 0.410333 0.004000 0.010000
0 0.341000 0.409000 0.005000 0.010000
0 0.353000 0.407667 0.005000 0.008667
0 0.357500 0.407000 0.004000 0.010000
4 0.418500 0.435000 0.018000 0.011333
0 0.422500 0.443333 0.009000 0.008000
2 0.597000 0.488667 0.032000 0.020000
7 0.718750 0.437000 0.003500 0.012667
7 0.724500 0.440667 0.005000 0.013333
7 0.732500 0.447333 0.005000 0.010667
7 0.737750 0.450333 0.006500 0.014000
7 0.743000 0.454667 0.007000 0.010667
0 0.750000 0.459000 0.006000 0.011333
0 0.756000 0.462333 0.005000 0.010000
7 0.761750 0.465333 0.010500 0.008000
0 0.764250 0.471000 0.005500 0.011333
0 0.770500 0.473000 0.005000 0.011333
4 0.916000 0.544333 0.028000 0.018000
1 0.140750 0.273333 0.016500 0.010667
1 0.128250 0.271333 0.017500 0.013333
