2 0.483299 0.039889 0.055324 0.059369
1 0.486691 0.097403 0.054802 0.053803
1 0.481733 0.242579 0.055324 0.054731
1 0.572025 0.068182 0.024008 0.089981
1 0.479906 0.192486 0.058977 0.049165
1 0.476775 0.148887 0.056889 0.049165
7 0.598121 0.125232 0.016701 0.033395
7 0.602035 0.186920 0.026618 0.026902
7 0.630480 0.181818 0.019833 0.031540
7 0.483299 0.293135 0.027140 0.029685
7 0.598643 0.315863 0.016701 0.043599
5 0.623173 0.330241 0.034447 0.044527
7 0.620825 0.304267 0.023486 0.018553
1 0.576461 0.247681 0.029749 0.105751
1 0.639875 0.245826 0.033403 0.094620
1 0.474426 0.349722 0.062630 0.051948
1 0.477557 0.409091 0.065762 0.051948
1 0.474948 0.467532 0.065762 0.050093
1 0.477557 0.529685 0.063674 0.051948
1 0.472599 0.592764 0.067328 0.063080
4 0.587422 0.428108 0.014092 0.064007
1 0.641962 0.438776 0.034447 0.113173
1 0.695981 0.337199 0.030793 0.106679
7 0.611952 0.500928 0.030793 0.029685
1 0.583768 0.656308 0.028706 0.119666
3 0.652401 0.661874 0.033403 0.151206
2 0.462422 0.660946 0.056367 0.052876
1 0.466597 0.730519 0.072025 0.062152
1 0.467641 0.810297 0.073069 0.056586
1 0.465814 0.892857 0.071503 0.058442
1 0.472338 0.973098 0.072025 0.051948
1 0.589248 0.930427 0.034447 0.137291
1 0.663361 0.930427 0.029228 0.135436
7 0.764092 0.430427 0.020877 0.042672
7 0.793580 0.518553 0.012004 0.050093
7 0.754175 0.376160 0.026096 0.025046
0 0.758090 0.355751 0.019311 0.013915
7 0.754175 0.343692 0.022965 0.021336
7 0.755741 0.324212 0.019833 0.025046
7 0.741910 0.331169 0.018267 0.018553
7 0.777140 0.322820 0.010438 0.037106
0 0.751566 0.307050 0.022965 0.012987
0 0.749217 0.300093 0.021399 0.013915
7 0.748434 0.290816 0.025052 0.021336
7 0.747390 0.272727 0.020877 0.024119
7 0.740605 0.261132 0.026096 0.017625
7 0.738257 0.243043 0.026618 0.020408
7 0.745825 0.220315 0.019833 0.026902
7 0.739562 0.206865 0.024008 0.025974
7 0.744259 0.190167 0.020877 0.020408
7 0.741388 0.180891 0.019311 0.020408
7 0.736169 0.168831 0.022443 0.020408
7 0.766701 0.179499 0.010438 0.025046
2 0.632568 0.080241 0.026096 0.091837
