0 0.823330 0.673933 0.073591 0.151206
2 0.520355 0.845083 0.098121 0.269017
2 0.344729 0.664193 0.143528 0.124304
0 0.435804 0.582560 0.070981 0.129870
0 0.526096 0.154453 0.037578 0.028757
2 0.440240 0.118275 0.043319 0.056586
0 0.696503 0.126623 0.014092 0.026902
0 0.721033 0.202226 0.024530 0.040816
2 0.763570 0.322356 0.033403 0.075139
0 0.950157 0.574675 0.098643 0.095547
2 0.699896 0.150742 0.151357 0.065863
2 0.788883 0.160019 0.133090 0.088126
2 0.922756 0.176716 0.118998 0.075139
0 0.880219 0.142393 0.040188 0.039889
0 0.769572 0.089054 0.013048 0.018553
0 0.784708 0.113173 0.017223 0.024119
0 0.835856 0.103896 0.013048 0.024119
0 0.842119 0.087662 0.022443 0.017625
