1 0.627250 0.858333 0.066500 0.111333
1 0.580500 0.748333 0.056000 0.099333
1 0.742750 0.802000 0.075500 0.097333
1 0.691250 0.708333 0.062500 0.075333
1 0.894500 0.638667 0.067000 0.093333
4 0.951000 0.713000 0.036000 0.034000
1 0.977000 0.606000 0.046000 0.041333
1 0.486000 0.572667 0.057000 0.054667
1 0.465500 0.510667 0.050000 0.050667
1 0.457500 0.449000 0.034000 0.050000
1 0.516500 0.425333 0.033000 0.037333
1 0.499500 0.393667 0.035000 0.035333
1 0.433750 0.410333 0.028500 0.040667
1 0.344250 0.428333 0.028500 0.038000
1 0.405500 0.353333 0.024000 0.033333
1 0.391000 0.325667 0.022000 0.030000
1 0.376250 0.309000 0.021500 0.027333
1 0.362750 0.289667 0.020500 0.024667
1 0.444750 0.318333 0.025500 0.026000
1 0.428500 0.297667 0.025000 0.024667
1 0.391000 0.236333 0.024000 0.019333
2 0.407500 0.159000 0.028000 0.016667
1 0.369250 0.157000 0.022500 0.014000
1 0.349250 0.161667 0.024500 0.014000
2 0.328750 0.150667 0.026500 0.017333
2 0.297750 0.148667 0.024500 0.016000
1 0.198250 0.106333 0.009500 0.011333
1 0.177000 0.138333 0.014000 0.016667
1 0.153750 0.158667 0.023500 0.014667
1 0.113000 0.168667 0.024000 0.018667
1 0.946250 0.230667 0.019500 0.018667
1 0.987500 0.289667 0.025000 0.026000
1 0.193250 0.095667 0.008500 0.010000
1 0.195500 0.101667 0.008000 0.010000
