3 0.506786 0.809524 0.039286 0.118095
3 0.596786 0.628095 0.037857 0.077143
3 0.555000 0.257143 0.024286 0.070476
3 0.387857 0.061429 0.024286 0.020000
3 0.356786 0.053810 0.022143 0.020000
3 0.708571 0.849524 0.091429 0.060952
1 0.907143 0.976667 0.077143 0.046667
1 0.890357 0.927143 0.066429 0.048571
1 0.868929 0.876667 0.063571 0.046667
1 0.845357 0.810952 0.055000 0.050476
1 0.828571 0.769048 0.057143 0.039048
1 0.862857 0.623333 0.040000 0.054286
1 0.769643 0.590952 0.042143 0.035238
1 0.763214 0.553810 0.045000 0.031429
1 0.747143 0.504286 0.042857 0.029524
1 0.788929 0.446190 0.027857 0.039048
1 0.716429 0.422381 0.038571 0.025714
1 0.747143 0.341429 0.021429 0.029524
1 0.670000 0.172381 0.014286 0.017143
1 0.538929 0.405714 0.017857 0.032381
1 0.469286 0.512857 0.020000 0.042857
1 0.624643 0.149048 0.020714 0.012381
1 0.621429 0.135714 0.021429 0.014286
1 0.618214 0.128571 0.019286 0.013333
1 0.614643 0.121905 0.020714 0.011429
1 0.610714 0.107619 0.020000 0.013333
1 0.608929 0.101429 0.019286 0.010476
1 0.604643 0.087143 0.017857 0.014286
1 0.637500 0.098095 0.012143 0.013333
1 0.617500 0.049048 0.009286 0.014286
1 0.039286 0.520000 0.038571 0.041905
1 0.017500 0.524762 0.035000 0.053333
1 0.062143 0.342381 0.028571 0.033333
1 0.074643 0.317619 0.033571 0.020000
1 0.152500 0.254762 0.020714 0.029524
1 0.170357 0.252857 0.022143 0.031429
1 0.189643 0.251429 0.022143 0.032381
1 0.208929 0.213333 0.017857 0.019048
1 0.222857 0.232857 0.015714 0.025714
1 0.270357 0.233810 0.015000 0.021905
1 0.291071 0.123810 0.020714 0.013333
1 0.291786 0.119524 0.017857 0.016190
1 0.292143 0.115714 0.018571 0.014286
1 0.292500 0.110476 0.019286 0.013333
1 0.295000 0.103810 0.021429 0.013333
1 0.335357 0.111905 0.007857 0.014286
1 0.349286 0.099524 0.010000 0.014286
1 0.351786 0.062381 0.015000 0.012381
1 0.303571 0.084286 0.020000 0.012381
1 0.326071 0.090952 0.009286 0.014286
7 0.508214 0.565238 0.007857 0.021905
7 0.953571 0.825238 0.020000 0.023810
7 0.958929 0.848095 0.025000 0.020000
7 0.976071 0.874286 0.025000 0.022857
7 0.980000 0.892857 0.021429 0.021905
7 0.987500 0.905714 0.019286 0.022857
7 0.500714 0.158095 0.004286 0.013333
7 0.497500 0.070952 0.005000 0.010476
7 0.485714 0.067143 0.004286 0.012381
5 0.013929 0.654286 0.027857 0.030476
7 0.173214 0.874762 0.017857 0.048571
