0 0.772750 0.569667 0.019500 0.034000
0 0.751500 0.516667 0.019000 0.033333
0 0.700750 0.181667 0.012500 0.016667
1 0.650250 0.048333 0.019500 0.032667
1 0.663000 0.076333 0.019000 0.032667
0 0.969250 0.903000 0.035500 0.063333
0 0.989750 0.657333 0.020500 0.036000
0 0.961500 0.598667 0.021000 0.025333
0 0.944750 0.566333 0.023500 0.030000
0 0.925500 0.533333 0.022000 0.026667
0 0.895000 0.476000 0.019000 0.025333
0 0.897500 0.433000 0.019000 0.023333
0 0.873250 0.435000 0.018500 0.023333
0 0.885500 0.403000 0.019000 0.024667
0 0.821500 0.338000 0.015000 0.018667
0 0.809250 0.317333 0.015500 0.018667
0 0.797500 0.295000 0.015000 0.018000
0 0.788250 0.275667 0.013500 0.015333
0 0.778250 0.257667 0.013500 0.015333
0 0.770250 0.242667 0.012500 0.014667
0 0.762500 0.228000 0.013000 0.016000
0 0.753000 0.211333 0.012000 0.014667
0 0.745750 0.197667 0.009500 0.011333
0 0.738750 0.185000 0.010500 0.014000
0 0.731000 0.169667 0.011000 0.012667
0 0.724000 0.156667 0.011000 0.013333
0 0.749250 0.185667 0.011500 0.015333
0 0.766500 0.423667 0.019000 0.035333
