1 0.745714 0.884762 0.157143 0.102857
1 0.711429 0.653810 0.070000 0.046667
1 0.287857 0.595714 0.048571 0.035238
1 0.050714 0.802857 0.098571 0.070476
1 0.081429 0.899048 0.161429 0.081905
1 0.065357 0.965238 0.126429 0.069524
1 0.329643 0.972381 0.179286 0.055238
1 0.280357 0.934762 0.200714 0.117143
1 0.133214 0.830476 0.152143 0.091429
1 0.287500 0.839048 0.127857 0.091429
1 0.336429 0.792381 0.140000 0.060952
2 0.220357 0.755238 0.132143 0.064762
2 0.345357 0.619524 0.039286 0.046667
1 0.311071 0.568571 0.020714 0.032381
0 0.540000 0.946190 0.028571 0.075238
7 0.176071 0.659524 0.037857 0.025714
0 0.409286 0.640000 0.022857 0.017143
1 0.098214 0.547143 0.033571 0.029524
1 0.017857 0.527143 0.035714 0.031429
0 0.953571 0.947143 0.071429 0.075238
0 0.723929 0.710952 0.020714 0.021905
0 0.854286 0.650000 0.022857 0.018095
7 0.790357 0.680952 0.029286 0.024762
7 0.978214 0.628571 0.023571 0.020952
6 0.723214 0.595714 0.103571 0.054286
3 0.874643 0.535238 0.055000 0.032381
3 0.967857 0.515238 0.034286 0.022857
1 0.763571 0.609048 0.047143 0.035238
1 0.799643 0.623333 0.049286 0.033333
1 0.791071 0.590952 0.033571 0.025714
1 0.810714 0.600476 0.041429 0.029524
1 0.842143 0.612381 0.045714 0.028571
1 0.848929 0.594286 0.039286 0.024762
1 0.884643 0.602381 0.042143 0.031429
1 0.916429 0.592381 0.038571 0.024762
1 0.952500 0.583333 0.035000 0.023810
1 0.976429 0.578571 0.025714 0.023810
1 0.991071 0.572381 0.017857 0.024762
1 0.883929 0.585238 0.040714 0.023810
1 0.913929 0.576667 0.030714 0.025714
1 0.945000 0.572381 0.034286 0.024762
1 0.973929 0.553810 0.026429 0.018095
1 0.879643 0.568571 0.036429 0.030476
1 0.911071 0.567143 0.025000 0.021905
1 0.930357 0.564286 0.022143 0.025714
1 0.952500 0.556667 0.025000 0.020000
2 0.835000 0.581429 0.044286 0.035238
