1 0.598000 0.876333 0.161000 0.247333
7 0.721750 0.943333 0.061500 0.113333
7 0.737000 0.816667 0.061000 0.045333
0 0.278000 0.817333 0.071000 0.058667
0 0.268250 0.709667 0.016500 0.048667
7 0.306750 0.644000 0.030500 0.068000
7 0.379750 0.604667 0.019500 0.045333
7 0.296250 0.572667 0.046500 0.044000
7 0.240250 0.491667 0.036500 0.026000
7 0.341750 0.494000 0.026500 0.041333
7 0.495750 0.528667 0.036500 0.040000
0 0.528500 0.495667 0.033000 0.034000
2 0.396750 0.487333 0.085500 0.113333
1 0.477500 0.435333 0.040000 0.061333
7 0.477250 0.472333 0.031500 0.030000
7 0.380750 0.408000 0.015500 0.026667
2 0.126750 0.391000 0.082500 0.022000
1 0.210500 0.387667 0.037000 0.019333
1 0.295250 0.274667 0.018500 0.024000
1 0.269000 0.261000 0.019000 0.016667
2 0.308250 0.227000 0.012500 0.018000
1 0.301250 0.234000 0.016500 0.020000
1 0.291750 0.244667 0.017500 0.016000
2 0.279750 0.253000 0.020500 0.020667
2 0.325500 0.253000 0.016000 0.012667
2 0.341750 0.243000 0.016500 0.020667
2 0.321750 0.305667 0.038500 0.034000
1 0.388000 0.358000 0.035000 0.046667
1 0.464250 0.361667 0.033500 0.056667
1 0.423750 0.341667 0.047500 0.032667
2 0.438000 0.308667 0.020000 0.034667
7 0.403750 0.320667 0.021500 0.016000
2 0.689000 0.353333 0.054000 0.049333
2 0.797500 0.348000 0.054000 0.045333
2 0.786500 0.325000 0.047000 0.034000
2 0.811500 0.338667 0.043000 0.045333
2 0.810250 0.299000 0.045500 0.034000
0 0.770750 0.287000 0.018500 0.015333
2 0.728500 0.291000 0.024000 0.032667
3 0.601500 0.353333 0.060000 0.042667
1 0.314250 0.224000 0.013500 0.014667
1 0.321750 0.218333 0.012500 0.015333
1 0.327500 0.214000 0.011000 0.010667
2 0.337000 0.203667 0.011000 0.015333
0 0.649750 0.617000 0.044500 0.038000
