0 0.255500 0.107333 0.022000 0.013333
0 0.331250 0.107000 0.023500 0.011333
0 0.358750 0.107667 0.022500 0.011333
0 0.388750 0.108000 0.022500 0.012000
0 0.347250 0.099333 0.021500 0.010667
0 0.375500 0.099000 0.022000 0.011333
0 0.404250 0.099000 0.022500 0.011333
0 0.416000 0.107000 0.023000 0.011333
0 0.447000 0.108333 0.023000 0.011333
0 0.484000 0.097667 0.024000 0.014000
0 0.502500 0.108667 0.020000 0.010667
0 0.513250 0.099000 0.021500 0.012667
0 0.527000 0.109000 0.018000 0.010000
0 0.545250 0.099333 0.019500 0.010667
0 0.590250 0.108667 0.024500 0.012000
0 0.599000 0.093333 0.018000 0.013333
0 0.647000 0.097667 0.021000 0.012667
0 0.718500 0.119667 0.010000 0.011333
0 0.716250 0.150333 0.015500 0.016667
0 0.708750 0.194333 0.017500 0.024667
0 0.715000 0.220667 0.026000 0.024000
0 0.632000 0.297333 0.021000 0.037333
0 0.616000 0.334333 0.025000 0.034000
0 0.641250 0.250000 0.020500 0.029333
0 0.606250 0.370667 0.026500 0.042667
0 0.595750 0.410333 0.029500 0.043333
0 0.563250 0.542667 0.042500 0.078667
0 0.430500 0.418333 0.039000 0.051333
0 0.641000 0.704000 0.080000 0.068000
0 0.647500 0.846000 0.060000 0.157333
0 0.289250 0.677667 0.076500 0.111333
2 0.420750 0.649333 0.057500 0.105333
0 0.356250 0.817333 0.063500 0.097333
0 0.938750 0.688000 0.106500 0.061333
2 0.707750 0.012667 0.010500 0.022667
0 0.836500 0.303333 0.038000 0.020000
0 0.838000 0.317333 0.037000 0.018667
0 0.839750 0.335000 0.041500 0.023333
0 0.690250 0.411333 0.026500 0.045333
0 0.500500 0.475000 0.031000 0.075333
0 0.268500 0.975000 0.063000 0.044667
