0 0.485357 0.589048 0.025000 0.054286
0 0.291071 0.075714 0.006429 0.010476
0 0.299286 0.092857 0.017143 0.012381
0 0.356786 0.067143 0.009286 0.014286
0 0.292500 0.127143 0.020714 0.012381
0 0.345714 0.196667 0.024286 0.016190
0 0.374286 0.070000 0.010000 0.014286
0 0.413214 0.018095 0.013571 0.009524
0 0.427500 0.013333 0.013571 0.011429
0 0.460000 0.060000 0.007143 0.011429
0 0.463214 0.129048 0.019286 0.010476
0 0.465357 0.144286 0.023571 0.016190
0 0.476429 0.173333 0.022857 0.011429
0 0.479643 0.182857 0.026429 0.013333
0 0.478929 0.196667 0.026429 0.016190
0 0.483571 0.229524 0.025714 0.017143
0 0.498929 0.234286 0.020714 0.015238
0 0.501786 0.248571 0.020714 0.017143
0 0.560000 0.411429 0.035714 0.026667
0 0.604643 0.541429 0.046429 0.040952
0 0.699643 0.790000 0.037857 0.098095
0 0.618571 0.413810 0.022857 0.037143
