0 0.309643 0.898571 0.142143 0.092381
0 0.339643 0.751429 0.122143 0.085714
0 0.605714 0.636190 0.115714 0.085714
0 0.650000 0.447143 0.101429 0.067619
0 0.804286 0.527143 0.110000 0.073333
0 0.801071 0.409048 0.093571 0.071429
0 0.637143 0.199048 0.062857 0.043810
0 0.542500 0.190476 0.075000 0.036190
0 0.368929 0.200000 0.066429 0.043810
0 0.248571 0.216190 0.072857 0.043810
0 0.269643 0.159524 0.063571 0.044762
0 0.416786 0.175714 0.063571 0.040952
0 0.474643 0.084286 0.059286 0.040952
0 0.397143 0.077619 0.054286 0.033333
0 0.336071 0.071429 0.052143 0.038095
0 0.259643 0.056190 0.053571 0.032381
0 0.117500 0.044762 0.060714 0.034286
0 0.043571 0.039048 0.057143 0.034286
0 0.193571 0.052381 0.050000 0.030476
0 0.211071 0.250952 0.082143 0.044762
0 0.312857 0.263810 0.071429 0.047619
0 0.445357 0.240476 0.077857 0.054286
0 0.470714 0.211429 0.064286 0.053333
0 0.436071 0.276190 0.089286 0.070476
0 0.801429 0.246190 0.055714 0.054286
0 0.797500 0.128095 0.049286 0.035238
1 0.777857 0.743810 0.250000 0.201905
0 0.971786 0.435238 0.056429 0.078095
0 0.040000 0.137143 0.080000 0.051429
0 0.941429 0.030952 0.014286 0.021905
0 0.953929 0.022857 0.023571 0.032381
1 0.978571 0.046190 0.042857 0.086667
