1 0.475714 0.808376 0.031429 0.086294
1 0.504643 0.636421 0.032143 0.079949
1 0.529286 0.526650 0.025714 0.065990
1 0.588929 0.158629 0.019286 0.043147
1 0.567500 0.236675 0.019286 0.052030
1 0.563929 0.286802 0.022143 0.055838
3 0.553929 0.348350 0.033571 0.090102
2 0.606071 0.070431 0.015000 0.044416
1 0.640000 0.012056 0.034286 0.024112
1 0.688571 0.012056 0.034286 0.024112
1 0.792500 0.012056 0.033571 0.024112
1 0.845714 0.019036 0.031429 0.038071
1 0.908929 0.017766 0.032143 0.035533
1 0.934643 0.019036 0.033571 0.038071
2 0.880714 0.019036 0.031429 0.038071
