1 0.866071 0.881429 0.195000 0.237143
2 0.789643 0.657143 0.119286 0.198095
1 0.243929 0.585238 0.125000 0.195238
1 0.530357 0.440952 0.066429 0.112381
1 0.616786 0.376667 0.062143 0.077143
1 0.571071 0.333333 0.067857 0.080000
1 0.476429 0.303333 0.068571 0.069524
1 0.531786 0.251905 0.055000 0.058095
1 0.635714 0.320476 0.051429 0.067619
1 0.642143 0.276667 0.047143 0.044762
2 0.316429 0.449048 0.091429 0.136190
1 0.224643 0.385238 0.117857 0.079048
1 0.250000 0.290952 0.080000 0.071429
1 0.205714 0.275714 0.074286 0.061905
1 0.569643 0.219524 0.043571 0.054286
1 0.762857 0.369524 0.054286 0.087619
1 0.671071 0.193333 0.037857 0.045714
1 0.602143 0.198095 0.035714 0.040000
1 0.620357 0.181905 0.027857 0.038095
1 0.637143 0.160952 0.030000 0.032381
1 0.650714 0.147619 0.025714 0.034286
2 0.676429 0.117619 0.022857 0.035238
1 0.704286 0.154286 0.027143 0.038095
1 0.735357 0.155238 0.022143 0.034286
1 0.716786 0.134286 0.023571 0.030476
1 0.743929 0.136667 0.022143 0.029524
1 0.726429 0.118571 0.021429 0.027619
1 0.736071 0.110476 0.019286 0.024762
1 0.735000 0.099524 0.020000 0.025714
1 0.734643 0.089524 0.017857 0.020952
1 0.758214 0.093810 0.017857 0.021905
1 0.788571 0.249524 0.038571 0.047619
1 0.798571 0.216190 0.030000 0.045714
1 0.797857 0.177619 0.027143 0.037143
1 0.804643 0.161905 0.019286 0.032381
1 0.802857 0.132857 0.022857 0.029524
1 0.690714 0.092857 0.015714 0.027619
1 0.678214 0.079524 0.029286 0.020000
1 0.730000 0.076190 0.015714 0.019048
1 0.727857 0.066667 0.015714 0.019048
1 0.751429 0.082381 0.017143 0.018095
1 0.747857 0.070952 0.014286 0.020000
1 0.971071 0.286667 0.049286 0.068571
