3 0.043214 0.901015 0.086429 0.192893
1 0.098571 0.760787 0.044286 0.072335
1 0.229286 0.840102 0.044286 0.119289
1 0.252143 0.731599 0.031429 0.092640
1 0.178571 0.546954 0.037143 0.063452
3 0.261429 0.299492 0.037143 0.071066
1 0.291071 0.242386 0.019286 0.032995
1 0.300357 0.213198 0.019286 0.030457
1 0.309286 0.188452 0.018571 0.024112
2 0.347857 0.013959 0.022857 0.025381
1 0.327143 0.016497 0.021429 0.020305
1 0.474286 0.714467 0.041429 0.119289
1 0.546429 0.106599 0.017143 0.035533
1 0.671429 0.071066 0.020000 0.043147
3 0.767500 0.397843 0.070714 0.178934
