0 0.341429 0.021905 0.035714 0.043810
2 0.229286 0.096667 0.057143 0.117143
0 0.228929 0.176190 0.045000 0.080000
0 0.231429 0.364762 0.052857 0.112381
0 0.230357 0.490952 0.060714 0.136190
0 0.241429 0.669524 0.070000 0.165714
0 0.251786 0.897143 0.082143 0.203810
0 0.518571 0.009048 0.032857 0.018095
0 0.463571 0.164286 0.042857 0.069524
0 0.553214 0.256190 0.093571 0.070476
0 0.545714 0.028095 0.060000 0.040952
0 0.605357 0.010952 0.050714 0.021905
0 0.643571 0.019524 0.070000 0.037143
0 0.557143 0.072381 0.047143 0.055238
0 0.599643 0.058571 0.045000 0.061905
0 0.579286 0.184286 0.058571 0.069524
0 0.599643 0.149524 0.055000 0.064762
0 0.689643 0.303810 0.075000 0.091429
0 0.642143 0.110476 0.057143 0.055238
2 0.704643 0.166190 0.082143 0.098095
0 0.773571 0.273810 0.067143 0.082857
0 0.777500 0.479048 0.092143 0.137143
0 0.730357 0.558095 0.087857 0.142857
0 0.860357 0.400476 0.083571 0.109524
0 0.929643 0.308571 0.097857 0.110476
0 0.901429 0.722381 0.138571 0.187619
0 0.941786 0.680476 0.112143 0.178095
0 0.974643 0.618571 0.042143 0.100000
