1 0.518250 0.390667 0.007500 0.004000
1 0.508500 0.390333 0.007000 0.003333
1 0.580500 0.413667 0.010000 0.004667
1 0.570750 0.411000 0.009500 0.004667
7 0.578750 0.418333 0.004500 0.003333
1 0.519500 0.502667 0.010000 0.012000
2 0.526000 0.493667 0.009000 0.014000
7 0.476500 0.576000 0.004000 0.009333
7 0.494500 0.591333 0.006000 0.009333
2 0.481000 0.598000 0.010000 0.024000
1 0.571000 0.899333 0.034000 0.064000
6 0.500750 0.937333 0.030500 0.078667
1 0.495000 0.871000 0.025000 0.058000
1 0.489750 0.797667 0.025500 0.039333
3 0.481250 0.745000 0.024500 0.059333
0 0.518250 0.737333 0.013500 0.014667
1 0.421500 0.902333 0.060000 0.044667
1 0.423500 0.767000 0.018000 0.039333
1 0.359750 0.834333 0.022500 0.048667
1 0.365750 0.778667 0.018500 0.040000
1 0.374500 0.735333 0.023000 0.033333
1 0.384250 0.676667 0.013500 0.022667
1 0.384250 0.650667 0.013500 0.024000
2 0.391500 0.618000 0.012000 0.020000
0 0.404250 0.650333 0.004500 0.015333
1 0.431250 0.627667 0.013500 0.023333
7 0.437750 0.616667 0.005500 0.010667
7 0.431250 0.616333 0.007500 0.007333
1 0.434000 0.602667 0.013000 0.020000
1 0.431250 0.586333 0.012500 0.015333
3 0.391750 0.594000 0.011500 0.021333
0 0.402750 0.589333 0.003500 0.009333
0 0.394250 0.564000 0.009500 0.008000
7 0.406250 0.563333 0.009500 0.008000
7 0.396500 0.557333 0.006000 0.005333
1 0.435750 0.573333 0.018500 0.016000
1 0.437250 0.565667 0.020500 0.012667
1 0.433750 0.545333 0.009500 0.012000
1 0.402750 0.545667 0.012500 0.012667
1 0.405750 0.536000 0.010500 0.012000
2 0.404500 0.524000 0.008000 0.013333
1 0.434500 0.533667 0.016000 0.010000
1 0.426000 0.528333 0.011000 0.010000
1 0.416250 0.526000 0.009500 0.013333
7 0.436250 0.522667 0.003500 0.006667
1 0.432000 0.509000 0.007000 0.010000
2 0.433000 0.499667 0.008000 0.012667
1 0.432750 0.494000 0.007500 0.010667
1 0.432250 0.482667 0.006500 0.009333
1 0.281000 0.684333 0.035000 0.020667
1 0.275500 0.703667 0.037000 0.020667
1 0.300250 0.793333 0.024500 0.041333
2 0.382000 0.544333 0.011000 0.015333
1 0.404500 0.507667 0.009000 0.014000
1 0.406750 0.498667 0.007500 0.013333
1 0.407500 0.487000 0.008000 0.011333
1 0.409250 0.474333 0.007500 0.012667
1 0.421500 0.472000 0.007000 0.009333
1 0.431250 0.469000 0.006500 0.007333
1 0.430000 0.463333 0.015000 0.008000
1 0.430250 0.461000 0.015500 0.008667
2 0.439750 0.457000 0.006500 0.010000
1 0.420250 0.456667 0.006500 0.009333
1 0.418000 0.452333 0.011000 0.007333
1 0.408000 0.456000 0.006000 0.006667
1 0.410250 0.451000 0.005500 0.008667
1 0.411250 0.444000 0.006500 0.010667
2 0.383500 0.457000 0.013000 0.010000
2 0.399250 0.450000 0.011500 0.006667
2 0.388000 0.454333 0.013000 0.010000
1 0.394750 0.452333 0.008500 0.007333
1 0.385000 0.469000 0.014000 0.008667
0 0.426750 0.478667 0.002500 0.005333
