1 0.879958 0.082560 0.057411 0.076067
1 0.720251 0.224954 0.061587 0.084416
1 0.825939 0.133581 0.065240 0.089054
7 0.771138 0.236549 0.017223 0.050093
7 0.787056 0.275046 0.017745 0.039889
7 0.430063 0.506957 0.027140 0.017625
1 0.202244 0.690167 0.070459 0.090909
7 0.151618 0.751855 0.027662 0.019481
1 0.082724 0.844620 0.050626 0.108534
7 0.514614 0.543135 0.015658 0.038033
7 0.629175 0.441095 0.010960 0.026902
7 0.624478 0.389147 0.007829 0.023191
7 0.627349 0.404453 0.014614 0.020408
7 0.582203 0.216605 0.009916 0.023191
7 0.935543 0.155844 0.019311 0.042672
