0 0.356071 0.119048 0.013571 0.036190
0 0.361071 0.165238 0.015000 0.039048
0 0.366429 0.220952 0.014286 0.038095
0 0.395357 0.531905 0.013571 0.035238
2 0.399286 0.580000 0.014286 0.036190
0 0.404286 0.659048 0.011429 0.038095
0 0.412857 0.747619 0.014286 0.038095
0 0.620714 0.850000 0.014286 0.039048
0 0.623571 0.754286 0.018571 0.040000
0 0.666429 0.676190 0.025714 0.015238
0 0.691071 0.679524 0.025000 0.018095
0 0.734643 0.684286 0.027857 0.020000
0 0.769643 0.689048 0.026429 0.020000
0 0.836429 0.740476 0.025714 0.018095
0 0.833214 0.701429 0.029286 0.018095
0 0.905357 0.713810 0.025000 0.016190
0 0.891071 0.752381 0.026429 0.017143
0 0.923214 0.756190 0.029286 0.019048
0 0.932500 0.717143 0.023571 0.019048
0 0.712500 0.652857 0.027857 0.016190
0 0.755357 0.599524 0.012143 0.035238
0 0.582143 0.473333 0.015714 0.038095
0 0.626786 0.531905 0.013571 0.037143
0 0.642143 0.529048 0.012857 0.037143
0 0.695000 0.410000 0.028571 0.018095
0 0.724286 0.414286 0.025714 0.019048
0 0.779643 0.423333 0.029286 0.018095
0 0.870000 0.438571 0.025714 0.018095
0 0.905357 0.444286 0.016429 0.035238
0 0.953214 0.453810 0.027857 0.018095
0 0.611786 0.341905 0.022143 0.017143
0 0.614643 0.325238 0.026429 0.016190
0 0.613571 0.302857 0.027143 0.019048
0 0.683214 0.086190 0.027857 0.020000
2 0.562143 0.138095 0.018571 0.036190
