0 0.320357 0.041429 0.013571 0.035238
0 0.335714 0.033333 0.014286 0.040000
0 0.317857 0.147143 0.014286 0.040952
0 0.362500 0.210476 0.013571 0.030476
0 0.315000 0.257143 0.014286 0.038095
0 0.361786 0.255714 0.012143 0.037143
0 0.317143 0.301429 0.012857 0.039048
0 0.361429 0.301905 0.014286 0.038095
0 0.362857 0.350000 0.014286 0.037143
0 0.316786 0.397619 0.015000 0.039048
0 0.362500 0.403810 0.012143 0.038095
0 0.316429 0.448095 0.015714 0.037143
0 0.371071 0.689048 0.013571 0.040952
0 0.473571 0.622857 0.022857 0.034286
2 0.503214 0.062857 0.019286 0.093333
2 0.605714 0.069524 0.017143 0.076190
2 0.543929 0.698571 0.037857 0.033333
0 0.518929 0.791429 0.020714 0.038095
2 0.466429 0.834286 0.012857 0.040000
2 0.615000 0.966190 0.021429 0.056190
0 0.792143 0.729524 0.027143 0.019048
0 0.796786 0.689048 0.029286 0.018095
0 0.802143 0.669048 0.028571 0.018095
0 0.802500 0.643810 0.027857 0.015238
0 0.801786 0.610952 0.027857 0.021905
0 0.797143 0.555238 0.030000 0.019048
0 0.801071 0.528095 0.027857 0.016190
0 0.797500 0.498571 0.030714 0.018095
0 0.748571 0.361429 0.014286 0.035238
0 0.809643 0.357619 0.013571 0.037143
0 0.896429 0.117143 0.031429 0.020952
2 0.898929 0.063333 0.032143 0.021905
1 0.747857 0.154762 0.024286 0.092381
0 0.126786 0.863333 0.029286 0.023810
0 0.129286 0.964286 0.032857 0.025714
