1 0.546451 0.815399 0.051148 0.081633
1 0.649530 0.676716 0.046451 0.052876
1 0.714770 0.669295 0.041232 0.051020
1 0.866388 0.617811 0.038622 0.053803
2 0.931628 0.169759 0.013570 0.022263
1 0.262787 0.576067 0.027662 0.050093
1 0.235386 0.607143 0.021921 0.052876
1 0.207463 0.591837 0.026618 0.048237
2 0.217119 0.537570 0.024008 0.052876
1 0.193372 0.556586 0.019311 0.042672
1 0.183194 0.505102 0.018789 0.034323
1 0.222599 0.447124 0.018267 0.037106
1 0.265397 0.435065 0.018267 0.037106
3 0.206942 0.483766 0.022443 0.054731
1 0.173800 0.465677 0.015658 0.040816
1 0.183977 0.404917 0.017223 0.036178
1 0.164927 0.427644 0.020877 0.031540
1 0.175104 0.370130 0.015136 0.027829
1 0.153706 0.398423 0.015136 0.030612
1 0.147704 0.355751 0.015658 0.036178
1 0.178236 0.310761 0.016180 0.024119
1 0.152662 0.297310 0.013048 0.025046
1 0.133090 0.294063 0.012526 0.022263
1 0.124739 0.212894 0.012526 0.017625
1 0.108038 0.255102 0.011482 0.018553
6 0.093685 0.098330 0.014092 0.031540
1 0.143789 0.454545 0.019311 0.042672
7 0.109081 0.685993 0.010438 0.013915
7 0.113779 0.768089 0.010438 0.014842
7 0.095772 0.734694 0.007829 0.012987
7 0.621347 0.944341 0.019311 0.038961
