0 0.433214 0.718909 0.039286 0.036802
0 0.197143 0.689721 0.037143 0.034264
0 0.222143 0.667513 0.042857 0.032995
0 0.237857 0.638959 0.040000 0.034264
0 0.252500 0.619289 0.036429 0.027919
0 0.296071 0.656726 0.037857 0.031726
0 0.301786 0.634518 0.037857 0.027919
2 0.291429 0.684010 0.041429 0.038071
0 0.373571 0.677665 0.044286 0.038071
0 0.309643 0.434645 0.035000 0.029188
0 0.257500 0.457487 0.026429 0.031726
0 0.234286 0.444162 0.025714 0.030457
0 0.309643 0.475254 0.022143 0.036802
0 0.327500 0.482234 0.022143 0.035533
0 0.603929 0.480330 0.019286 0.029188
0 0.628571 0.465102 0.020000 0.031726
2 0.665000 0.685279 0.204286 0.096447
2 0.551786 0.697970 0.202143 0.101523
