3 0.687857 0.910476 0.211429 0.173333
0 0.866071 0.818571 0.049286 0.027619
7 0.676786 0.760476 0.022143 0.061905
2 0.105357 0.245238 0.073571 0.113333
1 0.166786 0.279048 0.067857 0.112381
2 0.221071 0.272381 0.057857 0.097143
2 0.452857 0.329524 0.052857 0.120000
7 0.203929 0.480000 0.040714 0.030476
7 0.341429 0.113810 0.031429 0.035238
7 0.715714 0.594762 0.024286 0.063810
7 0.678214 0.357619 0.027857 0.042857
7 0.651429 0.355238 0.022857 0.045714
7 0.640357 0.625714 0.025000 0.053333
7 0.609643 0.561905 0.046429 0.043810
7 0.606071 0.469048 0.045000 0.033333
7 0.291786 0.257143 0.033571 0.036190
7 0.277857 0.310952 0.040000 0.029524
7 0.256429 0.374286 0.040000 0.034286
7 0.265714 0.342857 0.040000 0.036190
7 0.241071 0.399524 0.047857 0.046667
7 0.228929 0.434286 0.039286 0.040000
2 0.229286 0.055714 0.058571 0.075238
7 0.286071 0.283333 0.040714 0.029524
7 0.301786 0.220952 0.032143 0.030476
1 0.943929 0.772381 0.112143 0.091429
5 0.612857 0.286667 0.061429 0.040000
7 0.608571 0.309048 0.037143 0.029524
7 0.616429 0.363333 0.034286 0.029524
7 0.614643 0.387619 0.040714 0.024762
7 0.608571 0.335238 0.037143 0.028571
7 0.615000 0.437143 0.038571 0.026667
7 0.613214 0.410000 0.040714 0.025714
7 0.616429 0.602381 0.037143 0.037143
7 0.612857 0.541429 0.035714 0.025714
7 0.611071 0.493810 0.045000 0.029524
