1 0.503571 0.144286 0.011429 0.027619
1 0.493571 0.247143 0.015714 0.044762
1 0.512143 0.296667 0.012857 0.021905
1 0.577143 0.327619 0.014286 0.024762
1 0.502143 0.383810 0.014286 0.024762
1 0.507143 0.173333 0.005714 0.011429
2 0.521071 0.114286 0.010714 0.019048
0 0.532857 0.099048 0.005714 0.007619
0 0.535357 0.110952 0.005000 0.008571
0 0.487143 0.135714 0.007143 0.008571
0 0.499286 0.193333 0.007143 0.013333
2 0.527143 0.142857 0.008571 0.015238
2 0.482857 0.200476 0.007143 0.014286
2 0.566429 0.116667 0.024286 0.027619
0 0.775000 0.627619 0.035714 0.053333
0 0.752857 0.572381 0.028571 0.047619
