2 0.769050 0.878479 0.062109 0.105751
1 0.654228 0.715677 0.036013 0.075139
1 0.679280 0.695269 0.033925 0.069573
1 0.694154 0.661874 0.041754 0.084416
1 0.750783 0.626623 0.039144 0.073284
1 0.772704 0.598330 0.030793 0.070501
1 0.795668 0.578386 0.043319 0.076994
1 0.855950 0.533859 0.041754 0.076994
1 0.876305 0.506494 0.042797 0.076067
1 0.990605 0.486085 0.017745 0.057514
1 0.831681 0.307978 0.023486 0.053803
1 0.927975 0.704545 0.051148 0.078850
1 0.967641 0.673006 0.031315 0.080705
1 0.549061 0.647495 0.049061 0.070501
1 0.530271 0.613636 0.043841 0.065863
1 0.465292 0.505102 0.044363 0.069573
1 0.415971 0.418367 0.042797 0.063080
1 0.363518 0.333488 0.043319 0.054731
1 0.347077 0.285250 0.042797 0.052876
1 0.331942 0.263451 0.043841 0.050093
7 0.309238 0.223562 0.015136 0.024119
1 0.285752 0.202690 0.021399 0.051020
6 0.088466 0.075603 0.088205 0.082560
3 0.157098 0.039889 0.045929 0.055659
3 0.195459 0.018553 0.039144 0.037106
1 0.213727 0.119202 0.034969 0.039889
1 0.046712 0.728200 0.037056 0.037106
1 0.086639 0.866419 0.054280 0.050093
