0 0.084643 0.295714 0.009286 0.010476
2 0.071071 0.310476 0.065000 0.060952
2 0.244286 0.426667 0.030000 0.030476
2 0.288214 0.466667 0.040714 0.043810
2 0.316429 0.525714 0.025714 0.030476
2 0.392857 0.595238 0.021429 0.022857
2 0.413929 0.616667 0.022143 0.025714
2 0.401429 0.658095 0.025714 0.028571
2 0.742143 0.536190 0.020000 0.030476
2 0.551071 0.462381 0.042143 0.029524
2 0.576786 0.412381 0.030714 0.028571
2 0.443929 0.404762 0.019286 0.015238
2 0.401071 0.406667 0.012143 0.011429
2 0.394286 0.336190 0.012857 0.017143
2 0.362857 0.164286 0.014286 0.016190
2 0.437500 0.229048 0.012143 0.012381
2 0.446786 0.226667 0.027857 0.019048
2 0.970357 0.263810 0.022143 0.019048
2 0.457500 0.222381 0.029286 0.018095
2 0.471071 0.221905 0.023571 0.017143
2 0.485714 0.229048 0.014286 0.012381
0 0.402143 0.385714 0.011429 0.011429
0 0.397500 0.345238 0.012143 0.010476
1 0.213214 0.419524 0.027857 0.023810
2 0.230000 0.330000 0.012857 0.014286
0 0.275000 0.495238 0.012857 0.013333
0 0.291429 0.510000 0.012857 0.014286
0 0.232143 0.561429 0.014286 0.018095
0 0.239286 0.563333 0.012857 0.018095
0 0.246429 0.566190 0.012857 0.018095
0 0.261071 0.578095 0.015000 0.017143
0 0.270357 0.543333 0.013571 0.020000
0 0.275000 0.585714 0.014286 0.013333
0 0.312857 0.577619 0.015714 0.014286
0 0.277143 0.561905 0.018571 0.019048
0 0.285714 0.565238 0.014286 0.016190
0 0.336786 0.636667 0.017857 0.014286
0 0.333214 0.647619 0.017857 0.013333
0 0.327857 0.659048 0.017143 0.015238
0 0.323929 0.670476 0.017857 0.013333
0 0.374286 0.682381 0.015714 0.014286
0 0.390357 0.631429 0.015000 0.017143
0 0.503214 0.692857 0.017857 0.020000
1 0.836429 0.947143 0.070000 0.075238
0 0.616071 0.379048 0.010714 0.009524
0 0.621429 0.376667 0.010000 0.010476
0 0.668929 0.365714 0.010714 0.009524
0 0.675714 0.372857 0.010000 0.010476
0 0.680714 0.377143 0.010000 0.011429
0 0.686786 0.379524 0.007857 0.010476
0 0.726429 0.401429 0.010000 0.010476
0 0.721429 0.396667 0.010000 0.010476
0 0.714286 0.391429 0.008571 0.011429
