1 0.565000 0.961905 0.055714 0.076190
1 0.768571 0.865238 0.127143 0.080952
1 0.331786 0.500476 0.055000 0.147619
1 0.348571 0.354762 0.048571 0.120952
1 0.360357 0.205238 0.046429 0.122857
1 0.549643 0.195238 0.040714 0.110476
1 0.728214 0.322381 0.099286 0.065714
1 0.543214 0.066667 0.040714 0.097143
2 0.460000 0.305238 0.045714 0.149524
2 0.730000 0.391905 0.107143 0.067619
1 0.733214 0.546190 0.117857 0.073333
7 0.401429 0.194286 0.015714 0.051429
7 0.392857 0.663810 0.020000 0.053333
7 0.377857 0.880952 0.021429 0.059048
0 0.553214 0.462381 0.025000 0.044762
7 0.721429 0.233810 0.037143 0.033333
0 0.760000 0.220476 0.017143 0.040952
7 0.731429 0.024762 0.041429 0.036190
7 0.800357 0.624762 0.022143 0.059048
7 0.798571 0.786190 0.050000 0.025714
