0 0.491649 0.367811 0.041754 0.026902
0 0.480689 0.523191 0.048017 0.042672
0 0.474426 0.557978 0.050104 0.041744
0 0.470511 0.591837 0.056889 0.046382
0 0.444676 0.668831 0.059499 0.048237
0 0.772965 0.692022 0.066806 0.048237
0 0.669624 0.557514 0.027140 0.059369
2 0.651357 0.202690 0.016701 0.039889
0 0.660230 0.140074 0.017745 0.016698
0 0.659969 0.134045 0.021399 0.015770
0 0.659969 0.129870 0.022443 0.014842
0 0.656837 0.106215 0.016180 0.019481
0 0.586378 0.114100 0.009916 0.016698
2 0.905532 0.240724 0.038622 0.045455
