3 0.181750 0.898333 0.183500 0.203333
3 0.506250 0.660333 0.079500 0.198000
3 0.523500 0.911333 0.090000 0.177333
3 0.569750 0.348000 0.092500 0.224000
3 0.572250 0.118667 0.099500 0.100000
1 0.300000 0.436667 0.058000 0.132000
1 0.333000 0.095000 0.028000 0.054000
1 0.342500 0.050667 0.026000 0.048000
1 0.456500 0.045333 0.044000 0.040000
1 0.536750 0.055333 0.059500 0.037333
3 0.572000 0.120667 0.098000 0.100000
1 0.639500 0.045000 0.056000 0.039333
1 0.646000 0.087667 0.056000 0.039333
2 0.526000 0.181000 0.036000 0.083333
4 0.465500 0.221333 0.026000 0.076000
1 0.341750 0.014000 0.027500 0.028000
7 0.393250 0.150333 0.012500 0.030000
7 0.414250 0.016667 0.008500 0.022667
0 0.421250 0.055333 0.010500 0.028000
0 0.369000 0.027667 0.010000 0.023333
2 0.575000 0.022667 0.057000 0.040000
