2 0.036786 0.603426 0.027857 0.036802
1 0.091786 0.657360 0.029286 0.040609
1 0.030357 0.647843 0.029286 0.041878
1 0.006786 0.727157 0.013571 0.048223
1 0.026786 0.763325 0.027857 0.054569
1 0.043571 0.771574 0.020000 0.045685
1 0.078929 0.835660 0.022143 0.049492
1 0.092143 0.856599 0.022857 0.045685
2 0.064286 0.815990 0.027143 0.058376
7 0.129643 0.914340 0.015000 0.021574
7 0.135357 0.937817 0.017857 0.015228
2 0.148214 0.972716 0.036429 0.031726
1 0.162857 0.722081 0.030000 0.038071
1 0.237857 0.786168 0.032857 0.041878
1 0.289286 0.844543 0.031429 0.039340
1 0.190714 0.772843 0.028571 0.040609
2 0.361071 0.751269 0.035000 0.045685
2 0.423571 0.829949 0.035714 0.043147
2 0.591429 0.800127 0.031429 0.034264
7 0.568929 0.886421 0.016429 0.019036
6 0.950000 0.909264 0.100000 0.105330
6 0.824643 0.448604 0.057857 0.036802
2 0.925357 0.428299 0.035000 0.031726
2 0.872500 0.449873 0.030714 0.029188
1 0.766786 0.449239 0.033571 0.027919
1 0.711429 0.439086 0.032857 0.027919
2 0.663571 0.431472 0.034286 0.030457
1 0.535714 0.391497 0.034286 0.031726
6 0.602500 0.407995 0.053571 0.044416
7 0.630357 0.141497 0.006429 0.029188
7 0.640357 0.231599 0.005000 0.021574
7 0.626786 0.094543 0.006429 0.031726
