1 0.667857 0.707487 0.031429 0.118020
1 0.617500 0.627538 0.035000 0.110406
1 0.570000 0.811548 0.028571 0.130711
1 0.358929 0.787437 0.037857 0.112944
1 0.457143 0.562183 0.027143 0.078680
1 0.388929 0.447970 0.030714 0.091371
1 0.686786 0.326777 0.025000 0.090102
2 0.594286 0.145305 0.027143 0.092640
1 0.558929 0.117386 0.022143 0.067259
1 0.397143 0.055203 0.024286 0.057107
6 0.042857 0.731599 0.057143 0.250000
6 0.024286 0.358503 0.048571 0.138325
2 0.461786 0.026650 0.025000 0.053299
3 0.084286 0.475254 0.067143 0.123096
1 0.621786 0.425127 0.029286 0.109137
