7 0.787500 0.514333 0.036000 0.048667
7 0.523250 0.909000 0.030500 0.110000
7 0.618250 0.768667 0.029500 0.078667
4 0.182750 0.955000 0.131500 0.090000
1 0.418500 0.484000 0.104000 0.065333
1 0.434250 0.431000 0.092500 0.058000
0 0.487750 0.371333 0.010500 0.029333
0 0.514250 0.366667 0.012500 0.030667
0 0.597750 0.359000 0.015500 0.030000
7 0.468000 0.308667 0.015000 0.025333
0 0.421750 0.303333 0.012500 0.030667
7 0.407000 0.285667 0.015000 0.024667
7 0.453500 0.261667 0.021000 0.016667
7 0.405750 0.167667 0.006500 0.016667
2 0.768000 0.126000 0.028000 0.024000
2 0.839500 0.284333 0.057000 0.039333
3 0.603500 0.147333 0.033000 0.022667
0 0.572500 0.161000 0.013000 0.014000
1 0.467000 0.131333 0.023000 0.017333
1 0.451000 0.122667 0.021000 0.018667
1 0.433500 0.116333 0.021000 0.015333
1 0.373000 0.087333 0.015000 0.017333
1 0.382500 0.093667 0.014000 0.014000
2 0.396750 0.099000 0.014500 0.015333
1 0.407500 0.102667 0.010000 0.013333
2 0.416000 0.105667 0.014000 0.019333
2 0.490500 0.133000 0.018000 0.019333
3 0.507500 0.138000 0.031000 0.028000
2 0.709000 0.231000 0.036000 0.036667
2 0.664750 0.213333 0.035500 0.037333
1 0.937250 0.330333 0.049500 0.044667
