0 0.578571 0.765228 0.028571 0.086294
0 0.512857 0.776650 0.027143 0.071066
0 0.538571 0.494924 0.025714 0.048223
0 0.538214 0.420051 0.025000 0.040609
0 0.461786 0.358503 0.020714 0.036802
0 0.424286 0.293782 0.020000 0.029188
0 0.436429 0.270939 0.022857 0.034264
2 0.427143 0.178299 0.034286 0.046954
2 0.369643 0.185914 0.019286 0.031726
0 0.226071 0.237944 0.017857 0.021574
0 0.221786 0.216371 0.015000 0.019036
0 0.198571 0.206853 0.018571 0.025381
0 0.569643 0.166244 0.020714 0.017766
2 0.392500 0.162437 0.023571 0.027919
