2 0.950418 0.788497 0.049061 0.066790
0 0.852818 0.039425 0.024008 0.019481
0 0.867432 0.022263 0.015658 0.020408
0 0.877610 0.008349 0.015136 0.016698
0 0.789666 0.063080 0.017745 0.029685
2 0.765397 0.102968 0.020355 0.035250
0 0.809760 0.035250 0.016180 0.025974
0 0.753392 0.314471 0.030793 0.042672
0 0.697547 0.218924 0.023486 0.035250
2 0.729123 0.157699 0.040710 0.076067
0 0.662578 0.272263 0.025574 0.043599
0 0.608820 0.432282 0.030793 0.051948
0 0.585073 0.575139 0.034447 0.059369
2 0.509916 0.517625 0.040710 0.066790
2 0.393267 0.697124 0.103862 0.171614
0 0.378653 0.515306 0.034969 0.058442
2 0.394311 0.531076 0.047495 0.069573
0 0.210595 0.734694 0.051670 0.074212
