2 0.449286 0.821429 0.044286 0.141905
2 0.373571 0.840952 0.052857 0.135238
1 0.633571 0.945714 0.107143 0.074286
1 0.506786 0.557619 0.050714 0.157143
1 0.418571 0.170476 0.050000 0.144762
1 0.493929 0.274762 0.045000 0.140000
1 0.307500 0.656667 0.046429 0.160952
1 0.301429 0.336190 0.052857 0.152381
1 0.307500 0.496190 0.053571 0.140952
1 0.291786 0.059048 0.052143 0.116190
7 0.704643 0.323333 0.037857 0.031429
7 0.702857 0.291905 0.041429 0.033333
7 0.716071 0.600476 0.042143 0.033333
7 0.725357 0.629524 0.046429 0.022857
7 0.750357 0.846190 0.016429 0.063810
7 0.786786 0.881905 0.025000 0.078095
7 0.556429 0.510952 0.040000 0.023810
7 0.582143 0.799048 0.047143 0.028571
