0 0.525714 0.597619 0.031429 0.082857
0 0.627857 0.603333 0.035714 0.082857
0 0.885000 0.283333 0.058571 0.033333
0 0.617143 0.106667 0.034286 0.032381
0 0.514286 0.040000 0.015714 0.028571
0 0.425714 0.026667 0.020000 0.026667
0 0.363929 0.055714 0.019286 0.031429
0 0.296786 0.037143 0.022143 0.020952
1 0.583571 0.605714 0.052857 0.247619
1 0.587143 0.197619 0.101429 0.109524
1 0.752857 0.266667 0.135714 0.093333
0 0.491786 0.030000 0.017857 0.027619
0 0.612143 0.019524 0.020000 0.021905
0 0.092500 0.224286 0.055000 0.039048
0 0.110714 0.182857 0.051429 0.026667
0 0.119286 0.208095 0.054286 0.035238
0 0.013929 0.221429 0.027857 0.029524
0 0.138929 0.026667 0.016429 0.022857
0 0.041429 0.199524 0.055714 0.029524
0 0.157857 0.024286 0.024286 0.021905
0 0.179286 0.029524 0.021429 0.024762
0 0.198571 0.030000 0.022857 0.025714
0 0.219643 0.030000 0.022143 0.023810
0 0.240357 0.032381 0.022143 0.022857
0 0.259643 0.033333 0.020714 0.022857
0 0.261071 0.008095 0.035000 0.016190
0 0.978571 0.821905 0.042857 0.047619
0 0.973214 0.369524 0.053571 0.041905
0 0.982500 0.116667 0.026429 0.035238
0 0.938214 0.117143 0.025000 0.032381
0 0.820357 0.204762 0.042143 0.026667
0 0.842500 0.224762 0.050714 0.028571
0 0.819643 0.180952 0.050714 0.032381
0 0.776786 0.108095 0.037857 0.025714
