1 0.522500 0.130711 0.012143 0.032995
1 0.530714 0.262056 0.025714 0.054569
2 0.450357 0.317259 0.022143 0.043147
0 0.249286 0.845812 0.065714 0.067259
0 0.422143 0.684010 0.037143 0.076142
0 0.444286 0.501269 0.032857 0.038071
0 0.512143 0.465736 0.031429 0.035533
2 0.693214 0.373096 0.055000 0.078680
2 0.822857 0.260152 0.030000 0.030457
0 0.888214 0.222716 0.019286 0.019036
0 0.943571 0.182741 0.015714 0.020305
0 0.986786 0.168147 0.015000 0.019036
0 0.656071 0.541878 0.030714 0.032995
0 0.683929 0.520305 0.029286 0.032995
0 0.709286 0.494924 0.017143 0.035533
0 0.760000 0.500000 0.025714 0.025381
0 0.730357 0.481599 0.019286 0.036802
0 0.757857 0.460025 0.017143 0.024112
0 0.776429 0.441624 0.017143 0.027919
0 0.752500 0.442259 0.016429 0.026650
0 0.899643 0.352157 0.015000 0.024112
0 0.549643 0.751904 0.025000 0.049492
0 0.550000 0.885787 0.025714 0.063452
0 0.737143 0.659264 0.020000 0.039340
0 0.773571 0.690355 0.032857 0.038071
0 0.792143 0.638959 0.040000 0.049492
0 0.802500 0.617386 0.022143 0.026650
0 0.830000 0.559010 0.022857 0.039340
0 0.848929 0.574873 0.020714 0.038071
0 0.870000 0.581218 0.022857 0.038071
0 0.887143 0.594543 0.020000 0.036802
0 0.908214 0.605964 0.020714 0.039340
0 0.930000 0.621193 0.020000 0.041878
0 0.951429 0.633249 0.021429 0.045685
0 0.976429 0.640228 0.021429 0.052030
0 0.908214 0.717005 0.045000 0.048223
2 0.797143 0.766497 0.062857 0.104061
2 0.853214 0.803934 0.069286 0.118020
2 0.884643 0.820431 0.060714 0.125635
2 0.971786 0.912437 0.056429 0.126904
0 0.918571 0.812183 0.028571 0.050761
2 0.682143 0.843274 0.054286 0.074873
2 0.697857 0.878173 0.054286 0.068528
2 0.714643 0.909898 0.043571 0.076142
2 0.749286 0.940355 0.041429 0.081218
2 0.788214 0.947335 0.050714 0.095178
2 0.820000 0.970812 0.061429 0.055838
2 0.983214 0.125000 0.022143 0.029188
0 0.964286 0.135152 0.012857 0.016497
0 0.669286 0.485406 0.018571 0.021574
0 0.855714 0.539340 0.015714 0.038071
0 0.847143 0.492386 0.024286 0.020305
0 0.882857 0.556472 0.020000 0.041878
0 0.905357 0.569797 0.020714 0.040609
0 0.930357 0.581218 0.019286 0.040609
0 0.957857 0.603426 0.020000 0.041878
0 0.691071 0.446066 0.016429 0.026650
0 0.511786 0.097716 0.006429 0.012690
0 0.513571 0.079315 0.007143 0.016497
1 0.460000 0.236675 0.020000 0.052030
0 0.511071 0.176396 0.009286 0.020305
0 0.904286 0.285533 0.027143 0.017766
