7 0.338571 0.375238 0.018571 0.028571
0 0.448929 0.661905 0.065000 0.055238
0 0.561786 0.656667 0.066429 0.063810
7 0.624286 0.671905 0.070000 0.052381
0 0.627143 0.460476 0.018571 0.048571
1 0.475000 0.247143 0.037143 0.012381
1 0.522143 0.245714 0.031429 0.017143
1 0.572500 0.246190 0.030714 0.018095
1 0.579643 0.244286 0.030714 0.014286
1 0.462143 0.240000 0.017143 0.013333
1 0.467143 0.237619 0.011429 0.012381
1 0.478929 0.242381 0.015000 0.012381
2 0.482500 0.236667 0.019286 0.016190
1 0.492500 0.239524 0.010714 0.010476
1 0.502857 0.238571 0.010000 0.014286
1 0.514643 0.239048 0.016429 0.017143
1 0.531429 0.240000 0.011429 0.015238
1 0.540000 0.241905 0.017143 0.019048
1 0.555000 0.241905 0.011429 0.017143
1 0.570000 0.240000 0.014286 0.017143
1 0.458929 0.225238 0.015000 0.014286
1 0.473571 0.225714 0.014286 0.013333
1 0.487857 0.227143 0.014286 0.008571
1 0.488929 0.220952 0.019286 0.013333
1 0.502143 0.228095 0.014286 0.014286
1 0.502143 0.222381 0.018571 0.012381
1 0.518214 0.227143 0.019286 0.014286
1 0.534286 0.226667 0.017143 0.015238
1 0.563214 0.227619 0.016429 0.017143
1 0.577143 0.227619 0.015714 0.017143
1 0.584286 0.222857 0.014286 0.009524
1 0.596429 0.219524 0.018571 0.014286
1 0.612500 0.224286 0.019286 0.012381
1 0.627857 0.228571 0.025714 0.017143
