0 0.569750 0.369000 0.019500 0.006000
0 0.552500 0.322000 0.014000 0.006667
0 0.549250 0.315000 0.010500 0.006000
0 0.541750 0.310667 0.004500 0.005333
0 0.479500 0.292000 0.009000 0.005333
0 0.477500 0.300667 0.007000 0.006667
0 0.471500 0.317000 0.005000 0.007333
2 0.467000 0.355667 0.010000 0.018000
2 0.466250 0.366333 0.006500 0.014000
2 0.596250 0.417333 0.033500 0.024000
0 0.597750 0.436333 0.021500 0.011333
0 0.660500 0.455000 0.019000 0.018000
0 0.678000 0.453667 0.016000 0.018000
0 0.671000 0.521333 0.042000 0.021333
0 0.694750 0.580333 0.050500 0.026000
0 0.707500 0.648000 0.066000 0.033333
0 0.394250 0.502000 0.019500 0.025333
0 0.567500 0.365333 0.016000 0.009333
0 0.567000 0.361333 0.016000 0.006667
0 0.568500 0.358333 0.017000 0.007333
0 0.565750 0.351333 0.016500 0.006667
0 0.562750 0.347333 0.014500 0.005333
0 0.564000 0.344000 0.015000 0.006667
0 0.560000 0.342000 0.013000 0.006667
0 0.559750 0.338333 0.014500 0.007333
0 0.610750 0.352000 0.017500 0.008000
