1 0.933214 0.562817 0.113571 0.244924
0 0.177857 0.977157 0.040000 0.043147
0 0.221786 0.975888 0.039286 0.045685
0 0.332500 0.970178 0.035000 0.057107
0 0.367857 0.958122 0.035714 0.081218
0 0.514286 0.983503 0.078571 0.030457
2 0.619286 0.946701 0.110000 0.104061
2 0.832500 0.885152 0.117857 0.128173
0 0.040000 0.840736 0.080000 0.077411
0 0.180357 0.795685 0.075000 0.071066
0 0.461429 0.717005 0.067143 0.065990
0 0.594643 0.683376 0.053571 0.062183
0 0.615357 0.494924 0.053571 0.050761
0 0.597857 0.425761 0.052857 0.046954
0 0.049643 0.678299 0.077857 0.059645
0 0.186429 0.648477 0.061429 0.063452
0 0.259286 0.397843 0.055714 0.046954
0 0.525357 0.344543 0.050714 0.044416
0 0.367500 0.345178 0.053571 0.043147
0 0.389643 0.737310 0.072143 0.078680
0 0.258214 0.579949 0.059286 0.048223
0 0.382143 0.684010 0.071429 0.060914
0 0.455714 0.667513 0.062857 0.048223
0 0.385714 0.636421 0.065714 0.057107
0 0.382500 0.591371 0.060714 0.053299
0 0.372857 0.475888 0.060000 0.050761
0 0.370357 0.439086 0.059286 0.060914
0 0.370357 0.406091 0.053571 0.040609
0 0.426429 0.397208 0.048571 0.043147
0 0.433571 0.426396 0.060000 0.053299
0 0.436071 0.458756 0.053571 0.052030
0 0.520357 0.307741 0.053571 0.046954
0 0.508929 0.285533 0.053571 0.043147
0 0.441786 0.500000 0.059286 0.043147
0 0.444643 0.535533 0.060714 0.048223
0 0.450000 0.571701 0.052857 0.041878
0 0.578214 0.635787 0.060714 0.065990
0 0.569286 0.586294 0.057143 0.060914
0 0.557857 0.539975 0.060000 0.069797
0 0.554643 0.503173 0.055000 0.046954
0 0.544286 0.471447 0.045714 0.049492
0 0.538571 0.434645 0.041429 0.052030
0 0.531071 0.398477 0.046429 0.048223
0 0.591786 0.390228 0.055000 0.046954
0 0.696071 0.404822 0.045000 0.053299
0 0.717143 0.478426 0.055714 0.048223
0 0.757857 0.576142 0.064286 0.076142
0 0.378929 0.510787 0.052143 0.052030
2 0.122857 0.169416 0.034286 0.100254
0 0.361429 0.173223 0.042857 0.041878
0 0.402500 0.192259 0.040714 0.044416
0 0.417500 0.217640 0.042143 0.057107
0 0.881786 0.177665 0.049286 0.038071
0 0.930000 0.342640 0.054286 0.071066
0 0.947857 0.298223 0.050000 0.048223
0 0.943929 0.327411 0.045000 0.055838
0 0.959286 0.281726 0.050000 0.050761
0 0.963214 0.253807 0.049286 0.053299
0 0.975357 0.211929 0.043571 0.043147
0 0.978929 0.189721 0.042143 0.039340
0 0.983571 0.166878 0.032857 0.036802
0 0.985357 0.148477 0.029286 0.032995
0 0.990000 0.133883 0.020000 0.029188
0 0.990357 0.119289 0.019286 0.027919
0 0.993929 0.102792 0.012143 0.022843
0 0.980000 0.095178 0.031429 0.045685
0 0.970000 0.058376 0.028571 0.043147
0 0.952857 0.030457 0.045714 0.040609
0 0.941071 0.016497 0.046429 0.032995
2 0.898929 0.058376 0.032143 0.027919
0 0.890714 0.046954 0.035714 0.027919
0 0.840714 0.036168 0.042857 0.031726
0 0.851786 0.049492 0.037857 0.030457
0 0.860714 0.066624 0.042857 0.036802
0 0.872143 0.085660 0.037143 0.036802
0 0.910357 0.081853 0.042143 0.039340
0 0.833214 0.213832 0.032143 0.067259
0 0.855714 0.210025 0.032857 0.059645
0 0.890357 0.204949 0.043571 0.041878
0 0.871071 0.155457 0.045000 0.034264
0 0.837143 0.156091 0.030000 0.048223
0 0.786071 0.092005 0.037857 0.034264
0 0.779643 0.069162 0.039286 0.034264
0 0.720357 0.080584 0.029286 0.059645
0 0.634643 0.064086 0.020714 0.057107
0 0.631071 0.021574 0.026429 0.043147
0 0.300714 0.177030 0.050000 0.036802
0 0.627143 0.571701 0.052857 0.044416
