0 0.346071 0.019524 0.006429 0.008571
0 0.355714 0.326667 0.030000 0.017143
0 0.335357 0.368571 0.022143 0.015238
0 0.337857 0.382857 0.022857 0.015238
0 0.636429 0.770952 0.027143 0.052381
0 0.603571 0.678571 0.027143 0.054286
0 0.579643 0.617143 0.026429 0.049524
0 0.419643 0.397619 0.015000 0.027619
0 0.412143 0.359524 0.015714 0.027619
0 0.464286 0.315238 0.012857 0.024762
0 0.484643 0.282381 0.013571 0.018095
0 0.490357 0.317143 0.016429 0.019048
0 0.545714 0.298571 0.014286 0.020000
0 0.374286 0.005238 0.005714 0.010476
0 0.377857 0.047143 0.008571 0.010476
0 0.416071 0.077619 0.007857 0.008571
0 0.428214 0.159048 0.016429 0.011429
0 0.445714 0.158095 0.010000 0.013333
0 0.444286 0.175714 0.008571 0.012381
0 0.433929 0.204762 0.012143 0.019048
0 0.467857 0.235238 0.010000 0.015238
0 0.429286 0.036667 0.004286 0.006667
0 0.435000 0.050476 0.005714 0.009524
0 0.436786 0.060000 0.006429 0.009524
0 0.424286 0.030952 0.005714 0.006667
0 0.458929 0.105238 0.007857 0.010476
0 0.468929 0.129524 0.009286 0.015238
0 0.362143 0.106190 0.008571 0.016190
0 0.368929 0.143810 0.009286 0.019048
0 0.476429 0.148095 0.005714 0.010476
0 0.473929 0.139524 0.006429 0.010476
0 0.501786 0.201905 0.010714 0.017143
