0 0.551429 0.785238 0.042857 0.067619
0 0.632857 0.491429 0.028571 0.013333
0 0.729643 0.449048 0.012143 0.016190
0 0.742857 0.421905 0.012857 0.015238
0 0.755357 0.400000 0.007857 0.009524
0 0.760000 0.393810 0.007143 0.008571
0 0.771786 0.368571 0.006429 0.009524
0 0.705714 0.407143 0.010000 0.008571
0 0.657143 0.590476 0.021429 0.028571
0 0.645357 0.611429 0.023571 0.030476
0 0.599286 0.692381 0.031429 0.045714
0 0.746071 0.719048 0.027857 0.051429
0 0.762857 0.563333 0.022857 0.033333
0 0.758571 0.656190 0.021429 0.040000
0 0.768571 0.603333 0.020000 0.029524
0 0.767143 0.483333 0.015714 0.018095
0 0.790714 0.404762 0.008571 0.011429
0 0.804643 0.395238 0.010714 0.011429
0 0.820357 0.417143 0.009286 0.007619
0 0.820357 0.373810 0.006429 0.006667
0 0.810714 0.362381 0.007143 0.006667
0 0.820000 0.349524 0.005714 0.005714
0 0.810000 0.348095 0.007143 0.004762
0 0.813571 0.342381 0.005714 0.004762
0 0.809643 0.329524 0.005000 0.005714
0 0.814286 0.335238 0.005714 0.005714
0 0.816071 0.325238 0.003571 0.004762
0 0.816429 0.330000 0.005714 0.004762
0 0.814286 0.319048 0.004286 0.003810
0 0.816786 0.468571 0.013571 0.013333
0 0.816429 0.520000 0.015714 0.015238
0 0.781071 0.530000 0.019286 0.021905
0 0.786429 0.493810 0.014286 0.018095
0 0.832143 0.400952 0.007143 0.009524
0 0.835000 0.386190 0.005714 0.006667
0 0.823214 0.383333 0.006429 0.008571
0 0.836429 0.396667 0.007143 0.008571
0 0.790714 0.480952 0.011429 0.013333
0 0.839643 0.541429 0.016429 0.020000
0 0.851429 0.476667 0.030000 0.016190
0 0.923214 0.588571 0.023571 0.022857
0 0.914286 0.557619 0.015714 0.021905
0 0.951071 0.681905 0.026429 0.032381
0 0.943214 0.652381 0.022143 0.026667
0 0.900357 0.512381 0.013571 0.017143
0 0.835714 0.664762 0.025714 0.036190
0 0.908929 0.485714 0.010714 0.013333
0 0.885000 0.460000 0.011429 0.011429
0 0.882500 0.452381 0.013571 0.011429
0 0.879643 0.440952 0.012143 0.011429
0 0.907143 0.527143 0.014286 0.012381
0 0.865714 0.398571 0.007143 0.006667
0 0.863929 0.392381 0.007857 0.005714
0 0.863214 0.388095 0.006429 0.006667
0 0.862143 0.383810 0.007143 0.007619
0 0.860357 0.377143 0.006429 0.003810
0 0.857857 0.373333 0.005714 0.005714
0 0.857143 0.367619 0.005714 0.005714
0 0.855357 0.363333 0.006429 0.004762
0 0.827143 0.312381 0.004286 0.003810
0 0.895357 0.386667 0.007857 0.005714
0 0.891786 0.380476 0.005000 0.004762
0 0.891786 0.377143 0.007857 0.003810
0 0.889643 0.371905 0.005000 0.004762
0 0.889643 0.366190 0.005000 0.004762
0 0.890000 0.361905 0.005714 0.003810
0 0.896429 0.353810 0.005714 0.004762
0 0.884286 0.352857 0.005714 0.004762
0 0.913929 0.392381 0.010714 0.007619
0 0.912857 0.408571 0.010000 0.007619
0 0.919643 0.436667 0.010714 0.004762
0 0.917500 0.431905 0.007857 0.004762
0 0.928929 0.453333 0.009286 0.007619
