0 0.401429 0.019036 0.015714 0.015228
0 0.399286 0.026650 0.017143 0.015228
0 0.400357 0.032995 0.017857 0.015228
0 0.393929 0.154188 0.022143 0.013959
0 0.578214 0.010787 0.006429 0.013959
0 0.565714 0.031091 0.005714 0.011421
0 0.561786 0.052030 0.007857 0.015228
1 0.573929 0.038706 0.010714 0.041878
1 0.570000 0.076142 0.012857 0.055838
1 0.521071 0.083122 0.022143 0.052030
0 0.581429 0.131345 0.008571 0.019036
0 0.565000 0.128807 0.008571 0.019036
1 0.616071 0.113579 0.017857 0.064721
1 0.550000 0.134518 0.014286 0.065990
1 0.470357 0.237944 0.030714 0.069797
0 0.481786 0.180838 0.013571 0.021574
0 0.550000 0.194162 0.008571 0.020305
0 0.565000 0.203046 0.010000 0.020305
1 0.584643 0.223985 0.012143 0.041878
0 0.552857 0.239213 0.010000 0.024112
0 0.553929 0.299492 0.012143 0.022843
0 0.666429 0.294416 0.015714 0.032995
0 0.696071 0.576142 0.020714 0.045685
0 0.647500 0.553299 0.020714 0.048223
0 0.608929 0.611675 0.020714 0.048223
0 0.736071 0.892766 0.030714 0.079949
0 0.503214 0.720178 0.036429 0.034264
1 0.427143 0.575508 0.047143 0.067259
1 0.437143 0.552030 0.065714 0.091371
1 0.446071 0.527919 0.065000 0.088832
1 0.449286 0.500000 0.064286 0.081218
1 0.471071 0.496193 0.036429 0.058376
1 0.466429 0.461929 0.064286 0.081218
1 0.470357 0.441624 0.063571 0.078680
1 0.472500 0.413706 0.059286 0.071066
1 0.489286 0.381980 0.048571 0.063452
1 0.494643 0.361675 0.059286 0.071066
1 0.441786 0.314086 0.022143 0.054569
1 0.416071 0.402919 0.045000 0.085025
1 0.388929 0.492386 0.035000 0.076142
1 0.372500 0.473985 0.050714 0.095178
1 0.367500 0.440355 0.052143 0.091371
0 0.030714 0.565355 0.022857 0.036802
0 0.064643 0.598350 0.025000 0.036802
