0 0.473500 0.913000 0.064000 0.174000
0 0.366250 0.711000 0.070500 0.119333
0 0.333750 0.626333 0.068500 0.100667
0 0.558250 0.610667 0.035500 0.070667
0 0.480000 0.530667 0.068000 0.057333
0 0.716250 0.432333 0.058500 0.043333
0 0.448500 0.270333 0.025000 0.019333
2 0.384250 0.278333 0.035500 0.042000
0 0.364500 0.265333 0.032000 0.018667
2 0.939750 0.286333 0.054500 0.032667
0 0.956000 0.290333 0.036000 0.020667
0 0.911500 0.279000 0.041000 0.016667
0 0.862750 0.267333 0.033500 0.018667
0 0.832500 0.275000 0.037000 0.019333
0 0.826250 0.258667 0.031500 0.017333
0 0.793750 0.264000 0.035500 0.018667
0 0.522750 0.185667 0.015500 0.010000
0 0.942500 0.954667 0.115000 0.088000
0 0.263750 0.517667 0.044500 0.058000
0 0.238250 0.467333 0.040500 0.057333
2 0.223000 0.427333 0.039000 0.056000
0 0.434250 0.487667 0.066500 0.042000
0 0.416000 0.458667 0.062000 0.040000
0 0.356750 0.411000 0.025500 0.034000
0 0.286000 0.323000 0.025000 0.024667
0 0.299250 0.301667 0.030500 0.022000
0 0.270500 0.310667 0.022000 0.022667
0 0.233750 0.317667 0.025500 0.026000
2 0.244750 0.279000 0.020500 0.028667
0 0.168000 0.340333 0.027000 0.034000
0 0.256250 0.179000 0.010500 0.008667
0 0.240250 0.191667 0.020500 0.010000
0 0.333250 0.225000 0.015500 0.014000
0 0.107750 0.189667 0.011500 0.010000
0 0.120250 0.171667 0.009500 0.010000
0 0.114500 0.162000 0.008000 0.006667
0 0.145250 0.295333 0.020500 0.026667
0 0.139500 0.280333 0.015000 0.015333
0 0.136750 0.269000 0.016500 0.015333
0 0.120250 0.238000 0.016500 0.014667
0 0.116250 0.229667 0.015500 0.011333
0 0.110500 0.221000 0.015000 0.012667
2 0.077000 0.139667 0.008000 0.010000
0 0.093750 0.144000 0.005500 0.008000
0 0.085000 0.134000 0.005000 0.006667
0 0.083000 0.126000 0.005000 0.005333
0 0.072750 0.125333 0.007500 0.005333
