1 0.487500 0.703680 0.026429 0.062183
2 0.485714 0.626269 0.027143 0.064721
1 0.467500 0.489848 0.023571 0.048223
1 0.567143 0.393401 0.025714 0.055838
2 0.681071 0.055838 0.023571 0.055838
1 0.808929 0.499365 0.019286 0.052030
1 0.820357 0.429569 0.020714 0.052030
1 0.803929 0.394670 0.017857 0.043147
1 0.835000 0.357234 0.017143 0.046954
1 0.917500 0.980964 0.039286 0.035533
1 0.168571 0.642766 0.022857 0.046954
2 0.148571 0.627538 0.030000 0.062183
1 0.192500 0.268401 0.032143 0.036802
2 0.204643 0.237310 0.033571 0.040609
1 0.168929 0.213198 0.032143 0.035533
1 0.161429 0.241751 0.025714 0.031726
