1 0.232857 0.706218 0.064286 0.232234
1 0.272143 0.683376 0.071429 0.222081
1 0.389286 0.615482 0.084286 0.205584
1 0.423929 0.598350 0.077857 0.204315
1 0.560357 0.509518 0.082143 0.163706
2 0.501429 0.399746 0.045714 0.086294
2 0.540357 0.412437 0.050714 0.088832
2 0.863214 0.815355 0.180714 0.158629
2 0.685000 0.661802 0.081429 0.138325
2 0.026786 0.785533 0.053571 0.096447
2 0.012500 0.854695 0.025000 0.072335
2 0.011071 0.911802 0.022143 0.085025
0 0.347143 0.975888 0.031429 0.045685
0 0.486429 0.720178 0.047143 0.097716
0 0.627143 0.577411 0.041429 0.065990
0 0.589643 0.505076 0.033571 0.060914
0 0.420357 0.234772 0.023571 0.043147
0 0.453571 0.304569 0.022857 0.043147
0 0.420357 0.202411 0.020714 0.026650
0 0.400357 0.203046 0.019286 0.030457
0 0.435000 0.227157 0.018571 0.035533
2 0.380714 0.164340 0.028571 0.059645
