1 0.487840 0.576813 0.050072 0.102099
1 0.418097 0.551050 0.039342 0.107824
1 0.355150 0.553912 0.043634 0.113550
5 0.816881 0.507156 0.040057 0.025763
5 0.747854 0.416031 0.030758 0.045802
2 0.031116 0.349714 0.062232 0.046756
2 0.041130 0.437023 0.069385 0.047710
2 0.146280 0.448950 0.062232 0.048664
3 0.247496 0.527195 0.085837 0.176527
1 0.107654 0.366412 0.066524 0.045802
7 0.197067 0.161737 0.013591 0.020038
0 0.211016 0.165553 0.011445 0.021947
2 0.403791 0.029580 0.032189 0.059160
0 0.914521 0.381202 0.010730 0.033397
2 0.764664 0.093511 0.032904 0.059160
7 0.813662 0.460878 0.030758 0.019084
5 0.630186 0.464218 0.054363 0.031489
0 0.454578 0.415553 0.032189 0.021947
0 0.543276 0.400763 0.013591 0.034351
1 0.454578 0.286260 0.073677 0.043893
1 0.604435 0.351145 0.031474 0.076336
1 0.705651 0.200382 0.035050 0.062977
1 0.671316 0.296756 0.075107 0.041985
1 0.731760 0.362595 0.037196 0.076336
1 0.562947 0.351145 0.035765 0.083969
2 0.425250 0.347805 0.040773 0.071565
2 0.471745 0.352576 0.037911 0.077290
1 0.517525 0.348282 0.033619 0.085878
1 0.649499 0.364504 0.034335 0.076336
1 0.693491 0.366889 0.036481 0.086832
