2 0.432857 0.356599 0.020000 0.040609
6 0.444643 0.263325 0.032143 0.100254
2 0.454286 0.207487 0.015714 0.029188
2 0.461786 0.168782 0.013571 0.032995
1 0.457857 0.027919 0.011429 0.020305
1 0.465714 0.074873 0.010000 0.022843
1 0.465000 0.118655 0.011429 0.024112
1 0.768214 0.809010 0.022143 0.077411
1 0.793571 0.970812 0.021429 0.048223
2 0.808571 0.794416 0.022857 0.071066
1 0.899643 0.966371 0.060714 0.064721
1 0.891786 0.918147 0.037857 0.062183
2 0.906429 0.844543 0.057143 0.064721
1 0.905357 0.807741 0.052143 0.054569
1 0.906786 0.775381 0.050714 0.050761
7 0.921786 0.691624 0.007857 0.030457
7 0.925000 0.676396 0.028571 0.032995
2 0.941071 0.638325 0.045000 0.065990
2 0.954643 0.568528 0.037857 0.053299
1 0.946429 0.600888 0.037143 0.057107
2 0.959286 0.531726 0.041429 0.060914
2 0.959286 0.496193 0.040000 0.050761
2 0.967500 0.469543 0.039286 0.050761
1 0.990714 0.378807 0.018571 0.044416
1 0.995357 0.248731 0.009286 0.032995
2 0.764286 0.664340 0.020000 0.062183
6 0.816429 0.652919 0.022857 0.110406
2 0.821071 0.583756 0.019286 0.053299
6 0.838214 0.464467 0.039286 0.134518
6 0.881786 0.348350 0.046429 0.130711
6 0.924286 0.189086 0.042857 0.104061
2 0.899286 0.270939 0.018571 0.039340
2 0.936429 0.138959 0.020000 0.034264
1 0.951786 0.094543 0.015000 0.026650
1 0.920000 0.019036 0.014286 0.022843
1 0.897143 0.174492 0.017143 0.031726
2 0.893214 0.014594 0.015000 0.029188
2 0.814286 0.013325 0.015714 0.024112
2 0.792857 0.140228 0.014286 0.034264
1 0.804643 0.098985 0.012143 0.027919
1 0.773214 0.482234 0.017857 0.050761
2 0.635714 0.529188 0.018571 0.055838
2 0.737857 0.353426 0.018571 0.041878
3 0.763214 0.121193 0.022143 0.059645
1 0.720714 0.199873 0.014286 0.029188
6 0.637143 0.265228 0.024286 0.119289
6 0.663571 0.140228 0.012857 0.026650
1 0.723214 0.060914 0.013571 0.022843
1 0.414643 0.423858 0.022143 0.040609
