1 0.714750 0.116333 0.014500 0.012667
4 0.815750 0.235000 0.016500 0.016667
7 0.856750 0.259333 0.011500 0.006667
7 0.533500 0.291333 0.010000 0.004000
1 0.329500 0.303000 0.029000 0.016667
1 0.357000 0.309667 0.034000 0.020667
1 0.950250 0.229000 0.014500 0.023333
1 0.960000 0.266333 0.026000 0.018000
1 0.979250 0.284333 0.033500 0.023333
1 0.922000 0.229000 0.019000 0.015333
1 0.623250 0.359000 0.033500 0.022000
1 0.624750 0.384333 0.036500 0.020667
3 0.239250 0.441000 0.392500 0.050000
5 0.440750 0.494000 0.010500 0.032000
