0 0.716786 0.936667 0.209286 0.120952
0 0.371071 0.863810 0.082143 0.241905
0 0.462857 0.775714 0.070000 0.216190
0 0.059286 0.649524 0.114286 0.190476
0 0.389286 0.609048 0.064286 0.174286
0 0.396071 0.411905 0.055000 0.122857
0 0.161786 0.345714 0.072143 0.112381
0 0.191429 0.249524 0.062857 0.091429
0 0.239643 0.110000 0.046429 0.065714
0 0.260357 0.050952 0.042143 0.061905
0 0.419643 0.020952 0.027857 0.041905
0 0.451786 0.024286 0.026429 0.046667
0 0.413929 0.061905 0.032143 0.057143
0 0.402857 0.292381 0.042857 0.100952
0 0.590000 0.259048 0.100000 0.070476
0 0.603929 0.345714 0.112143 0.080000
0 0.584286 0.213333 0.095714 0.059048
0 0.561071 0.080476 0.066429 0.048571
0 0.551429 0.059524 0.067143 0.044762
0 0.545000 0.021429 0.067143 0.035238
