7 0.407857 0.502381 0.031429 0.025714
1 0.762500 0.557619 0.089286 0.052381
1 0.710000 0.488571 0.078571 0.041905
1 0.750000 0.515714 0.082857 0.042857
1 0.580714 0.446190 0.054286 0.044762
1 0.632143 0.440476 0.035714 0.048571
1 0.429286 0.390000 0.024286 0.033333
1 0.419643 0.360000 0.019286 0.022857
1 0.397857 0.325714 0.047143 0.026667
1 0.339643 0.368095 0.022143 0.029524
1 0.209643 0.328095 0.027857 0.031429
1 0.226429 0.300000 0.021429 0.020952
1 0.242857 0.276667 0.020000 0.020000
1 0.258214 0.256667 0.015000 0.016190
1 0.261786 0.247619 0.015000 0.017143
1 0.268571 0.240476 0.014286 0.016190
1 0.273214 0.232857 0.010714 0.016190
1 0.285714 0.215714 0.011429 0.012381
1 0.305357 0.220000 0.010714 0.013333
1 0.445000 0.224762 0.022857 0.013333
1 0.434286 0.259524 0.014286 0.016190
1 0.334643 0.345238 0.020714 0.025714
1 0.340357 0.325714 0.019286 0.024762
1 0.340714 0.310000 0.020000 0.023810
2 0.458214 0.247143 0.026429 0.018095
2 0.454643 0.244762 0.029286 0.017143
2 0.396429 0.377619 0.022857 0.044762
1 0.525714 0.360000 0.047143 0.030476
1 0.510714 0.386190 0.028571 0.031429
1 0.516786 0.350476 0.046429 0.030476
1 0.506071 0.341429 0.045000 0.023810
1 0.502500 0.331905 0.045000 0.023810
1 0.495357 0.326667 0.039286 0.022857
1 0.493214 0.318571 0.039286 0.023810
1 0.572143 0.374762 0.028571 0.039048
1 0.600357 0.376667 0.030714 0.035238
1 0.629643 0.374762 0.032143 0.035238
1 0.752500 0.425714 0.040714 0.045714
1 0.865000 0.416667 0.050000 0.048571
1 0.900714 0.409524 0.038571 0.043810
1 0.966071 0.459524 0.066429 0.035238
1 0.937857 0.415714 0.050000 0.042857
1 0.810714 0.424286 0.050000 0.044762
1 0.967857 0.411429 0.048571 0.038095
1 0.880714 0.501905 0.078571 0.043810
1 0.803571 0.476667 0.065714 0.040952
1 0.881786 0.540952 0.090714 0.055238
1 0.968214 0.522857 0.063571 0.053333
1 0.969286 0.489048 0.061429 0.044762
1 0.914643 0.353333 0.029286 0.032381
0 0.588929 0.463333 0.019286 0.027619
1 0.115000 0.391905 0.037143 0.031429
1 0.130714 0.367619 0.032857 0.030476
1 0.152143 0.341429 0.030000 0.033333
1 0.165357 0.325238 0.029286 0.027619
1 0.181786 0.307143 0.025000 0.027619
1 0.128929 0.299048 0.025000 0.028571
2 0.069643 0.235714 0.020714 0.021905
3 0.028929 0.201429 0.017857 0.023810
3 0.051786 0.199524 0.022143 0.020000
3 0.046786 0.190952 0.032143 0.021905
3 0.162143 0.184762 0.014286 0.028571
3 0.151786 0.176190 0.016429 0.022857
1 0.397857 0.315714 0.038571 0.020000
1 0.392857 0.304286 0.031429 0.021905
2 0.395000 0.292857 0.035714 0.020000
1 0.393214 0.283333 0.030714 0.018095
1 0.946071 0.890000 0.107857 0.105714
