1 0.642750 0.313000 0.009500 0.015333
1 0.640000 0.327333 0.012000 0.012000
1 0.650000 0.334667 0.018000 0.014667
5 0.675500 0.348667 0.015000 0.013333
1 0.683750 0.342000 0.024500 0.014667
1 0.530500 0.322667 0.010000 0.013333
1 0.510500 0.328000 0.021000 0.012000
1 0.488750 0.330000 0.019500 0.013333
2 0.443750 0.335000 0.022500 0.016667
1 0.421000 0.341667 0.024000 0.014000
0 0.461500 0.431333 0.014000 0.013333
1 0.434750 0.426333 0.019500 0.024667
1 0.430500 0.463333 0.021000 0.030667
1 0.415750 0.485333 0.025500 0.028000
0 0.541000 0.508000 0.004000 0.014667
1 0.603000 0.449667 0.020000 0.023333
1 0.612250 0.516667 0.019500 0.040000
1 0.616250 0.570333 0.024500 0.035333
1 0.617750 0.623333 0.026500 0.044000
2 0.625250 0.691000 0.031500 0.074000
5 0.592250 0.707000 0.018500 0.035333
2 0.654750 0.948000 0.069500 0.104000
2 0.345000 0.750000 0.045000 0.080000
2 0.348750 0.619667 0.037500 0.051333
0 0.383750 0.532333 0.010500 0.015333
1 0.812250 0.925667 0.078500 0.114000
1 0.734250 0.720667 0.043500 0.066667
1 0.776750 0.713667 0.051500 0.070000
1 0.828250 0.715667 0.055500 0.064667
2 0.880250 0.715333 0.058500 0.088000
1 0.927000 0.724333 0.063000 0.062000
1 0.717750 0.413000 0.060500 0.031333
1 0.715500 0.352667 0.024000 0.016000
1 0.742750 0.364000 0.020500 0.016000
7 0.794000 0.392333 0.011000 0.011333
1 0.862000 0.396667 0.032000 0.020000
1 0.915000 0.384333 0.029000 0.018000
1 0.952250 0.387000 0.033500 0.018000
1 0.988500 0.388667 0.022000 0.016000
1 0.648250 0.257333 0.007500 0.009333
