1 0.774500 0.795000 0.048000 0.122000
7 0.762250 0.706000 0.025500 0.028000
1 0.749500 0.610000 0.041000 0.093333
1 0.687500 0.439333 0.033000 0.060000
1 0.698000 0.281333 0.034000 0.068000
1 0.672500 0.150333 0.027000 0.047333
2 0.720750 0.363000 0.029500 0.075333
0 0.637500 0.095333 0.006000 0.020000
0 0.636000 0.064000 0.006000 0.020000
1 0.660500 0.089333 0.024000 0.046667
1 0.656000 0.035000 0.022000 0.040667
1 0.656500 0.007333 0.015000 0.012000
1 0.124500 0.943333 0.062000 0.113333
1 0.189750 0.676000 0.053500 0.116000
1 0.227500 0.546333 0.045000 0.095333
1 0.255750 0.413000 0.040500 0.070000
1 0.276000 0.333333 0.035000 0.068000
1 0.296500 0.268333 0.033000 0.071333
1 0.372750 0.336000 0.035500 0.088000
1 0.432000 0.170000 0.033000 0.068000
1 0.328250 0.125333 0.027500 0.045333
1 0.341500 0.072667 0.029000 0.052000
2 0.310250 0.184333 0.033500 0.082000
0 0.175000 0.875667 0.022000 0.051333
0 0.199000 0.868000 0.019000 0.044000
0 0.247500 0.747333 0.015000 0.054667
