2 0.591000 0.917667 0.140000 0.164667
2 0.563500 0.527667 0.107000 0.139333
7 0.672750 0.497333 0.046500 0.041333
0 0.334500 0.485000 0.052000 0.059333
0 0.318500 0.438667 0.015000 0.040000
7 0.344250 0.408333 0.022500 0.043333
7 0.327500 0.368333 0.041000 0.042000
7 0.376500 0.356333 0.026000 0.038000
7 0.345250 0.341667 0.033500 0.030000
0 0.616750 0.401333 0.035500 0.026667
7 0.546250 0.373333 0.015500 0.038667
0 0.570000 0.310667 0.030000 0.026667
7 0.275000 0.317333 0.030000 0.022667
7 0.494500 0.345667 0.030000 0.032667
0 0.522250 0.326667 0.028500 0.030667
6 0.427500 0.303667 0.045000 0.078000
1 0.478000 0.288333 0.036000 0.050000
2 0.465750 0.237333 0.029500 0.046667
7 0.392250 0.271000 0.013500 0.024667
0 0.398000 0.259667 0.012000 0.019333
2 0.396500 0.235667 0.033000 0.042000
7 0.408000 0.209667 0.018000 0.018000
2 0.440500 0.201000 0.019000 0.032667
2 0.330250 0.195000 0.036500 0.026000
2 0.302500 0.173333 0.018000 0.021333
1 0.313000 0.158000 0.016000 0.017333
2 0.284250 0.158000 0.020500 0.018667
2 0.294750 0.152000 0.016500 0.014667
2 0.303750 0.143000 0.015500 0.018000
2 0.310250 0.138333 0.012500 0.018000
1 0.317250 0.136000 0.010500 0.013333
2 0.322250 0.131333 0.013500 0.014667
1 0.326750 0.128000 0.012500 0.012000
2 0.344500 0.146000 0.015000 0.018667
2 0.336750 0.119333 0.011500 0.014667
2 0.515500 0.188000 0.020000 0.026667
2 0.522500 0.197667 0.025000 0.024667
3 0.489500 0.184000 0.049000 0.025333
7 0.639000 0.217333 0.016000 0.014667
2 0.670000 0.227333 0.043000 0.041333
2 0.714500 0.188000 0.020000 0.025333
2 0.760500 0.215333 0.040000 0.028000
2 0.767500 0.230000 0.042000 0.033333
1 0.709250 0.218000 0.046500 0.026667
