7 0.161786 0.724286 0.019286 0.067619
7 0.193929 0.640000 0.033571 0.045714
5 0.219643 0.593333 0.065000 0.081905
3 0.262857 0.424286 0.032857 0.021905
3 0.290714 0.424286 0.024286 0.023810
3 0.324286 0.421429 0.032857 0.018095
3 0.355357 0.418095 0.030714 0.019048
0 0.399286 0.588095 0.032857 0.023810
0 0.494286 0.557619 0.024286 0.020000
7 0.502143 0.539524 0.024286 0.020000
7 0.518571 0.513333 0.020000 0.017143
7 0.525357 0.500000 0.019286 0.015238
0 0.532143 0.496190 0.017143 0.013333
1 0.600357 0.448095 0.023571 0.012381
0 0.626786 0.484286 0.020714 0.016190
3 0.606429 0.439524 0.027143 0.016190
