1 0.410000 0.847143 0.042857 0.151429
1 0.426786 0.568095 0.026429 0.075238
1 0.357500 0.266190 0.007857 0.010476
1 0.360714 0.257619 0.007143 0.008571
1 0.360357 0.226667 0.007857 0.011429
1 0.153929 0.961905 0.055000 0.076190
1 0.400000 0.384286 0.017143 0.027619
1 0.403214 0.340000 0.013571 0.019048
1 0.406786 0.322857 0.015000 0.019048
1 0.425357 0.215714 0.009286 0.012381
1 0.392500 0.194762 0.009286 0.008571
1 0.408571 0.150000 0.008571 0.006667
1 0.438571 0.254286 0.011429 0.015238
1 0.442857 0.199048 0.007143 0.009524
1 0.442143 0.156667 0.005714 0.008571
1 0.478571 0.160952 0.005714 0.005714
1 0.507143 0.240000 0.008571 0.013333
1 0.540714 0.323810 0.012857 0.019048
1 0.518214 0.218095 0.006429 0.009524
1 0.483571 0.155714 0.004286 0.004762
1 0.471071 0.136190 0.003571 0.005714
1 0.481429 0.145238 0.007143 0.006667
1 0.470000 0.150476 0.004286 0.007619
1 0.458929 0.196190 0.010714 0.007619
1 0.483929 0.200476 0.015000 0.008571
1 0.494286 0.209524 0.007143 0.007619
1 0.473929 0.126667 0.005000 0.005714
1 0.468571 0.128095 0.004286 0.004762
7 0.529643 0.291429 0.005000 0.011429
7 0.535000 0.276190 0.004286 0.013333
7 0.449643 0.225714 0.006429 0.005714
7 0.438929 0.178095 0.003571 0.011429
7 0.682500 0.593810 0.010714 0.021905
7 0.661071 0.592381 0.012143 0.024762
1 0.516786 0.203810 0.019286 0.011429
1 0.466786 0.120952 0.005000 0.005714
