2 0.535357 0.699524 0.032143 0.105714
2 0.527500 0.552381 0.023571 0.104762
2 0.536786 0.423333 0.017857 0.054286
2 0.459643 0.348095 0.017857 0.037143
2 0.527500 0.955238 0.035000 0.083810
0 0.359643 0.311905 0.015000 0.008571
0 0.362857 0.308571 0.015714 0.009524
0 0.478571 0.357143 0.008571 0.013333
0 0.537500 0.472857 0.012143 0.020000
0 0.539286 0.320952 0.007143 0.009524
0 0.495357 0.265238 0.009286 0.008571
0 0.519286 0.266190 0.010000 0.008571
2 0.536429 0.365238 0.011429 0.048571
2 0.537143 0.286190 0.010000 0.027619
2 0.526071 0.239524 0.006429 0.010476
2 0.500714 0.205238 0.005714 0.010476
0 0.487500 0.206190 0.003571 0.004762
0 0.436071 0.234286 0.003571 0.005714
0 0.435357 0.260952 0.010714 0.009524
0 0.736429 0.471429 0.028571 0.015238
0 0.730714 0.463810 0.024286 0.011429
0 0.731786 0.452381 0.022143 0.011429
0 0.630000 0.231429 0.005714 0.005714
0 0.673929 0.315238 0.012143 0.007619
0 0.647143 0.265238 0.011429 0.006667
0 0.671071 0.308571 0.015000 0.007619
0 0.667143 0.303810 0.011429 0.007619
0 0.666071 0.301905 0.012143 0.009524
0 0.665714 0.297619 0.012857 0.008571
0 0.652500 0.277619 0.009286 0.008571
0 0.647857 0.270000 0.010000 0.006667
0 0.306071 0.332857 0.013571 0.010476
0 0.309643 0.328571 0.012143 0.009524
0 0.312857 0.322381 0.014286 0.010476
0 0.317857 0.315238 0.010000 0.007619
0 0.321786 0.310476 0.009286 0.009524
0 0.326429 0.302381 0.011429 0.008571
0 0.318214 0.281429 0.015000 0.006667
