1 0.491786 0.903333 0.079286 0.160952
1 0.452500 0.761429 0.099286 0.077143
1 0.473929 0.713333 0.096429 0.070476
1 0.476429 0.671905 0.077143 0.050476
1 0.540357 0.561905 0.076429 0.047619
1 0.561786 0.518095 0.065000 0.038095
1 0.598571 0.490476 0.027143 0.036190
1 0.857500 0.768095 0.082143 0.100000
1 0.895000 0.881429 0.085714 0.122857
1 0.728571 0.785714 0.062857 0.114286
1 0.740000 0.917143 0.074286 0.158095
1 0.658571 0.741905 0.058571 0.110476
1 0.715357 0.644762 0.047857 0.074286
1 0.656071 0.653333 0.049286 0.078095
1 0.702143 0.588095 0.035714 0.050476
2 0.660000 0.581905 0.041429 0.072381
1 0.707143 0.542857 0.042857 0.045714
1 0.661429 0.527143 0.035714 0.058095
2 0.696786 0.493810 0.027857 0.050476
1 0.663214 0.491905 0.026429 0.039048
1 0.663214 0.466190 0.023571 0.037143
1 0.693571 0.450476 0.027143 0.032381
1 0.664286 0.413810 0.020000 0.035238
1 0.690357 0.418571 0.025000 0.031429
1 0.688929 0.389524 0.019286 0.026667
1 0.664643 0.380952 0.017857 0.028571
1 0.689643 0.377619 0.016429 0.021905
1 0.678571 0.358095 0.017143 0.028571
1 0.691429 0.338095 0.014286 0.024762
1 0.669643 0.343810 0.013571 0.017143
1 0.675714 0.329048 0.015714 0.018095
1 0.712143 0.309048 0.011429 0.018095
1 0.684286 0.309524 0.014286 0.013333
1 0.631429 0.358095 0.018571 0.019048
1 0.616429 0.348095 0.027143 0.020000
3 0.617857 0.338095 0.040000 0.028571
1 0.645357 0.326667 0.013571 0.015238
1 0.648571 0.318571 0.014286 0.020000
1 0.728929 0.370476 0.019286 0.020952
1 0.750714 0.364286 0.032857 0.020000
1 0.621429 0.383333 0.020000 0.023810
1 0.617857 0.402857 0.021429 0.024762
1 0.612857 0.422857 0.027143 0.026667
1 0.606429 0.447143 0.025714 0.035238
1 0.759286 0.456667 0.034286 0.033333
1 0.744643 0.409048 0.026429 0.025714
1 0.746429 0.383333 0.032857 0.021905
1 0.764643 0.400952 0.036429 0.020952
1 0.761071 0.390952 0.039286 0.023810
1 0.805357 0.477143 0.066429 0.030476
1 0.810000 0.493810 0.065714 0.029524
1 0.817143 0.513810 0.077143 0.035238
1 0.831429 0.531905 0.078571 0.042857
1 0.861429 0.570000 0.084286 0.044762
1 0.810714 0.595714 0.057143 0.060000
2 0.643571 0.954286 0.067143 0.091429
1 0.931071 0.965238 0.087857 0.069524
