0 0.159643 0.930952 0.293571 0.138095
0 0.215714 0.843810 0.234286 0.144762
0 0.278929 0.749524 0.203571 0.121905
0 0.323571 0.648571 0.137143 0.085714
0 0.338929 0.613333 0.149286 0.072381
0 0.368571 0.518571 0.114286 0.056190
0 0.366071 0.501429 0.107857 0.052381
0 0.549643 0.453333 0.046429 0.038095
0 0.510714 0.426667 0.047143 0.041905
0 0.476786 0.412381 0.035000 0.034286
0 0.448214 0.402381 0.035000 0.031429
0 0.404286 0.437619 0.032857 0.037143
0 0.376786 0.418095 0.027857 0.034286
0 0.328929 0.381905 0.035000 0.036190
0 0.456071 0.381429 0.039286 0.027619
0 0.334643 0.359524 0.040714 0.027619
0 0.272143 0.375238 0.032857 0.034286
