0 0.135000 0.932107 0.032857 0.044416
0 0.169286 0.949239 0.032857 0.045685
0 0.226786 0.902919 0.032143 0.024112
0 0.269286 0.867386 0.024286 0.049492
0 0.421071 0.741117 0.027857 0.038071
0 0.456071 0.711929 0.030714 0.040609
0 0.447500 0.680203 0.029286 0.038071
0 0.494286 0.677665 0.030000 0.040609
0 0.545357 0.731599 0.026429 0.039340
0 0.576071 0.692893 0.026429 0.038071
0 0.525714 0.647843 0.027143 0.039340
0 0.557500 0.580584 0.026429 0.034264
0 0.623571 0.624365 0.025714 0.038071
0 0.646786 0.583122 0.020714 0.044416
0 0.666786 0.563452 0.015000 0.050761
0 0.635000 0.490482 0.022857 0.034264
1 0.678214 0.486041 0.027857 0.025381
0 0.746786 0.405457 0.025000 0.036802
0 0.770000 0.238579 0.012857 0.040609
1 0.869286 0.185914 0.032857 0.052030
0 0.935000 0.093274 0.021429 0.026650
0 0.170357 0.454949 0.030714 0.034264
0 0.237143 0.418782 0.022857 0.027919
0 0.292857 0.390228 0.021429 0.026650
0 0.317857 0.374365 0.022857 0.027919
