1 0.415000 0.638095 0.081429 0.140952
1 0.434286 0.514762 0.064286 0.088571
1 0.283571 0.464286 0.064286 0.088571
1 0.237143 0.441429 0.077143 0.088571
1 0.134286 0.420952 0.082857 0.078095
1 0.184643 0.435714 0.075000 0.075238
1 0.618929 0.546667 0.049286 0.108571
1 0.787500 0.585238 0.047857 0.100000
1 0.847857 0.601905 0.055714 0.108571
1 0.917500 0.620476 0.067857 0.124762
1 0.818571 0.747619 0.065714 0.161905
1 0.901429 0.770000 0.074286 0.164762
1 0.677500 0.573810 0.040714 0.107619
1 0.547500 0.668571 0.066429 0.152381
2 0.297143 0.600000 0.082857 0.133333
1 0.877143 0.463810 0.101429 0.068571
2 0.280000 0.330476 0.077143 0.062857
7 0.334643 0.361905 0.026429 0.030476
7 0.322143 0.352857 0.027143 0.031429
7 0.336071 0.335714 0.029286 0.029524
7 0.233929 0.330952 0.022143 0.033333
7 0.181071 0.315714 0.027857 0.035238
7 0.145714 0.321429 0.021429 0.040952
7 0.103929 0.303333 0.020714 0.033333
7 0.054286 0.314762 0.024286 0.035238
7 0.085714 0.293333 0.018571 0.040000
7 0.051071 0.284762 0.025000 0.036190
7 0.072857 0.287619 0.025714 0.036190
7 0.021429 0.284762 0.028571 0.030476
3 0.977500 0.639048 0.045000 0.177143
