3 0.653184 0.728664 0.056889 0.067718
1 0.551931 0.703154 0.058977 0.053803
4 0.576983 0.550557 0.026618 0.021336
2 0.625000 0.468924 0.045407 0.047310
1 0.704071 0.381725 0.050104 0.045455
2 0.578810 0.342764 0.039666 0.045455
2 0.437891 0.510668 0.045929 0.047310
1 0.482516 0.449907 0.048539 0.042672
4 0.375000 0.504174 0.024530 0.021336
1 0.280271 0.374304 0.032359 0.069573
1 0.263831 0.471243 0.053758 0.048237
1 0.208768 0.463358 0.048017 0.041744
1 0.206942 0.357143 0.036013 0.066790
1 0.285752 0.111781 0.036013 0.052876
1 0.931889 0.427644 0.056889 0.040816
3 0.939196 0.463358 0.068372 0.052876
3 0.854645 0.594156 0.143528 0.101113
3 0.418058 0.676252 0.080376 0.064935
1 0.209812 0.632653 0.059499 0.050093
2 0.027140 0.427180 0.054280 0.051020
