0 0.087143 0.932381 0.127143 0.135238
0 0.776071 0.859524 0.136429 0.271429
0 0.268214 0.849524 0.112143 0.291429
0 0.148929 0.715238 0.142143 0.243810
0 0.717143 0.609048 0.098571 0.164762
0 0.548214 0.563810 0.073571 0.175238
0 0.150357 0.392857 0.133571 0.120952
0 0.127857 0.354286 0.144286 0.108571
0 0.095714 0.312381 0.134286 0.091429
0 0.068214 0.278095 0.096429 0.087619
0 0.328571 0.354762 0.061429 0.126667
0 0.593571 0.336190 0.065714 0.104762
0 0.683214 0.345238 0.069286 0.109524
0 0.798214 0.364762 0.063571 0.116190
0 0.968571 0.100952 0.062857 0.047619
0 0.882500 0.100952 0.093571 0.051429
0 0.465714 0.085714 0.080000 0.049524
0 0.360357 0.084286 0.083571 0.048571
0 0.138929 0.079524 0.083571 0.050476
0 0.786429 0.246667 0.088571 0.066667
2 0.887143 0.143333 0.134286 0.067619
