3 0.261750 0.412667 0.079500 0.174667
1 0.396750 0.364333 0.068500 0.152667
1 0.501250 0.370333 0.064500 0.156667
1 0.611000 0.364000 0.080000 0.149333
1 0.715000 0.626667 0.101000 0.182667
1 0.607000 0.162667 0.111000 0.106667
3 0.211750 0.139000 0.071500 0.178000
3 0.110750 0.288333 0.087500 0.183333
1 0.358250 0.911000 0.080500 0.178000
1 0.044000 0.759000 0.088000 0.098000
1 0.551750 0.039000 0.065500 0.075333
1 0.190250 0.025000 0.057500 0.047333
1 0.943000 0.043667 0.106000 0.087333
2 0.976000 0.133333 0.045000 0.084000
7 0.816750 0.744333 0.052500 0.027333
7 0.614750 0.546667 0.020500 0.058667
7 0.748250 0.519333 0.046500 0.041333
7 0.667500 0.397667 0.017000 0.056667
4 0.700000 0.402667 0.058000 0.137333
2 0.036500 0.607667 0.073000 0.063333
