0 0.125714 0.856190 0.167143 0.257143
0 0.392500 0.820952 0.099286 0.228571
0 0.207500 0.607619 0.092143 0.148571
0 0.390714 0.410952 0.045714 0.069524
0 0.395357 0.274286 0.030714 0.043810
0 0.516071 0.243810 0.039286 0.028571
0 0.508214 0.261429 0.039286 0.029524
0 0.536071 0.272381 0.063571 0.032381
0 0.563929 0.302857 0.069286 0.041905
0 0.604286 0.364286 0.090000 0.046667
0 0.642857 0.403810 0.105714 0.059048
0 0.741429 0.525238 0.145714 0.084762
0 0.783929 0.577619 0.177857 0.094286
0 0.503929 0.724286 0.100714 0.174286
0 0.423214 0.234286 0.023571 0.026667
