0 0.488000 0.469333 0.021000 0.017333
0 0.483000 0.478333 0.025000 0.019333
0 0.468000 0.499333 0.029000 0.018667
0 0.471750 0.489333 0.030500 0.017333
0 0.546250 0.970667 0.032500 0.058667
0 0.560500 0.914667 0.028000 0.057333
0 0.580750 0.814000 0.022500 0.046667
0 0.668500 0.927000 0.025000 0.067333
0 0.613250 0.672333 0.020500 0.040667
0 0.624000 0.619000 0.018000 0.034000
0 0.630500 0.589000 0.018000 0.031333
0 0.646250 0.515000 0.013500 0.023333
0 0.651750 0.493667 0.013500 0.022000
1 0.653000 0.444333 0.020000 0.059333
0 0.897250 0.849667 0.027500 0.047333
0 0.819250 0.811667 0.021500 0.042000
0 0.760500 0.794000 0.019000 0.041333
0 0.699250 0.645667 0.017500 0.036667
1 0.685750 0.541667 0.026500 0.076667
0 0.708500 0.471667 0.013000 0.022000
0 0.990750 0.771333 0.018500 0.041333
0 0.961500 0.754333 0.024000 0.040667
0 0.936000 0.747667 0.027000 0.042000
0 0.908750 0.779667 0.027500 0.047333
0 0.898250 0.711000 0.022500 0.035333
0 0.928500 0.672667 0.043000 0.025333
0 0.870000 0.689000 0.022000 0.036667
0 0.866500 0.655333 0.019000 0.030667
0 0.857250 0.607000 0.018500 0.030000
0 0.852500 0.572667 0.018000 0.025333
0 0.847250 0.547333 0.017500 0.025333
0 0.844750 0.525333 0.015500 0.022667
0 0.804250 0.546000 0.015500 0.025333
0 0.843000 0.504667 0.015000 0.021333
0 0.839250 0.482333 0.014500 0.019333
0 0.837000 0.464667 0.013000 0.018667
0 0.833750 0.448000 0.014500 0.018667
0 0.831250 0.431667 0.014500 0.015333
0 0.828000 0.413667 0.012000 0.014000
0 0.764000 0.498333 0.012000 0.018000
0 0.781500 0.482667 0.013000 0.018667
0 0.722750 0.402333 0.010500 0.018000
0 0.766750 0.426333 0.010500 0.016667
0 0.782000 0.414333 0.012000 0.016667
0 0.735250 0.380000 0.009500 0.014667
0 0.775250 0.376667 0.011500 0.013333
0 0.791500 0.384000 0.010000 0.014667
0 0.741500 0.356667 0.009000 0.014667
0 0.727250 0.345333 0.009500 0.013333
0 0.761500 0.341333 0.009000 0.013333
0 0.773750 0.328333 0.010500 0.014000
0 0.719500 0.317000 0.009000 0.012667
0 0.731500 0.305333 0.009000 0.013333
0 0.761750 0.296333 0.008500 0.011333
0 0.784250 0.298333 0.008500 0.010000
0 0.772500 0.290667 0.008000 0.010667
0 0.784750 0.282000 0.007500 0.009333
0 0.820250 0.371000 0.011500 0.014000
0 0.824500 0.351000 0.010000 0.014000
0 0.823250 0.322000 0.009500 0.010667
0 0.821500 0.314667 0.009000 0.010667
0 0.817750 0.294000 0.008500 0.009333
2 0.601500 0.834000 0.008000 0.018667
0 0.694250 0.714000 0.018500 0.037333
0 0.791750 0.735333 0.019500 0.040000
0 0.723000 0.728667 0.020000 0.040000
0 0.760750 0.272667 0.007500 0.009333
0 0.777500 0.271000 0.009000 0.010000
0 0.736500 0.265333 0.007000 0.010667
0 0.748000 0.267000 0.007000 0.010000
0 0.729750 0.247333 0.007500 0.012000
0 0.807250 0.257667 0.008500 0.010000
0 0.761250 0.251333 0.007500 0.009333
0 0.770750 0.250333 0.006500 0.008667
0 0.783250 0.250333 0.007500 0.010000
1 0.782250 0.228333 0.009500 0.020667
0 0.800500 0.244000 0.006000 0.009333
0 0.802750 0.250667 0.007500 0.009333
0 0.772250 0.240667 0.006500 0.009333
0 0.762250 0.224333 0.006500 0.008667
0 0.696000 0.294000 0.009000 0.012000
0 0.699000 0.283000 0.008000 0.011333
0 0.691000 0.309333 0.009000 0.012000
0 0.683000 0.325667 0.010000 0.012667
0 0.679750 0.335000 0.008500 0.011333
0 0.770500 0.231000 0.008000 0.008667
0 0.770500 0.225000 0.006000 0.008667
0 0.762000 0.201667 0.006000 0.007333
0 0.779500 0.205333 0.006000 0.006667
0 0.771250 0.210667 0.005500 0.008000
0 0.771250 0.200667 0.005500 0.006667
0 0.770750 0.262667 0.007500 0.010667
0 0.782500 0.262667 0.007000 0.009333
0 0.762250 0.186667 0.005500 0.006667
0 0.769000 0.192333 0.005000 0.006000
0 0.770500 0.186333 0.005000 0.006000
0 0.778250 0.190333 0.005500 0.007333
0 0.709750 0.235667 0.007500 0.011333
0 0.711500 0.225667 0.007000 0.011333
0 0.716000 0.207333 0.005000 0.008000
