1 0.472857 0.815355 0.054286 0.039340
1 0.423214 0.649112 0.019286 0.064721
1 0.402143 0.449873 0.021429 0.067259
1 0.465000 0.626904 0.048571 0.035533
1 0.467857 0.548223 0.040000 0.035533
1 0.461429 0.469543 0.042857 0.032995
1 0.465000 0.505711 0.047143 0.034264
1 0.461429 0.429569 0.041429 0.031726
1 0.463214 0.352157 0.045000 0.034264
1 0.464286 0.391497 0.038571 0.034264
2 0.464286 0.673223 0.050000 0.039340
2 0.466429 0.715736 0.048571 0.040609
2 0.464643 0.765228 0.050714 0.043147
1 0.361786 0.411802 0.017857 0.069797
2 0.357857 0.484772 0.018571 0.073604
2 0.104643 0.318528 0.040714 0.030457
