0 0.905000 0.894762 0.190000 0.166667
0 0.623571 0.814286 0.104286 0.160000
0 0.712143 0.662381 0.085714 0.124762
0 0.787143 0.549524 0.068571 0.080000
0 0.945357 0.469524 0.046429 0.078095
0 0.845000 0.427143 0.064286 0.082857
0 0.870357 0.394762 0.037857 0.058095
0 0.968214 0.417143 0.063571 0.038095
0 0.973571 0.441429 0.052857 0.046667
0 0.976429 0.397619 0.047143 0.040952
0 0.926429 0.348571 0.040000 0.047619
0 0.882857 0.329048 0.045714 0.039048
0 0.743571 0.279524 0.037143 0.039048
0 0.705714 0.318571 0.047143 0.046667
0 0.654286 0.368571 0.055714 0.053333
0 0.693571 0.406190 0.057143 0.061905
0 0.591429 0.425238 0.061429 0.058095
0 0.459643 0.420952 0.072143 0.062857
1 0.453929 0.534286 0.236429 0.257143
0 0.328571 0.574762 0.100000 0.109524
0 0.160000 0.619048 0.144286 0.127619
0 0.107143 0.753810 0.174286 0.166667
0 0.225000 0.771429 0.154286 0.167619
0 0.038929 0.473333 0.077857 0.089524
0 0.087857 0.457143 0.085714 0.076190
0 0.085357 0.357619 0.083571 0.039048
0 0.098571 0.394762 0.108571 0.050476
0 0.135000 0.426667 0.078571 0.080000
0 0.183929 0.409524 0.075000 0.070476
0 0.230714 0.388571 0.062857 0.060952
0 0.210714 0.350000 0.077143 0.037143
0 0.198929 0.321905 0.076429 0.043810
0 0.258929 0.369048 0.077857 0.060000
0 0.286071 0.339524 0.079286 0.058095
0 0.448571 0.320476 0.058571 0.042857
0 0.448214 0.287619 0.050714 0.038095
0 0.470714 0.280476 0.045714 0.035238
0 0.486071 0.265238 0.056429 0.042857
0 0.504643 0.258095 0.049286 0.038095
0 0.522143 0.250000 0.047143 0.044762
0 0.538929 0.244286 0.045000 0.035238
0 0.550714 0.234762 0.047143 0.039048
0 0.584643 0.249524 0.043571 0.034286
0 0.577857 0.217619 0.048571 0.035238
0 0.667857 0.206667 0.032857 0.028571
0 0.708571 0.174286 0.037143 0.024762
0 0.753571 0.177619 0.031429 0.023810
0 0.828571 0.152381 0.028571 0.022857
