2 0.672250 0.270333 0.015500 0.012667
1 0.669250 0.276333 0.010500 0.012667
1 0.717750 0.272000 0.007500 0.009333
2 0.713500 0.280333 0.016000 0.014000
1 0.715500 0.286000 0.009000 0.012000
1 0.712500 0.296000 0.019000 0.010667
1 0.714250 0.300333 0.021500 0.011333
1 0.715500 0.303333 0.020000 0.012000
1 0.715750 0.310000 0.011500 0.013333
1 0.715000 0.326333 0.021000 0.015333
1 0.716500 0.337333 0.024000 0.017333
1 0.715500 0.344333 0.020000 0.015333
1 0.721750 0.358000 0.015500 0.020000
1 0.713500 0.385000 0.039000 0.019333
1 0.684500 0.308333 0.023000 0.014000
1 0.661500 0.301667 0.020000 0.014000
1 0.653250 0.307333 0.011500 0.010667
1 0.653500 0.316000 0.023000 0.013333
1 0.652250 0.321667 0.024500 0.012667
1 0.648750 0.324000 0.025500 0.010667
1 0.652250 0.332333 0.026500 0.015333
1 0.640500 0.334667 0.026000 0.013333
1 0.644250 0.339667 0.032500 0.016667
1 0.641000 0.344000 0.028000 0.016000
1 0.638500 0.348667 0.031000 0.017333
1 0.637250 0.357667 0.032500 0.019333
1 0.633500 0.365000 0.035000 0.019333
1 0.631750 0.372667 0.033500 0.021333
1 0.626250 0.378333 0.034500 0.024667
2 0.623250 0.383000 0.033500 0.023333
2 0.622000 0.397000 0.038000 0.028667
2 0.616000 0.403333 0.037000 0.029333
1 0.599000 0.414333 0.040000 0.023333
1 0.582000 0.421333 0.044000 0.026667
1 0.690500 0.427667 0.026000 0.031333
1 0.721500 0.399000 0.034000 0.023333
1 0.741250 0.416667 0.045500 0.025333
1 0.740250 0.429667 0.048500 0.020667
2 0.737000 0.441000 0.045000 0.032667
3 0.771500 0.446000 0.066000 0.042667
1 0.779750 0.475333 0.058500 0.033333
1 0.769000 0.499333 0.065000 0.033333
1 0.791500 0.521333 0.070000 0.036000
1 0.783500 0.545000 0.066000 0.039333
2 0.777000 0.565000 0.076000 0.050000
1 0.799500 0.606000 0.079000 0.048000
1 0.796500 0.642667 0.077000 0.054667
1 0.789750 0.688667 0.062500 0.066667
3 0.730250 0.717000 0.119500 0.131333
1 0.703500 0.825000 0.106000 0.103333
1 0.507750 0.916333 0.077500 0.164667
1 0.392750 0.913667 0.078500 0.171333
4 0.310750 0.707333 0.048500 0.077333
0 0.359750 0.647667 0.018500 0.031333
0 0.412500 0.609333 0.015000 0.030667
0 0.122500 0.500667 0.013000 0.024000
7 0.133750 0.497333 0.014500 0.029333
0 0.187500 0.483000 0.018000 0.020667
1 0.128500 0.430667 0.052000 0.032000
1 0.188750 0.444333 0.052500 0.031333
7 0.167250 0.428333 0.016500 0.016667
1 0.064000 0.353000 0.034000 0.019333
1 0.078000 0.335333 0.035000 0.018667
1 0.111000 0.325667 0.033000 0.019333
1 0.138750 0.342000 0.016500 0.021333
1 0.153000 0.314333 0.027000 0.019333
1 0.186750 0.325667 0.027500 0.019333
1 0.180500 0.308667 0.027000 0.016000
2 0.206500 0.300667 0.020000 0.018667
1 0.540750 0.581333 0.042500 0.066667
1 0.155500 0.364333 0.026000 0.022000
