2 0.451071 0.763325 0.016429 0.057107
2 0.195357 0.758249 0.023571 0.019036
2 0.193571 0.714467 0.022857 0.035533
2 0.205714 0.695431 0.025714 0.038071
1 0.218571 0.685279 0.021429 0.030457
1 0.231429 0.668147 0.021429 0.029188
2 0.241786 0.651015 0.023571 0.035533
2 0.313929 0.578680 0.029286 0.035533
1 0.374643 0.625635 0.025000 0.020305
1 0.383929 0.597716 0.026429 0.022843
2 0.384286 0.525381 0.011429 0.027919
1 0.381786 0.500635 0.010714 0.021574
1 0.382857 0.475254 0.008571 0.021574
1 0.384286 0.444797 0.010000 0.021574
2 0.382143 0.422589 0.010000 0.020305
2 0.374286 0.293782 0.008571 0.016497
2 0.387500 0.290609 0.009286 0.017766
1 0.376071 0.156726 0.005000 0.011421
1 0.413929 0.173223 0.006429 0.011421
2 0.394643 0.093909 0.009286 0.012690
2 0.468571 0.283629 0.008571 0.019036
2 0.471429 0.315990 0.008571 0.017766
1 0.456071 0.346447 0.016429 0.017766
1 0.445000 0.378807 0.018571 0.016497
1 0.546429 0.340736 0.011429 0.019036
3 0.591071 0.299492 0.012143 0.025381
6 0.553929 0.303299 0.013571 0.055838
6 0.885714 0.540609 0.054286 0.040609
