3 0.594643 0.492857 0.043571 0.082857
3 0.562143 0.500000 0.038571 0.081905
3 0.306071 0.370476 0.019286 0.038095
3 0.517143 0.354286 0.017143 0.028571
3 0.448929 0.236667 0.013571 0.020000
7 0.515357 0.291905 0.003571 0.004762
1 0.487500 0.258095 0.005000 0.007619
2 0.455000 0.217619 0.004286 0.008571
6 0.457857 0.209524 0.005714 0.015238
2 0.358929 0.277143 0.009286 0.011429
1 0.469286 0.194286 0.002857 0.003810
3 0.453571 0.195714 0.004286 0.008571
3 0.495714 0.162381 0.007143 0.006667
3 0.457500 0.179048 0.005000 0.007619
1 0.456786 0.185714 0.003571 0.005714
3 0.468214 0.188095 0.003571 0.006667
3 0.467143 0.182857 0.004286 0.007619
6 0.475000 0.177619 0.004286 0.006667
1 0.725714 0.342857 0.015714 0.011429
