0 0.080714 0.229048 0.062857 0.037143
0 0.077857 0.246667 0.060000 0.045714
0 0.024286 0.237619 0.047143 0.042857
0 0.970357 0.100000 0.030714 0.022857
0 0.785000 0.132381 0.037143 0.032381
0 0.539286 0.167619 0.048571 0.028571
0 0.574643 0.170000 0.046429 0.031429
0 0.611786 0.163810 0.043571 0.045714
0 0.590000 0.153810 0.037143 0.027619
0 0.656071 0.155714 0.042143 0.033333
0 0.692857 0.142381 0.035714 0.027619
0 0.690714 0.135714 0.032857 0.029524
0 0.723571 0.133333 0.034286 0.024762
2 0.653571 0.138095 0.051429 0.030476
2 0.748214 0.111905 0.037857 0.035238
2 0.664286 0.100952 0.051429 0.034286
2 0.751071 0.078095 0.027857 0.024762
1 0.705357 0.110000 0.065000 0.040952
0 0.733571 0.118571 0.032857 0.027619
0 0.796429 0.110000 0.027143 0.021905
0 0.811071 0.100952 0.017857 0.017143
0 0.789643 0.099524 0.023571 0.016190
0 0.769286 0.102857 0.027143 0.019048
0 0.827857 0.099048 0.022857 0.020952
2 0.800000 0.087619 0.030000 0.024762
0 0.820000 0.088095 0.014286 0.014286
0 0.833929 0.086190 0.013571 0.012381
0 0.844286 0.092857 0.020000 0.018095
1 0.851429 0.070952 0.037143 0.031429
1 0.888214 0.067143 0.042143 0.029524
0 0.978214 0.055714 0.012143 0.014286
2 0.840714 0.154286 0.037143 0.049524
2 0.890000 0.121905 0.025714 0.045714
1 0.130000 0.506190 0.260000 0.326667
