0 0.531071 0.920952 0.016429 0.053333
0 0.528571 0.856190 0.015714 0.055238
0 0.604643 0.860476 0.036429 0.023810
0 0.603929 0.836667 0.035000 0.021905
0 0.604643 0.808095 0.029286 0.021905
0 0.605357 0.781905 0.035000 0.022857
0 0.601429 0.706667 0.035714 0.020952
0 0.596429 0.679048 0.035714 0.024762
0 0.594286 0.631429 0.035714 0.022857
0 0.591071 0.559048 0.030714 0.019048
0 0.591071 0.482857 0.033571 0.020952
0 0.638214 0.404762 0.015000 0.045714
0 0.531786 0.979048 0.016429 0.041905
0 0.376429 0.954286 0.017143 0.049524
0 0.376071 0.890952 0.016429 0.052381
0 0.377857 0.706190 0.015714 0.048571
0 0.374286 0.652857 0.015714 0.037143
0 0.523571 0.666667 0.017143 0.047619
0 0.526786 0.796667 0.016429 0.050476
0 0.308214 0.843810 0.020714 0.051429
0 0.354286 0.979048 0.017143 0.041905
0 0.351071 0.846667 0.017857 0.053333
0 0.348214 0.780952 0.016429 0.051429
0 0.381429 0.767143 0.017143 0.056190
0 0.544643 0.622857 0.015000 0.041905
0 0.539643 0.564762 0.016429 0.045714
0 0.520357 0.554286 0.016429 0.049524
0 0.521786 0.610000 0.016429 0.042857
0 0.525714 0.728571 0.015714 0.034286
0 0.360000 0.483333 0.015714 0.048571
0 0.356429 0.576190 0.015714 0.049524
0 0.376071 0.497143 0.016429 0.041905
0 0.417857 0.448571 0.015714 0.043810
0 0.584643 0.388571 0.033571 0.022857
0 0.583214 0.410476 0.032143 0.020952
0 0.583214 0.364286 0.033571 0.023810
0 0.632143 0.297619 0.015714 0.042857
0 0.701071 0.301429 0.016429 0.044762
0 0.711071 0.233333 0.035000 0.022857
0 0.582500 0.301429 0.033571 0.023810
0 0.585357 0.323810 0.026429 0.020952
0 0.506429 0.091429 0.015714 0.038095
0 0.451429 0.114286 0.015714 0.041905
0 0.527857 0.100952 0.017143 0.043810
2 0.576429 0.196667 0.044286 0.027619
0 0.085357 0.227619 0.030714 0.020952
0 0.158571 0.271429 0.032857 0.020952
0 0.211429 0.344762 0.035714 0.020952
0 0.261429 0.340952 0.032857 0.020952
0 0.172500 0.404762 0.032143 0.040000
0 0.307500 0.489048 0.036429 0.021905
0 0.335714 0.105714 0.015714 0.041905
0 0.503214 0.051429 0.013571 0.040000
0 0.502857 0.013333 0.014286 0.026667
0 0.360357 0.362381 0.012143 0.008571
0 0.115000 0.693333 0.020000 0.047619
0 0.077857 0.680476 0.020000 0.050476
0 0.060714 0.683333 0.021429 0.056190
0 0.020357 0.684286 0.022143 0.050476
0 0.251429 0.219524 0.035714 0.021905
2 0.273571 0.284286 0.041429 0.025714
