0 0.672500 0.970667 0.090000 0.058667
7 0.795250 0.830000 0.087500 0.077333
7 0.837000 0.728000 0.041000 0.088000
7 0.632000 0.203000 0.044000 0.036667
7 0.549500 0.740667 0.025000 0.102667
7 0.570500 0.306333 0.013000 0.042000
7 0.498250 0.413000 0.027500 0.054000
2 0.629000 0.168667 0.043000 0.062667
2 0.526000 0.219000 0.089000 0.042000
2 0.528000 0.194667 0.072000 0.050667
2 0.551500 0.174667 0.066000 0.057333
2 0.560750 0.139000 0.070500 0.058000
1 0.579250 0.034667 0.060500 0.038667
2 0.421500 0.134667 0.067000 0.053333
2 0.424000 0.116333 0.066000 0.054000
2 0.449250 0.057000 0.039500 0.046000
1 0.502750 0.029000 0.034500 0.038000
1 0.528250 0.013000 0.029500 0.026000
2 0.398250 0.017667 0.063500 0.034000
1 0.427250 0.010000 0.041500 0.020000
2 0.354500 0.217000 0.083000 0.066000
7 0.413000 0.184333 0.023000 0.031333
2 0.346250 0.053667 0.057500 0.042000
2 0.375250 0.104667 0.051500 0.045333
1 0.308000 0.145333 0.043000 0.048000
2 0.256250 0.284333 0.108500 0.064667
0 0.284500 0.049333 0.015000 0.026667
7 0.323250 0.066333 0.025500 0.024667
2 0.023000 0.255000 0.046000 0.068667
2 0.040000 0.317667 0.080000 0.088667
7 0.020500 0.372667 0.041000 0.048000
2 0.066500 0.461667 0.133000 0.120667
1 0.292750 0.599333 0.161500 0.141333
1 0.259000 0.511000 0.039000 0.054000
