1 0.364301 0.054731 0.033403 0.057514
1 0.480689 0.133581 0.024008 0.066790
1 0.379958 0.177180 0.054280 0.064935
2 0.272704 0.580705 0.025574 0.070501
7 0.207463 0.587662 0.009916 0.038033
4 0.137265 0.594620 0.036534 0.038961
1 0.213987 0.794063 0.039666 0.124304
1 0.258351 0.801484 0.042797 0.126160
1 0.297234 0.825603 0.042276 0.135436
1 0.373434 0.847866 0.039144 0.135436
1 0.452244 0.822356 0.031837 0.125232
1 0.686065 0.825139 0.032881 0.099258
1 0.622390 0.613636 0.062109 0.056586
1 0.603340 0.541744 0.067850 0.066790
