1 0.233929 0.962857 0.065000 0.043810
3 0.603571 0.954762 0.044286 0.090476
1 0.646071 0.930952 0.042143 0.065714
1 0.835714 0.973333 0.047143 0.051429
3 0.732500 0.821429 0.047857 0.058095
1 0.683571 0.762381 0.022857 0.027619
1 0.647143 0.715238 0.024286 0.024762
1 0.618929 0.689048 0.017857 0.020000
1 0.567143 0.739048 0.022857 0.032381
1 0.592143 0.662857 0.015714 0.017143
1 0.535357 0.646667 0.016429 0.015238
1 0.598571 0.907619 0.035714 0.038095
1 0.600714 0.876190 0.031429 0.036190
1 0.596071 0.845238 0.032143 0.037143
1 0.586071 0.815714 0.025000 0.037143
1 0.582857 0.789048 0.027143 0.035238
1 0.555357 0.707619 0.020714 0.022857
1 0.583929 0.654762 0.015000 0.020000
1 0.572500 0.650952 0.015000 0.016190
1 0.513214 0.649524 0.016429 0.015238
1 0.505357 0.641905 0.010714 0.013333
1 0.489286 0.644762 0.012857 0.015238
