0 0.953000 0.589667 0.094000 0.115333
0 0.606250 0.472000 0.054500 0.100000
0 0.429750 0.972000 0.057500 0.048000
0 0.429250 0.489667 0.038500 0.092667
0 0.197000 0.618667 0.126000 0.084000
0 0.769500 0.332000 0.074000 0.048000
0 0.760750 0.297667 0.077500 0.043333
0 0.710750 0.235333 0.067500 0.042667
0 0.693500 0.206000 0.066000 0.032000
0 0.578750 0.272000 0.040500 0.056000
0 0.667500 0.165667 0.064000 0.035333
0 0.620000 0.153667 0.055000 0.034000
2 0.588250 0.099000 0.029500 0.042000
0 0.514250 0.132667 0.026500 0.037333
0 0.424250 0.172333 0.025500 0.054000
0 0.425250 0.128667 0.028500 0.041333
0 0.421250 0.092000 0.021500 0.036000
0 0.419750 0.060333 0.020500 0.032667
0 0.526000 0.022000 0.019000 0.029333
0 0.487750 0.026333 0.019500 0.026000
0 0.295000 0.205333 0.083000 0.048000
