3 0.044750 0.651667 0.089500 0.103333
1 0.388750 0.628667 0.097500 0.096000
1 0.293500 0.629333 0.101000 0.076000
2 0.245000 0.710333 0.131000 0.146000
1 0.612000 0.413000 0.058000 0.044667
2 0.840250 0.587000 0.064500 0.074000
2 0.891500 0.532333 0.066000 0.072667
1 0.711000 0.301667 0.056000 0.039333
1 0.727000 0.278000 0.041000 0.028000
1 0.810000 0.284667 0.037000 0.026667
1 0.848250 0.271000 0.022500 0.028667
1 0.874750 0.258667 0.047500 0.022667
1 0.890750 0.248000 0.030500 0.021333
1 0.910500 0.237667 0.031000 0.023333
0 0.897750 0.188000 0.012500 0.012000
1 0.992750 0.206000 0.014500 0.020000
1 0.981000 0.213333 0.029000 0.020000
2 0.939000 0.167667 0.033000 0.022000
1 0.874250 0.163000 0.024500 0.016667
1 0.925750 0.158667 0.029500 0.017333
1 0.934500 0.157000 0.023000 0.018000
1 0.943750 0.154667 0.023500 0.017333
1 0.952500 0.151667 0.027000 0.014000
1 0.923000 0.134333 0.017000 0.014000
7 0.907500 0.136333 0.004000 0.010000
7 0.886250 0.141667 0.010500 0.010000
7 0.881750 0.142333 0.008500 0.008667
1 0.597000 0.258333 0.043000 0.020667
2 0.652750 0.238000 0.035500 0.028000
1 0.667500 0.234667 0.043000 0.028000
1 0.679750 0.228000 0.039500 0.026667
1 0.705000 0.224667 0.035000 0.022667
1 0.639000 0.205667 0.033000 0.019333
6 0.181250 0.080667 0.045500 0.018667
6 0.252750 0.084667 0.039500 0.018667
6 0.245750 0.082333 0.042500 0.019333
6 0.236000 0.081667 0.048000 0.020667
6 0.227500 0.079333 0.041000 0.021333
