1 0.721000 0.845000 0.057000 0.159333
1 0.662500 0.693000 0.054000 0.140667
1 0.650500 0.529333 0.052000 0.090667
1 0.563500 0.260333 0.042000 0.047333
1 0.545750 0.189667 0.041500 0.054000
1 0.421000 0.436000 0.057000 0.085333
1 0.420750 0.369667 0.057500 0.072667
1 0.456500 0.079667 0.022000 0.034000
1 0.531750 0.149000 0.046500 0.040667
1 0.412500 0.263667 0.028000 0.070000
1 0.408750 0.132667 0.023500 0.045333
1 0.429250 0.632000 0.073500 0.125333
1 0.436250 0.783333 0.097500 0.134667
1 0.424750 0.508667 0.072500 0.093333
1 0.444000 0.928667 0.121000 0.142667
1 0.418500 0.211667 0.054000 0.062000
1 0.531250 0.125667 0.044500 0.038000
2 0.526250 0.092333 0.021500 0.038000
1 0.405750 0.091000 0.021500 0.047333
2 0.669000 0.126667 0.045000 0.037333
1 0.804750 0.179667 0.043500 0.051333
1 0.972750 0.436667 0.054500 0.105333
3 0.408500 0.057000 0.025000 0.046000
3 0.512000 0.024333 0.031000 0.048667
4 0.496500 0.108333 0.009000 0.022000
0 0.488000 0.130667 0.006000 0.020000
7 0.494000 0.155667 0.008000 0.020667
7 0.883000 0.197000 0.015000 0.024667
7 0.826000 0.203333 0.022000 0.022667
0 0.736500 0.091000 0.006000 0.014000
4 0.731750 0.086000 0.008500 0.014667
2 0.678000 0.273667 0.037000 0.068667
