2 0.147143 0.907360 0.037143 0.055838
2 0.065714 0.806472 0.032857 0.049492
1 0.009286 0.721447 0.018571 0.046954
7 0.031071 0.842005 0.013571 0.021574
1 0.221071 0.815990 0.035000 0.045685
7 0.388571 0.811548 0.015714 0.021574
1 0.033929 0.303934 0.026429 0.036802
1 0.014286 0.415609 0.028571 0.054569
1 0.134286 0.234137 0.031429 0.041878
1 0.331786 0.017766 0.023571 0.035533
3 0.298929 0.105964 0.030714 0.054569
6 0.222500 0.352157 0.070714 0.115482
2 0.136786 0.443528 0.025000 0.041878
6 0.266071 0.543782 0.066429 0.102792
1 0.347857 0.715102 0.032857 0.049492
6 0.620000 0.938452 0.090000 0.120558
3 0.525714 0.582487 0.034286 0.055838
1 0.503571 0.619289 0.027143 0.045685
2 0.522857 0.705584 0.025714 0.058376
1 0.555357 0.718909 0.022143 0.054569
2 0.659286 0.777919 0.035714 0.053299
2 0.671429 0.751269 0.034286 0.048223
1 0.687500 0.727792 0.033571 0.046954
3 0.798214 0.831853 0.090714 0.115482
3 0.892857 0.942893 0.075714 0.104061
2 0.823929 0.987310 0.040714 0.022843
2 0.800000 0.963198 0.042857 0.035533
2 0.768214 0.934010 0.042143 0.035533
2 0.746071 0.902919 0.040714 0.039340
1 0.597143 0.357234 0.030000 0.039340
2 0.661429 0.220178 0.025714 0.031726
2 0.628929 0.189086 0.026429 0.032995
1 0.601071 0.159898 0.026429 0.035533
3 0.747143 0.021574 0.050000 0.043147
6 0.555714 0.028553 0.067143 0.057107
6 0.572500 0.020939 0.059286 0.041878
