0 0.434643 0.283629 0.005000 0.003807
0 0.445357 0.289975 0.005000 0.006345
0 0.466429 0.322970 0.004286 0.006345
0 0.479643 0.324873 0.003571 0.007614
0 0.474643 0.326142 0.003571 0.007614
0 0.475000 0.333122 0.004286 0.008883
0 0.458214 0.359772 0.005000 0.006345
0 0.466071 0.353426 0.003571 0.006345
0 0.476429 0.353426 0.004286 0.006345
0 0.513929 0.404188 0.005000 0.011421
1 0.456071 0.375635 0.006429 0.015228
0 0.485357 0.388959 0.005000 0.008883
0 0.476429 0.398477 0.004286 0.010152
0 0.477500 0.425127 0.006429 0.010152
0 0.436071 0.438452 0.005000 0.008883
0 0.461429 0.427030 0.005714 0.008883
0 0.457857 0.513325 0.008571 0.013959
1 0.424286 0.497462 0.015714 0.040609
0 0.309643 0.848985 0.025000 0.035533
0 0.317500 0.819797 0.029286 0.032995
0 0.354643 0.894036 0.017857 0.034264
1 0.404286 0.966371 0.030000 0.064721
1 0.559286 0.806472 0.025714 0.120558
0 0.500357 0.773477 0.013571 0.036802
0 0.405000 0.712563 0.011429 0.024112
0 0.477500 0.540609 0.009286 0.017766
0 0.511071 0.539975 0.007857 0.016497
2 0.491071 0.508883 0.010714 0.038071
1 0.576429 0.435279 0.018571 0.015228
0 0.630357 0.406726 0.006429 0.011421
0 0.623929 0.418147 0.006429 0.008883
0 0.614286 0.401015 0.004286 0.007614
0 0.617143 0.395305 0.005714 0.006345
0 0.637500 0.390228 0.009286 0.008883
