2 0.690714 0.616667 0.121429 0.214286
0 0.320357 0.777619 0.079286 0.178095
0 0.346429 0.595714 0.070000 0.124762
0 0.366071 0.474762 0.057857 0.117143
0 0.593929 0.326667 0.042143 0.059048
0 0.544286 0.190952 0.034286 0.048571
0 0.513571 0.128571 0.028571 0.034286
0 0.482500 0.076667 0.023571 0.027619
0 0.396071 0.184762 0.030714 0.043810
0 0.392857 0.157619 0.018571 0.035238
0 0.381071 0.142857 0.029286 0.028571
0 0.322857 0.096667 0.040000 0.023810
0 0.347143 0.050476 0.015714 0.024762
0 0.376429 0.055238 0.018571 0.022857
0 0.372857 0.041429 0.017143 0.014286
0 0.368214 0.033333 0.013571 0.015238
0 0.365357 0.023333 0.013571 0.016190
0 0.462143 0.052381 0.018571 0.024762
