0 0.381429 0.527143 0.035714 0.103810
0 0.592857 0.545714 0.038571 0.116190
0 0.811071 0.730952 0.055000 0.120952
0 0.561786 0.116667 0.030714 0.067619
0 0.411786 0.097143 0.025000 0.068571
0 0.166429 0.037619 0.064286 0.039048
0 0.139643 0.219048 0.070714 0.045714
0 0.072500 0.466667 0.095000 0.049524
1 0.735714 0.646190 0.107143 0.320952
0 0.902500 0.336667 0.072143 0.040952
0 0.827857 0.031905 0.062857 0.033333
0 0.834286 0.054762 0.052857 0.039048
0 0.836071 0.080000 0.063571 0.041905
0 0.839643 0.107143 0.066429 0.040952
0 0.843929 0.126190 0.063571 0.054286
0 0.850000 0.162857 0.065714 0.040000
0 0.861071 0.194286 0.067857 0.045714
0 0.866786 0.226190 0.067857 0.044762
0 0.880714 0.262857 0.074286 0.045714
0 0.895357 0.296190 0.072143 0.047619
0 0.933214 0.459048 0.086429 0.049524
0 0.984286 0.560476 0.031429 0.048571
0 0.922500 0.409524 0.082143 0.041905
0 0.553214 0.019524 0.027857 0.039048
0 0.251786 0.033810 0.042143 0.056190
0 0.261071 0.081905 0.029286 0.055238
0 0.211429 0.342381 0.040000 0.092381
0 0.137857 0.345714 0.044286 0.089524
0 0.084643 0.417619 0.086429 0.044762
0 0.051429 0.513810 0.085714 0.060000
0 0.147500 0.187619 0.075000 0.034286
0 0.150000 0.159048 0.070000 0.038095
0 0.802500 0.295238 0.043571 0.072381
0 0.961071 0.926190 0.072143 0.147619
0 0.038929 0.642381 0.077857 0.056190
0 0.028214 0.756190 0.056429 0.053333
0 0.246786 0.173333 0.025000 0.076190
0 0.182143 0.507619 0.045714 0.089524
0 0.150357 0.664286 0.040714 0.073333
0 0.765000 0.165238 0.032857 0.060000
