1 0.027250 0.635333 0.054500 0.056000
1 0.146500 0.646667 0.116000 0.068000
1 0.092500 0.825000 0.122000 0.076667
2 0.291250 0.799333 0.104500 0.080000
2 0.277250 0.623667 0.082500 0.056667
2 0.196000 0.938667 0.125000 0.072000
1 0.431500 0.882667 0.081000 0.145333
1 0.641250 0.880667 0.058500 0.149333
1 0.617750 0.684000 0.052500 0.125333
7 0.552750 0.698333 0.012500 0.047333
3 0.301000 0.492667 0.112000 0.124000
2 0.370250 0.423667 0.032500 0.078000
7 0.637500 0.446333 0.028000 0.026000
7 0.741250 0.492333 0.029500 0.020667
0 0.821750 0.238667 0.023500 0.020000
7 0.826500 0.247000 0.024000 0.027333
1 0.924750 0.348333 0.077500 0.050000
7 0.441250 0.234000 0.013500 0.029333
3 0.374250 0.223000 0.042500 0.135333
3 0.432750 0.108667 0.029500 0.080000
7 0.506500 0.167667 0.009000 0.028667
2 0.539750 0.202333 0.033500 0.063333
3 0.433500 0.045667 0.025000 0.058000
3 0.538000 0.047000 0.050000 0.062000
2 0.514250 0.021333 0.022500 0.042667
