1 0.258929 0.430838 0.022143 0.049492
3 0.452500 0.062183 0.023571 0.101523
3 0.479286 0.023477 0.017143 0.046954
3 0.471071 0.081853 0.025000 0.082487
3 0.489643 0.093274 0.015000 0.072335
1 0.518929 0.057741 0.009286 0.029188
1 0.536071 0.093274 0.010714 0.036802
2 0.540357 0.163706 0.012143 0.040609
6 0.521786 0.202411 0.015000 0.120558
1 0.540000 0.256345 0.012857 0.027919
2 0.545357 0.385787 0.012143 0.043147
1 0.523571 0.423858 0.012857 0.045685
1 0.551071 0.475888 0.016429 0.050761
3 0.524286 0.570431 0.020000 0.133249
6 0.618571 0.156091 0.024286 0.121827
1 0.598214 0.156726 0.010714 0.039340
1 0.645357 0.466371 0.016429 0.052030
2 0.747143 0.963832 0.027143 0.069797
6 0.627857 0.959391 0.022857 0.078680
2 0.521429 0.928934 0.017143 0.073604
1 0.574643 0.727792 0.016429 0.064721
1 0.544286 0.814086 0.015714 0.057107
1 0.546071 0.727792 0.019286 0.069797
1 0.511071 0.739848 0.015000 0.063452
1 0.323929 0.896574 0.023571 0.072335
2 0.346429 0.918147 0.030000 0.072335
2 0.368214 0.932741 0.026429 0.076142
3 0.353929 0.673223 0.049286 0.161168
3 0.386429 0.519036 0.037143 0.104061
2 0.411786 0.736041 0.029286 0.065990
2 0.420714 0.692259 0.027143 0.062183
2 0.426429 0.641497 0.028571 0.064721
2 0.432500 0.598985 0.022143 0.055838
2 0.447857 0.519036 0.027143 0.058376
1 0.440000 0.562183 0.024286 0.053299
7 0.457500 0.507614 0.009286 0.030457
7 0.458929 0.480330 0.015000 0.013959
1 0.475000 0.394036 0.030000 0.024112
1 0.477857 0.370558 0.030000 0.025381
2 0.478929 0.343274 0.032143 0.029188
1 0.486429 0.299492 0.021429 0.022843
1 0.482500 0.274112 0.029286 0.025381
1 0.482500 0.229695 0.029286 0.025381
2 0.485000 0.185279 0.024286 0.025381
2 0.484286 0.207487 0.027143 0.024112
