0 0.213500 0.948000 0.043000 0.102667
2 0.403500 0.841333 0.101000 0.246667
1 0.453000 0.609333 0.081000 0.165333
2 0.365000 0.014000 0.026000 0.028000
2 0.425750 0.047000 0.038500 0.028667
6 0.883500 0.811333 0.233000 0.376000
1 0.488750 0.388000 0.048500 0.092000
1 0.520500 0.245333 0.035000 0.054667
2 0.690500 0.299000 0.049000 0.095333
1 0.533000 0.171667 0.030000 0.042000
1 0.539750 0.136000 0.030500 0.046667
1 0.544750 0.111667 0.025500 0.032667
1 0.551000 0.073000 0.023000 0.031333
1 0.554250 0.054000 0.021500 0.025333
1 0.556000 0.038667 0.020000 0.022667
1 0.559500 0.026667 0.019000 0.025333
1 0.560000 0.013333 0.017000 0.020000
1 0.563500 0.006667 0.017000 0.013333
3 0.611750 0.161667 0.026500 0.050000
1 0.648750 0.095333 0.025500 0.034667
1 0.659500 0.050000 0.023000 0.033333
1 0.634750 0.008000 0.017500 0.016000
7 0.595750 0.019333 0.006500 0.016000
1 0.961250 0.277667 0.060500 0.052667
1 0.811000 0.177000 0.032000 0.042000
1 0.982750 0.203333 0.034500 0.050667
1 0.969500 0.179333 0.056000 0.042667
1 0.955250 0.154333 0.051500 0.036667
2 0.920500 0.122667 0.040000 0.040000
2 0.901250 0.104333 0.033500 0.035333
2 0.971000 0.075667 0.048000 0.030000
1 0.972250 0.084667 0.047500 0.028000
2 0.977000 0.094333 0.046000 0.034000
1 0.986000 0.105333 0.028000 0.033333
1 0.871250 0.080000 0.027500 0.032000
1 0.985500 0.014000 0.029000 0.022667
1 0.751250 0.031333 0.023500 0.026667
0 0.775000 0.007333 0.006000 0.014667
1 0.800750 0.009000 0.025500 0.018000
1 0.811500 0.018000 0.023000 0.021333
1 0.825000 0.032000 0.027000 0.022667
0 0.823500 0.043667 0.010000 0.014000
