1 0.137857 0.794416 0.044286 0.065990
1 0.304643 0.480964 0.030714 0.045685
1 0.348214 0.517766 0.029286 0.053299
1 0.366071 0.402919 0.026429 0.036802
1 0.365357 0.361675 0.026429 0.032995
1 0.444286 0.361675 0.021429 0.035533
1 0.407143 0.291244 0.020000 0.029188
1 0.451786 0.204315 0.017857 0.022843
1 0.478929 0.182741 0.015000 0.022843
1 0.503929 0.126269 0.012143 0.019036
1 0.520357 0.062183 0.010714 0.017766
1 0.530357 0.042513 0.012143 0.019036
1 0.523214 0.178299 0.015000 0.031726
1 0.488571 0.214467 0.015714 0.030457
2 0.433571 0.241751 0.018571 0.026650
2 0.475714 0.150381 0.015714 0.026650
2 0.526786 0.076142 0.012143 0.020305
1 0.573929 0.031726 0.010714 0.022843
2 0.261429 0.762056 0.044286 0.092640
6 0.219643 0.630076 0.052143 0.097716
