0 0.632143 0.949239 0.030000 0.098985
0 0.591786 0.741117 0.027857 0.096447
0 0.543571 0.771574 0.025714 0.111675
0 0.409286 0.585660 0.027143 0.069797
0 0.580357 0.534898 0.023571 0.067259
0 0.448571 0.381345 0.024286 0.049492
0 0.518929 0.267132 0.019286 0.044416
0 0.566429 0.224619 0.017143 0.058376
0 0.570357 0.095812 0.017857 0.041878
1 0.593571 0.034264 0.022857 0.068528
1 0.516071 0.031091 0.029286 0.062183
0 0.466786 0.123096 0.019286 0.032995
0 0.477857 0.017132 0.015714 0.034264
1 0.187143 0.593274 0.077143 0.173858
1 0.102143 0.512056 0.098571 0.079949
1 0.307857 0.166244 0.027143 0.111675
1 0.289643 0.096447 0.027857 0.083756
2 0.319286 0.081218 0.025714 0.060914
2 0.132143 0.013325 0.031429 0.024112
1 0.049643 0.196701 0.045000 0.038071
1 0.045000 0.211929 0.045714 0.038071
1 0.014286 0.192259 0.022857 0.024112
1 0.011429 0.220178 0.020000 0.036802
1 0.052857 0.319162 0.087143 0.064721
