1 0.106786 0.735406 0.052143 0.090102
6 0.175000 0.450508 0.078571 0.162437
6 0.250357 0.244289 0.052143 0.115482
1 0.256429 0.390863 0.030000 0.055838
1 0.138929 0.261421 0.026429 0.040609
1 0.241786 0.193528 0.025000 0.029188
1 0.272857 0.180203 0.034286 0.030457
6 0.084286 0.190355 0.080000 0.055838
2 0.123571 0.072970 0.037143 0.031726
2 0.117857 0.062817 0.034286 0.029188
2 0.146429 0.015228 0.024286 0.030457
2 0.077143 0.046320 0.024286 0.034264
2 0.358929 0.084391 0.016429 0.031726
2 0.387143 0.063452 0.028571 0.025381
2 0.389286 0.050761 0.027143 0.020305
2 0.392857 0.033629 0.027143 0.021574
2 0.397500 0.024112 0.026429 0.022843
2 0.399643 0.013959 0.025000 0.017766
2 0.512143 0.272208 0.028571 0.085025
2 0.687143 0.049492 0.025714 0.053299
3 0.840714 0.622462 0.150000 0.336294
1 0.728571 0.551396 0.050000 0.115482
1 0.620357 0.425761 0.037857 0.090102
1 0.560000 0.313452 0.032857 0.065990
1 0.580714 0.057741 0.018571 0.034264
3 0.519643 0.033629 0.022143 0.059645
