7 0.866429 0.536802 0.034286 0.030457
7 0.869643 0.516497 0.043571 0.032995
7 0.872857 0.482234 0.044286 0.030457
7 0.866786 0.460025 0.035000 0.029188
7 0.866071 0.440990 0.033571 0.024112
7 0.867500 0.416244 0.043571 0.032995
7 0.861786 0.404188 0.040714 0.031726
7 0.861429 0.381980 0.040000 0.035533
7 0.859286 0.354061 0.040000 0.032995
7 0.861071 0.342640 0.035000 0.030457
7 0.861786 0.320431 0.039286 0.031726
7 0.859643 0.310914 0.040714 0.043147
7 0.856786 0.291878 0.039286 0.040609
7 0.858214 0.274746 0.042143 0.041878
7 0.856429 0.262056 0.044286 0.039340
7 0.858571 0.245558 0.032857 0.034264
7 0.854643 0.224619 0.042143 0.035533
7 0.854286 0.205584 0.038571 0.032995
3 0.846071 0.079315 0.052143 0.158629
1 0.730000 0.131980 0.028571 0.101523
2 0.729286 0.025381 0.028571 0.048223
