7 0.229750 0.767333 0.063500 0.082667
1 0.289250 0.909667 0.266500 0.180667
7 0.674750 0.904667 0.068500 0.106667
0 0.708750 0.544000 0.030500 0.088000
7 0.557250 0.547333 0.050500 0.082667
7 0.633500 0.342000 0.030000 0.065333
7 0.762750 0.235667 0.052500 0.044667
7 0.700250 0.181667 0.045500 0.047333
1 0.549750 0.220333 0.146500 0.082000
7 0.465250 0.300000 0.029500 0.072000
2 0.555250 0.174000 0.106500 0.065333
2 0.582500 0.142667 0.091000 0.080000
2 0.589250 0.084000 0.091500 0.077333
2 0.362000 0.433667 0.087000 0.151333
2 0.256500 0.398333 0.171000 0.112667
2 0.207750 0.323333 0.142500 0.077333
2 0.315250 0.219333 0.141500 0.092000
7 0.404250 0.160000 0.028500 0.044000
2 0.409250 0.087333 0.084500 0.076000
2 0.407250 0.050667 0.087500 0.058667
2 0.684750 0.129333 0.051500 0.086667
0 0.107750 0.154333 0.030500 0.040667
