0 0.794286 0.579048 0.184286 0.144762
0 0.799286 0.469524 0.154286 0.120000
0 0.563571 0.381905 0.132857 0.116190
0 0.414643 0.334762 0.117857 0.080952
0 0.852857 0.424762 0.142857 0.106667
0 0.931786 0.393333 0.136429 0.095238
0 0.941429 0.349524 0.108571 0.080000
0 0.786429 0.311429 0.121429 0.080000
0 0.733929 0.338095 0.092143 0.080000
0 0.675357 0.361429 0.126429 0.100000
0 0.655714 0.269524 0.098571 0.072381
0 0.515714 0.300000 0.087143 0.076190
0 0.371786 0.265714 0.103571 0.072381
0 0.422500 0.213810 0.092143 0.075238
0 0.533929 0.231429 0.105000 0.078095
0 0.238571 0.221429 0.082857 0.069524
0 0.252143 0.174762 0.080000 0.060000
0 0.070714 0.130952 0.065714 0.046667
0 0.510714 0.166190 0.078571 0.046667
0 0.962857 0.106190 0.030000 0.033333
0 0.931071 0.090000 0.033571 0.033333
0 0.962500 0.550000 0.075000 0.096190
