0 0.021429 0.852792 0.042857 0.121827
0 0.057500 0.826142 0.043571 0.111675
0 0.092857 0.795051 0.041429 0.100254
0 0.195357 0.983503 0.047857 0.030457
0 0.607857 0.487944 0.050000 0.069797
0 0.600714 0.572335 0.054286 0.073604
0 0.866429 0.531726 0.052857 0.073604
0 0.826429 0.340102 0.048571 0.063452
0 0.735714 0.354695 0.047143 0.054569
0 0.484286 0.418782 0.054286 0.081218
0 0.432500 0.470812 0.057857 0.060914
2 0.351786 0.498096 0.095000 0.130711
2 0.232143 0.668147 0.114286 0.133249
2 0.228571 0.588832 0.141429 0.134518
2 0.246429 0.495558 0.162857 0.158629
