0 0.501429 0.380952 0.087143 0.049524
0 0.443929 0.512857 0.116429 0.082857
0 0.358571 0.444286 0.094286 0.065714
0 0.366071 0.343333 0.065000 0.035238
0 0.418929 0.312857 0.057857 0.031429
0 0.174643 0.441905 0.082143 0.055238
0 0.200714 0.376190 0.072857 0.047619
0 0.132500 0.366190 0.060714 0.042857
0 0.063214 0.350000 0.060714 0.042857
0 0.096786 0.304762 0.047857 0.028571
1 0.148929 0.274286 0.110714 0.062857
0 0.943214 0.323810 0.076429 0.036190
0 0.885357 0.282381 0.033571 0.037143
0 0.881429 0.253333 0.020000 0.028571
0 0.882143 0.225714 0.020000 0.022857
0 0.882143 0.209048 0.017143 0.025714
0 0.843571 0.229048 0.022857 0.033333
0 0.796786 0.286190 0.026429 0.031429
0 0.799286 0.268095 0.025714 0.031429
0 0.802143 0.254762 0.021429 0.021905
0 0.810000 0.242381 0.021429 0.027619
0 0.742857 0.274286 0.050000 0.028571
0 0.703214 0.275238 0.029286 0.038095
0 0.672143 0.277143 0.030000 0.032381
0 0.650714 0.322857 0.065714 0.038095
0 0.713214 0.257143 0.027857 0.028571
0 0.720714 0.246667 0.021429 0.022857
0 0.732500 0.232381 0.022143 0.024762
0 0.746071 0.220952 0.017857 0.019048
0 0.755000 0.214286 0.014286 0.019048
0 0.727143 0.205714 0.017143 0.017143
0 0.738214 0.197143 0.015000 0.017143
0 0.750000 0.185714 0.012857 0.013333
0 0.754643 0.179048 0.009286 0.011429
0 0.759286 0.174762 0.011429 0.012381
0 0.763929 0.172381 0.012143 0.013333
0 0.700357 0.206667 0.016429 0.019048
0 0.708214 0.198571 0.013571 0.016190
0 0.720357 0.192381 0.020714 0.017143
0 0.641429 0.231905 0.040000 0.020000
0 0.588929 0.265714 0.032143 0.038095
0 0.504643 0.273333 0.029286 0.032381
0 0.480357 0.270476 0.035000 0.032381
0 0.437500 0.267619 0.023571 0.030476
0 0.417857 0.265238 0.030000 0.027619
0 0.395357 0.263810 0.036429 0.030476
0 0.371071 0.264762 0.033571 0.032381
0 0.354643 0.260952 0.036429 0.028571
0 0.341786 0.285238 0.049286 0.025714
