0 0.534250 0.703667 0.037500 0.055333
0 0.929500 0.653667 0.058000 0.039333
0 0.892250 0.619333 0.057500 0.038667
0 0.707750 0.615333 0.054500 0.033333
0 0.699750 0.485000 0.029500 0.019333
0 0.675750 0.478000 0.034500 0.018667
0 0.637750 0.461000 0.033500 0.018000
0 0.168750 0.551667 0.031500 0.028667
0 0.083000 0.442000 0.020000 0.020000
0 0.147500 0.414333 0.015000 0.014000
0 0.168000 0.400000 0.015000 0.014667
0 0.189000 0.394333 0.013000 0.014000
0 0.178500 0.371000 0.011000 0.010000
2 0.175250 0.346667 0.019500 0.012000
0 0.200750 0.365667 0.009500 0.010000
0 0.214500 0.368000 0.010000 0.009333
0 0.187250 0.342000 0.014500 0.009333
0 0.189250 0.336000 0.014500 0.008000
0 0.437500 0.472333 0.034000 0.018000
0 0.428500 0.460333 0.030000 0.018000
0 0.424000 0.448333 0.029000 0.019333
0 0.543500 0.453333 0.032000 0.018667
0 0.511250 0.425333 0.026500 0.014667
0 0.528500 0.443000 0.027000 0.016667
0 0.602750 0.432000 0.024500 0.016000
0 0.581000 0.416000 0.028000 0.013333
0 0.570250 0.400333 0.022500 0.011333
0 0.570250 0.396333 0.023500 0.011333
0 0.588250 0.392667 0.019500 0.012000
0 0.584250 0.388333 0.020500 0.012667
0 0.578000 0.385333 0.022000 0.012000
0 0.559500 0.353667 0.010000 0.008667
0 0.538250 0.374333 0.020500 0.010000
0 0.550750 0.338333 0.014500 0.007333
2 0.517250 0.337667 0.018500 0.012667
0 0.508000 0.354667 0.010000 0.008000
0 0.464000 0.349667 0.017000 0.008667
0 0.442750 0.351333 0.016500 0.008000
0 0.423500 0.352333 0.017000 0.007333
0 0.398500 0.353667 0.018000 0.008667
0 0.233250 0.389667 0.011500 0.011333
0 0.254750 0.374000 0.008500 0.009333
0 0.241500 0.373667 0.010000 0.010000
0 0.235750 0.367000 0.009500 0.010000
0 0.250750 0.363000 0.009500 0.010000
0 0.260500 0.352667 0.008000 0.009333
0 0.308750 0.328333 0.006500 0.007333
0 0.297500 0.327667 0.006000 0.008667
0 0.250750 0.312667 0.005500 0.005333
0 0.259000 0.305333 0.005000 0.005333
0 0.265500 0.297000 0.004000 0.004667
0 0.273000 0.296000 0.004000 0.004000
0 0.301500 0.281333 0.006000 0.002667
0 0.295500 0.281667 0.004000 0.003333
0 0.286250 0.276667 0.002500 0.002667
0 0.280250 0.272333 0.005500 0.003333
0 0.278750 0.280667 0.002500 0.002667
0 0.277000 0.286000 0.003000 0.004000
0 0.273250 0.280333 0.002500 0.003333
0 0.239500 0.308667 0.005000 0.005333
0 0.246500 0.306667 0.005000 0.005333
0 0.251000 0.300333 0.006000 0.004667
0 0.252000 0.297667 0.005000 0.004667
0 0.255250 0.295333 0.004500 0.004000
