7 0.670000 0.514762 0.025714 0.025714
7 0.565714 0.564762 0.031429 0.017143
7 0.535000 0.520000 0.025714 0.026667
7 0.544643 0.490476 0.027857 0.017143
7 0.536429 0.474762 0.025714 0.021905
7 0.533571 0.457619 0.028571 0.021905
7 0.519286 0.428095 0.025714 0.018095
7 0.524643 0.402381 0.025000 0.020000
0 0.501786 0.369048 0.022143 0.014286
7 0.498571 0.354286 0.027143 0.015238
7 0.486071 0.314286 0.026429 0.020952
7 0.484286 0.297143 0.027143 0.019048
7 0.481786 0.280000 0.012143 0.022857
7 0.466071 0.359524 0.025000 0.023810
7 0.473929 0.390952 0.027857 0.027619
7 0.418214 0.178571 0.023571 0.020000
7 0.372857 0.146190 0.010000 0.029524
7 0.423571 0.133333 0.020000 0.017143
7 0.270714 0.122857 0.022857 0.019048
7 0.332857 0.092857 0.010000 0.027619
7 0.412500 0.080476 0.019286 0.021905
7 0.412143 0.068095 0.014286 0.021905
0 0.357500 0.015714 0.009286 0.025714
5 0.278929 0.325238 0.037857 0.044762
5 0.038214 0.536667 0.070714 0.050476
1 0.266786 0.474286 0.077857 0.064762
1 0.633214 0.957619 0.050714 0.084762
1 0.720000 0.694286 0.075714 0.066667
1 0.762857 0.646190 0.075714 0.050476
1 0.818571 0.600000 0.080000 0.040000
1 0.671786 0.553333 0.069286 0.066667
1 0.490714 0.458095 0.037143 0.076190
0 0.482857 0.508571 0.014286 0.028571
1 0.405357 0.150476 0.030714 0.053333
1 0.309286 0.171905 0.031429 0.067619
1 0.286786 0.058571 0.027857 0.056190
1 0.383929 0.065714 0.027857 0.047619
1 0.253571 0.024762 0.048571 0.047619
7 0.823571 0.450952 0.021429 0.027619
7 0.837143 0.450476 0.020000 0.026667
7 0.844643 0.445714 0.020714 0.022857
