0 0.868998 0.632189 0.035491 0.101113
0 0.795146 0.606679 0.031837 0.096475
0 0.312370 0.658163 0.060021 0.056586
0 0.425365 0.432746 0.024008 0.084416
0 0.432672 0.344156 0.026096 0.083488
0 0.319676 0.403525 0.036013 0.038961
0 0.315762 0.314007 0.050104 0.041744
0 0.325939 0.275046 0.046451 0.038033
0 0.261482 0.270872 0.036534 0.064935
0 0.288361 0.222635 0.048539 0.042672
0 0.346033 0.205937 0.049061 0.044527
0 0.221033 0.274119 0.018267 0.051020
0 0.197025 0.266698 0.021399 0.049165
0 0.172234 0.261132 0.027140 0.056586
0 0.121347 0.224026 0.049582 0.038033
0 0.435282 0.774119 0.051148 0.099258
