0 0.490357 0.608095 0.039286 0.060000
0 0.593571 0.808571 0.057143 0.095238
0 0.117500 0.964762 0.117857 0.064762
0 0.551786 0.471905 0.023571 0.035238
0 0.551071 0.313810 0.016429 0.018095
0 0.578571 0.268571 0.014286 0.015238
0 0.570000 0.281905 0.012857 0.015238
0 0.634286 0.276190 0.014286 0.015238
0 0.664643 0.217143 0.010714 0.011429
0 0.656786 0.235238 0.012143 0.013333
0 0.662500 0.193810 0.010714 0.010476
0 0.682143 0.174762 0.007143 0.008571
0 0.711429 0.122857 0.004286 0.005714
0 0.699286 0.123333 0.004286 0.006667
0 0.731071 0.256667 0.009286 0.014286
0 0.542143 0.423333 0.025714 0.033333
0 0.637143 0.187619 0.008571 0.011429
0 0.645714 0.171905 0.008571 0.012381
0 0.621786 0.209524 0.007857 0.007619
0 0.702857 0.144762 0.005714 0.007619
0 0.696071 0.141429 0.005000 0.008571
0 0.657143 0.158571 0.007143 0.006667
0 0.666071 0.145238 0.005000 0.004762
0 0.673214 0.138095 0.005000 0.005714
0 0.674643 0.133810 0.005000 0.004762
0 0.681071 0.124762 0.003571 0.003810
0 0.604643 0.218571 0.007857 0.008571
0 0.858571 0.346667 0.018571 0.019048
0 0.886071 0.317143 0.015000 0.017143
0 0.879643 0.305714 0.015000 0.015238
0 0.855714 0.332381 0.015714 0.015238
0 0.837500 0.295238 0.015000 0.017143
