1 0.509500 0.289000 0.011000 0.007333
2 0.512250 0.284667 0.014500 0.009333
2 0.521250 0.283667 0.015500 0.010000
2 0.524000 0.278667 0.017000 0.010667
2 0.541250 0.273667 0.013500 0.010000
2 0.543000 0.270333 0.013000 0.008667
2 0.555000 0.268000 0.006000 0.010667
1 0.535750 0.277667 0.012500 0.010000
2 0.550000 0.285000 0.016000 0.012667
2 0.556500 0.291000 0.015000 0.010000
1 0.552750 0.274667 0.006500 0.008000
1 0.561000 0.277333 0.010000 0.008000
1 0.563750 0.281667 0.007500 0.008667
1 0.575000 0.285667 0.015000 0.008667
1 0.584250 0.290000 0.013500 0.009333
2 0.586500 0.282667 0.007000 0.012000
2 0.587250 0.294333 0.008500 0.011333
2 0.543250 0.330000 0.008500 0.014667
2 0.539750 0.339333 0.010500 0.017333
2 0.537000 0.359000 0.011000 0.016667
2 0.574500 0.332333 0.010000 0.018000
1 0.576000 0.296333 0.007000 0.011333
1 0.563750 0.298667 0.008500 0.010667
1 0.562500 0.311333 0.009000 0.010667
1 0.575500 0.311667 0.010000 0.012667
1 0.549750 0.302333 0.009500 0.011333
1 0.546250 0.316667 0.010500 0.010667
1 0.548250 0.308333 0.008500 0.011333
1 0.574750 0.324667 0.008500 0.012000
1 0.572250 0.344000 0.010500 0.012000
1 0.549500 0.347333 0.014000 0.014667
1 0.537250 0.373000 0.013500 0.014000
1 0.532500 0.385333 0.016000 0.017333
1 0.572000 0.375000 0.020000 0.014000
1 0.570250 0.388000 0.011500 0.016000
7 0.576250 0.360333 0.005500 0.008667
1 0.444750 0.408667 0.024500 0.013333
2 0.507000 0.383000 0.015000 0.018000
1 0.513250 0.407333 0.029500 0.016000
1 0.571000 0.415667 0.025000 0.015333
1 0.569250 0.425667 0.024500 0.020667
1 0.561750 0.442000 0.016500 0.021333
1 0.563250 0.465000 0.017500 0.027333
7 0.566250 0.484000 0.007500 0.017333
7 0.557750 0.481333 0.008500 0.012000
1 0.556250 0.500667 0.017500 0.033333
2 0.506250 0.480333 0.016500 0.027333
7 0.529750 0.439000 0.006500 0.011333
0 0.524750 0.442333 0.006500 0.011333
3 0.510250 0.447667 0.015500 0.027333
1 0.265000 0.661333 0.051000 0.033333
1 0.345750 0.581000 0.045500 0.028667
2 0.357500 0.553333 0.046000 0.032000
1 0.347250 0.730333 0.038500 0.066000
1 0.491250 0.525667 0.021500 0.034000
1 0.486750 0.562000 0.019500 0.033333
1 0.461250 0.654333 0.036500 0.051333
1 0.439250 0.722667 0.031500 0.065333
1 0.522250 0.723000 0.028500 0.063333
1 0.549000 0.787333 0.033000 0.069333
1 0.485000 0.792333 0.032000 0.075333
1 0.415500 0.823333 0.042000 0.086667
7 0.504750 0.676667 0.010500 0.032000
7 0.477750 0.685000 0.010500 0.030000
1 0.620250 0.951667 0.043500 0.096667
1 0.620750 0.808000 0.036500 0.080000
0 0.671500 0.698667 0.021000 0.028000
3 0.611750 0.708000 0.034500 0.104000
2 0.626000 0.466000 0.015000 0.034667
7 0.622500 0.432667 0.005000 0.013333
7 0.656250 0.422000 0.010500 0.010667
0 0.660750 0.355000 0.004500 0.007333
0 0.667250 0.361000 0.004500 0.010000
0 0.660250 0.341667 0.003500 0.008667
1 0.685000 0.341000 0.014000 0.014000
2 0.693750 0.330667 0.013500 0.017333
2 0.667250 0.300000 0.011500 0.010667
2 0.677000 0.301667 0.010000 0.010000
