1 0.377857 0.662857 0.047143 0.163810
1 0.449286 0.618571 0.047143 0.141905
1 0.673571 0.593333 0.041429 0.112381
1 0.693214 0.767619 0.047857 0.150476
1 0.653571 0.414762 0.034286 0.088571
1 0.643929 0.255714 0.027857 0.060000
1 0.625357 0.151905 0.023571 0.052381
6 0.617857 0.058571 0.041429 0.100000
7 0.807143 0.831905 0.012857 0.044762
7 0.776071 0.646190 0.015000 0.044762
7 0.804643 0.638095 0.013571 0.038095
7 0.660357 0.020000 0.007857 0.019048
7 0.670000 0.046667 0.008571 0.017143
7 0.691071 0.100476 0.007857 0.021905
1 0.638571 0.033810 0.027143 0.042857
