1 0.068571 0.013959 0.021429 0.027919
0 0.041786 0.129442 0.009286 0.017766
0 0.055000 0.123731 0.010000 0.019036
0 0.067143 0.118655 0.010000 0.021574
0 0.123214 0.158629 0.009286 0.025381
0 0.040357 0.155457 0.010714 0.021574
0 0.048571 0.178299 0.010000 0.021574
0 0.061429 0.179569 0.010000 0.021574
0 0.057500 0.315990 0.010714 0.025381
1 0.167500 0.434010 0.022143 0.091371
1 0.014643 0.899112 0.029286 0.125635
1 0.218929 0.961294 0.083571 0.074873
0 0.223571 0.898477 0.031429 0.035533
1 0.630714 0.917513 0.038571 0.088832
1 0.667857 0.939721 0.060000 0.118020
1 0.685000 0.929569 0.061429 0.138325
1 0.734643 0.836294 0.070714 0.088832
1 0.638214 0.774112 0.063571 0.083756
1 0.674643 0.745558 0.050714 0.069797
1 0.700714 0.740482 0.048571 0.059645
1 0.705357 0.713198 0.046429 0.060914
1 0.727500 0.703680 0.047857 0.059645
1 0.745000 0.615482 0.061429 0.076142
1 0.858214 0.575508 0.060714 0.072335
1 0.854643 0.743020 0.062143 0.118020
0 0.850357 0.894670 0.027857 0.053299
0 0.834643 0.908629 0.025000 0.048223
0 0.365357 0.786802 0.029286 0.032995
1 0.458929 0.651015 0.043571 0.114213
2 0.437143 0.609137 0.024286 0.053299
0 0.286786 0.275381 0.010714 0.025381
0 0.392857 0.269036 0.014286 0.027919
0 0.365357 0.208122 0.012143 0.025381
0 0.423929 0.208122 0.019286 0.020305
0 0.417143 0.188452 0.018571 0.019036
0 0.400357 0.148477 0.019286 0.017766
0 0.391071 0.119924 0.019286 0.019036
0 0.386786 0.112310 0.017857 0.016497
0 0.345000 0.022208 0.010000 0.019036
0 0.386071 0.016497 0.017857 0.022843
0 0.397857 0.010787 0.014286 0.019036
0 0.332857 0.117386 0.011429 0.021574
0 0.354643 0.164975 0.012143 0.022843
0 0.326071 0.059645 0.010714 0.020305
0 0.316786 0.036168 0.012143 0.019036
0 0.308571 0.010152 0.010000 0.020305
1 0.300357 0.029188 0.025000 0.058376
1 0.258571 0.145939 0.021429 0.063452
