0 0.294643 0.500000 0.045000 0.089524
0 0.334286 0.452857 0.048571 0.092381
0 0.230000 0.298095 0.034286 0.068571
0 0.280000 0.304286 0.037143 0.065714
0 0.239286 0.190952 0.032857 0.058095
0 0.151429 0.065238 0.034286 0.050476
0 0.237857 0.090952 0.024286 0.042857
0 0.440000 0.616667 0.052857 0.100000
0 0.413214 0.686190 0.057857 0.107619
0 0.407143 0.874762 0.062857 0.126667
0 0.570714 0.831905 0.064286 0.117143
0 0.015714 0.108095 0.030000 0.023810
0 0.020357 0.132381 0.040714 0.022857
0 0.019643 0.156667 0.036429 0.023810
0 0.021786 0.182857 0.042143 0.028571
0 0.020000 0.211429 0.037143 0.017143
0 0.021786 0.244762 0.042143 0.032381
0 0.029643 0.284286 0.056429 0.042857
0 0.097500 0.056190 0.030714 0.051429
0 0.107857 0.108571 0.032857 0.051429
0 0.123214 0.164762 0.037857 0.060952
0 0.143214 0.237143 0.036429 0.055238
0 0.159643 0.292857 0.037857 0.063810
0 0.291071 0.173810 0.035000 0.054286
0 0.316071 0.230000 0.039286 0.054286
0 0.186071 0.378571 0.040714 0.067619
0 0.240714 0.543333 0.051429 0.090476
0 0.041071 0.398095 0.075000 0.062857
0 0.057857 0.441429 0.072857 0.060000
0 0.089643 0.521429 0.065000 0.052381
0 0.098214 0.578571 0.085000 0.069524
0 0.110357 0.621429 0.077857 0.069524
0 0.171429 0.892857 0.091429 0.094286
0 0.170357 0.967143 0.102143 0.061905
0 0.323214 0.873810 0.057857 0.122857
0 0.209286 0.463333 0.052857 0.069524
2 0.338214 0.014762 0.062143 0.027619
0 0.372143 0.083810 0.054286 0.043810
0 0.374286 0.113333 0.051429 0.045714
0 0.407500 0.170476 0.057857 0.049524
0 0.426071 0.195238 0.057857 0.045714
0 0.441786 0.228095 0.062143 0.048571
0 0.468929 0.284762 0.062143 0.053333
0 0.485357 0.310952 0.059286 0.046667
0 0.501786 0.345714 0.070714 0.049524
0 0.512857 0.383810 0.065714 0.059048
0 0.553929 0.440476 0.062143 0.056190
0 0.389286 0.404286 0.045714 0.077143
0 0.445000 0.527619 0.050000 0.081905
0 0.510000 0.687143 0.064286 0.101905
0 0.524643 0.956190 0.066429 0.087619
0 0.631429 0.972857 0.051429 0.054286
0 0.568929 0.486667 0.067857 0.064762
0 0.595714 0.518095 0.065714 0.070476
0 0.619286 0.555238 0.074286 0.070476
0 0.632143 0.604762 0.077143 0.078095
0 0.660000 0.645714 0.082857 0.080000
0 0.694286 0.703810 0.081429 0.080000
0 0.725714 0.790000 0.090000 0.080952
0 0.787857 0.874762 0.087143 0.100000
0 0.814643 0.947619 0.096429 0.100952
