0 0.575000 0.978571 0.030000 0.042857
0 0.625714 0.797143 0.030000 0.070476
2 0.663214 0.670952 0.022143 0.046667
0 0.793929 0.169524 0.022143 0.047619
0 0.714286 0.213810 0.025714 0.052381
0 0.599286 0.265714 0.042857 0.030476
0 0.534286 0.335714 0.032857 0.052381
0 0.513214 0.322857 0.030714 0.051429
2 0.488214 0.315238 0.033571 0.057143
0 0.470000 0.292381 0.030000 0.049524
0 0.435357 0.290476 0.029286 0.047619
0 0.411786 0.282857 0.029286 0.053333
0 0.384286 0.283810 0.025714 0.049524
0 0.347500 0.300952 0.037857 0.051429
0 0.401071 0.161429 0.029286 0.042857
0 0.511429 0.554762 0.044286 0.052381
0 0.528214 0.492381 0.046429 0.041905
0 0.538571 0.467619 0.045714 0.040000
0 0.544643 0.435714 0.047857 0.039048
0 0.557500 0.406667 0.046429 0.043810
