2 0.390000 0.447619 0.077143 0.047619
2 0.576429 0.467619 0.031429 0.089524
1 0.662857 0.254762 0.030000 0.056190
1 0.723929 0.403810 0.037857 0.068571
1 0.822857 0.446667 0.064286 0.080000
1 0.864286 0.535714 0.045714 0.080952
1 0.824643 0.394762 0.035000 0.050476
1 0.806786 0.219524 0.049286 0.037143
1 0.638571 0.036190 0.021429 0.032381
3 0.718929 0.032381 0.043571 0.064762
2 0.771786 0.167143 0.027857 0.044762
1 0.945357 0.353810 0.037857 0.063810
1 0.936071 0.251429 0.037857 0.028571
1 0.604643 0.008571 0.017857 0.017143
1 0.555714 0.288571 0.025714 0.059048
1 0.154643 0.391905 0.045000 0.069524
1 0.176786 0.328095 0.037857 0.061905
1 0.245000 0.123333 0.025714 0.035238
1 0.150357 0.255238 0.036429 0.049524
2 0.091786 0.390952 0.056429 0.084762
1 0.032143 0.783333 0.064286 0.122857
2 0.938571 0.552857 0.068571 0.035238
7 0.777857 0.428095 0.008571 0.025714
7 0.685714 0.030000 0.008571 0.018095
