0 0.349750 0.643667 0.052500 0.126000
0 0.355750 0.429333 0.036500 0.084000
0 0.369000 0.338000 0.036000 0.076000
0 0.408000 0.248667 0.034000 0.050667
0 0.351000 0.229000 0.052000 0.052667
0 0.433750 0.213667 0.028500 0.052667
0 0.430000 0.170667 0.025000 0.037333
0 0.392250 0.194333 0.030500 0.042000
0 0.355500 0.177667 0.026000 0.050000
0 0.385750 0.151667 0.024500 0.035333
0 0.419000 0.136000 0.039000 0.041333
0 0.392250 0.116000 0.023500 0.034667
0 0.352750 0.103667 0.040500 0.028667
0 0.353250 0.084333 0.039500 0.024667
0 0.363500 0.061333 0.022000 0.033333
0 0.359500 0.039333 0.019000 0.025333
0 0.379750 0.021333 0.017500 0.016000
0 0.408250 0.060667 0.020500 0.026667
0 0.403000 0.032667 0.020000 0.024000
0 0.400000 0.013000 0.019000 0.023333
0 0.468000 0.085333 0.040000 0.022667
0 0.463250 0.110000 0.046500 0.026667
