0 0.437500 0.015238 0.010714 0.022857
0 0.498214 0.050000 0.010714 0.021905
0 0.498571 0.073333 0.011429 0.022857
0 0.500000 0.099048 0.012857 0.024762
2 0.506429 0.122857 0.030000 0.020952
0 0.433214 0.111429 0.012143 0.026667
0 0.431071 0.139048 0.015000 0.030476
0 0.429643 0.169524 0.013571 0.030476
0 0.499643 0.173333 0.015000 0.026667
0 0.499286 0.238571 0.014286 0.029524
0 0.425357 0.240952 0.016429 0.036190
0 0.500000 0.308571 0.015714 0.036190
0 0.423929 0.280476 0.015000 0.037143
0 0.423214 0.365714 0.016429 0.040000
0 0.504286 0.382381 0.015714 0.037143
0 0.421071 0.408095 0.016429 0.048571
0 0.420357 0.318571 0.016429 0.040952
0 0.420000 0.461905 0.017143 0.049524
0 0.416071 0.514762 0.017857 0.050476
0 0.415357 0.641905 0.016429 0.047619
0 0.523571 0.674762 0.018571 0.054286
0 0.532857 0.840952 0.024286 0.072381
0 0.612143 0.468571 0.040000 0.024762
0 0.712857 0.486667 0.044286 0.020952
