2 0.150000 0.941429 0.132857 0.117143
2 0.224286 0.848095 0.100000 0.115238
0 0.241071 0.620476 0.069286 0.061905
0 0.478929 0.712381 0.086429 0.074286
0 0.406071 0.602381 0.075000 0.050476
0 0.421071 0.558095 0.067857 0.045714
0 0.444643 0.527143 0.070714 0.052381
0 0.467500 0.503810 0.066429 0.053333
0 0.506786 0.457143 0.056429 0.047619
2 0.542143 0.406667 0.084286 0.057143
0 0.569643 0.359048 0.049286 0.030476
2 0.580714 0.331429 0.054286 0.041905
0 0.525714 0.430952 0.052857 0.031429
0 0.623214 0.259524 0.040714 0.027619
0 0.658571 0.204762 0.027143 0.019048
0 0.717500 0.123810 0.027857 0.015238
0 0.628929 0.243810 0.030714 0.017143
0 0.668214 0.195714 0.029286 0.018095
0 0.681429 0.186190 0.027143 0.020000
0 0.687143 0.167619 0.027143 0.017143
0 0.695714 0.156190 0.025714 0.017143
0 0.701786 0.148571 0.025000 0.019048
0 0.705714 0.140000 0.027143 0.015238
0 0.722500 0.114762 0.022143 0.014286
0 0.731429 0.107143 0.021429 0.016190
0 0.736429 0.101905 0.024286 0.017143
0 0.740357 0.093810 0.022143 0.016190
0 0.746786 0.085238 0.022143 0.014286
0 0.664643 0.100952 0.013571 0.017143
0 0.678571 0.103810 0.015714 0.019048
0 0.772143 0.063333 0.017143 0.010476
0 0.772857 0.055238 0.017143 0.009524
0 0.778571 0.046667 0.018571 0.011429
0 0.746786 0.056667 0.019286 0.010476
0 0.835357 0.056667 0.010714 0.018095
0 0.816786 0.112857 0.010714 0.014286
0 0.820714 0.103333 0.010000 0.014286
0 0.899286 0.085238 0.011429 0.018095
0 0.771786 0.240000 0.019286 0.028571
0 0.758929 0.276190 0.019286 0.030476
0 0.762500 0.261429 0.016429 0.025714
0 0.780000 0.205238 0.017143 0.025714
0 0.786429 0.187143 0.018571 0.031429
0 0.695000 0.458571 0.035714 0.063810
0 0.661071 0.533333 0.047857 0.076190
0 0.716071 0.398095 0.029286 0.047619
0 0.728214 0.353333 0.025000 0.041905
0 0.736786 0.311905 0.026429 0.046667
0 0.928929 0.040476 0.007857 0.010476
0 0.926429 0.083810 0.008571 0.011429
0 0.940357 0.066667 0.010714 0.013333
0 0.942500 0.084762 0.010714 0.013333
0 0.930000 0.003810 0.007143 0.007619
0 0.911071 0.122381 0.013571 0.014286
0 0.984286 0.160476 0.017143 0.018095
0 0.897500 0.008095 0.007857 0.010476
0 0.906071 0.002381 0.006429 0.004762
