0 0.055000 0.944762 0.071429 0.110476
0 0.426071 0.694762 0.053571 0.162857
0 0.070000 0.771429 0.080000 0.160000
0 0.092500 0.562381 0.067857 0.153333
0 0.109286 0.375714 0.061429 0.134286
0 0.326786 0.189524 0.047857 0.120000
0 0.426429 0.323810 0.040000 0.120000
0 0.423214 0.490000 0.045000 0.141905
0 0.785000 0.939524 0.124286 0.088571
0 0.768929 0.342857 0.099286 0.066667
0 0.739286 0.041905 0.095714 0.064762
0 0.527857 0.815238 0.100000 0.076190
0 0.527857 0.729524 0.115714 0.072381
0 0.521429 0.643810 0.107143 0.070476
0 0.520714 0.276190 0.104286 0.068571
0 0.526429 0.207143 0.101429 0.067619
0 0.520714 0.087619 0.101429 0.068571
