1 0.107500 0.398571 0.019286 0.020000
1 0.122857 0.407143 0.027143 0.020000
3 0.250357 0.459048 0.059286 0.055238
1 0.328571 0.512857 0.041429 0.044762
1 0.378214 0.538095 0.047857 0.049524
1 0.444286 0.543333 0.037143 0.048571
1 0.517857 0.542857 0.041429 0.049524
1 0.573571 0.533810 0.055714 0.052381
1 0.629643 0.528571 0.056429 0.053333
1 0.672143 0.517143 0.052857 0.045714
1 0.907857 0.585238 0.071429 0.067619
1 0.861071 0.630952 0.087857 0.073333
1 0.857143 0.709048 0.088571 0.103810
1 0.028929 0.461429 0.036429 0.033333
1 0.069643 0.511429 0.047857 0.047619
1 0.101071 0.553333 0.060714 0.057143
1 0.150000 0.590476 0.078571 0.070476
1 0.212143 0.680952 0.097143 0.116190
1 0.477143 0.954286 0.205714 0.091429
3 0.111429 0.899048 0.222857 0.198095
