1 0.141786 0.378807 0.043571 0.064721
1 0.028571 0.540609 0.042857 0.088832
2 0.587500 0.885787 0.023571 0.081218
1 0.935000 0.848350 0.078571 0.095178
1 0.968571 0.855330 0.062857 0.088832
1 0.969643 0.828680 0.060714 0.086294
1 0.986071 0.813452 0.027857 0.060914
1 0.949643 0.980964 0.045000 0.035533
1 0.986071 0.748096 0.027857 0.054569
2 0.608571 0.697335 0.028571 0.059645
0 0.603571 0.329315 0.018571 0.016497
0 0.596071 0.315990 0.019286 0.015228
0 0.523929 0.324239 0.012143 0.016497
0 0.567500 0.270939 0.016429 0.013959
0 0.562857 0.266497 0.015714 0.012690
0 0.523929 0.210660 0.009286 0.012690
0 0.537143 0.170685 0.011429 0.008883
0 0.540000 0.175761 0.012857 0.008883
0 0.541071 0.179569 0.015000 0.011421
0 0.561786 0.208756 0.015000 0.016497
0 0.489643 0.231599 0.010714 0.013959
0 0.480714 0.215102 0.010000 0.013959
0 0.472143 0.202411 0.011429 0.016497
0 0.503214 0.064721 0.007857 0.010152
1 0.491071 0.065355 0.019286 0.013959
1 0.496429 0.073604 0.020000 0.015228
0 0.452500 0.106599 0.006429 0.007614
1 0.429286 0.097081 0.014286 0.019036
1 0.411071 0.080584 0.007857 0.019036
0 0.406429 0.115482 0.011429 0.010152
1 0.127500 0.754442 0.023571 0.072335
0 0.065357 0.685914 0.019286 0.031726
0 0.320714 0.691624 0.012857 0.038071
0 0.105000 0.589467 0.018571 0.026650
0 0.153929 0.584391 0.016429 0.026650
0 0.176429 0.641497 0.015714 0.034264
0 0.206786 0.610406 0.015000 0.032995
0 0.275357 0.560914 0.010714 0.030457
0 0.218214 0.493020 0.013571 0.026650
0 0.260000 0.419416 0.011429 0.021574
1 0.305000 0.529822 0.017143 0.082487
1 0.323571 0.493655 0.014286 0.081218
0 0.235357 0.380711 0.010714 0.017766
0 0.216429 0.359137 0.011429 0.015228
1 0.372500 0.348985 0.013571 0.060914
1 0.368214 0.298223 0.013571 0.055838
1 0.267857 0.276650 0.008571 0.017766
0 0.230714 0.310914 0.008571 0.012690
0 0.252143 0.328680 0.010000 0.015228
0 0.273929 0.315355 0.010714 0.019036
0 0.287857 0.312817 0.010000 0.019036
0 0.313214 0.324239 0.007857 0.016497
0 0.359643 0.036168 0.005000 0.011421
1 0.343571 0.043782 0.010000 0.026650
0 0.342500 0.002538 0.003571 0.005076
0 0.325714 0.036168 0.004286 0.006345
0 0.332857 0.036168 0.004286 0.006345
0 0.347143 0.099619 0.005714 0.011421
0 0.332143 0.190355 0.007143 0.012690
0 0.309643 0.239213 0.007857 0.013959
0 0.320357 0.165609 0.006429 0.011421
0 0.295000 0.197335 0.007143 0.011421
0 0.300357 0.128173 0.006429 0.010152
0 0.323214 0.109772 0.006429 0.008883
0 0.307500 0.107868 0.005000 0.007614
0 0.301429 0.101523 0.005714 0.007614
0 0.318571 0.060914 0.004286 0.007614
0 0.311786 0.073604 0.005000 0.007614
0 0.309643 0.084391 0.005000 0.006345
0 0.332500 0.083122 0.005000 0.008883
