2 0.308929 0.314721 0.077857 0.192893
2 0.481071 0.670685 0.072143 0.163706
0 0.238929 0.107868 0.037857 0.083756
0 0.259643 0.032360 0.033571 0.064721
2 0.709643 0.036168 0.057857 0.072335
2 0.754643 0.065990 0.115000 0.131980
0 0.561786 0.386421 0.023571 0.074873
0 0.582500 0.439721 0.055000 0.069797
0 0.645000 0.430838 0.058571 0.074873
0 0.592143 0.477157 0.052857 0.065990
0 0.603214 0.512690 0.050714 0.063452
0 0.652857 0.468909 0.052857 0.069797
0 0.702143 0.463198 0.044286 0.088832
0 0.618571 0.548223 0.051429 0.060914
0 0.662143 0.506980 0.045714 0.064721
0 0.631786 0.598985 0.057857 0.078680
0 0.682143 0.547589 0.057143 0.072335
0 0.647143 0.635787 0.052857 0.076142
0 0.698214 0.585660 0.052143 0.072335
0 0.665714 0.671320 0.057143 0.078680
0 0.716429 0.623731 0.052857 0.069797
0 0.679643 0.715736 0.057857 0.078680
0 0.732857 0.666244 0.058571 0.076142
0 0.686429 0.769670 0.048571 0.067259
0 0.737857 0.715736 0.061429 0.083756
0 0.768214 0.745558 0.060714 0.079949
0 0.718214 0.799492 0.050714 0.068528
0 0.731786 0.842005 0.063571 0.090102
0 0.852500 0.817259 0.053571 0.111675
0 0.906071 0.868655 0.057857 0.123096
0 0.872500 0.942893 0.050714 0.098985
1 0.927857 0.792513 0.132857 0.277919
0 0.810357 0.178299 0.047857 0.057107
