0 0.177500 0.219543 0.010714 0.010152
0 0.164643 0.289340 0.006429 0.015228
2 0.139286 0.320431 0.015714 0.026650
2 0.146071 0.322335 0.016429 0.022843
2 0.152857 0.326777 0.015714 0.024112
2 0.269286 0.315990 0.018571 0.015228
2 0.313571 0.323604 0.018571 0.020305
2 0.314643 0.315990 0.019286 0.020305
2 0.281786 0.305203 0.012143 0.021574
2 0.175357 0.373096 0.023571 0.020305
0 0.133929 0.369924 0.009286 0.016497
2 0.146786 0.375000 0.015000 0.024112
0 0.202857 0.357234 0.012857 0.011421
2 0.240714 0.368020 0.021429 0.017766
2 0.269286 0.342005 0.011429 0.024112
0 0.261429 0.342005 0.007143 0.013959
0 0.260000 0.360406 0.007143 0.012690
0 0.281071 0.362310 0.007857 0.016497
0 0.278929 0.344543 0.007857 0.013959
0 0.097857 0.303934 0.015714 0.013959
1 0.141429 0.718909 0.018571 0.046954
0 0.162143 0.762690 0.010000 0.030457
0 0.601071 0.984772 0.013571 0.027919
0 0.550714 0.513959 0.017143 0.017766
0 0.494643 0.168782 0.009286 0.010152
1 0.436786 0.265228 0.013571 0.020305
1 0.442857 0.257614 0.014286 0.020305
1 0.448571 0.254442 0.014286 0.019036
1 0.453929 0.251904 0.015000 0.019036
1 0.443571 0.276650 0.030000 0.025381
1 0.457500 0.314721 0.032143 0.025381
1 0.476429 0.364213 0.030000 0.027919
1 0.485714 0.390863 0.028571 0.022843
1 0.497500 0.416878 0.022143 0.031726
1 0.575357 0.324239 0.015000 0.016497
1 0.496429 0.216371 0.012857 0.019036
1 0.487143 0.223985 0.012857 0.019036
1 0.481786 0.228426 0.013571 0.017766
1 0.473214 0.236041 0.012143 0.020305
1 0.463571 0.243020 0.012857 0.019036
2 0.491429 0.253173 0.015714 0.024112
2 0.496071 0.264594 0.016429 0.021574
2 0.498929 0.270305 0.019286 0.025381
2 0.501071 0.279188 0.019286 0.020305
2 0.505357 0.282360 0.015000 0.019036
2 0.507500 0.287437 0.016429 0.021574
2 0.510000 0.293782 0.017143 0.021574
2 0.512500 0.303934 0.013571 0.019036
1 0.513929 0.307107 0.016429 0.020305
2 0.521071 0.327411 0.016429 0.022843
2 0.523929 0.334391 0.017857 0.026650
1 0.528571 0.343274 0.018571 0.024112
2 0.531786 0.350254 0.017857 0.022843
2 0.537857 0.356599 0.022857 0.030457
1 0.542143 0.366117 0.018571 0.024112
1 0.547500 0.335660 0.016429 0.019036
1 0.543214 0.329315 0.016429 0.019036
1 0.540714 0.322335 0.014286 0.017766
1 0.537143 0.315990 0.014286 0.017766
1 0.540000 0.305838 0.015714 0.015228
1 0.532143 0.303299 0.015714 0.017766
1 0.528214 0.298858 0.015000 0.019036
1 0.525000 0.289340 0.015714 0.022843
1 0.522143 0.280457 0.017143 0.020305
1 0.517500 0.269036 0.015000 0.020305
1 0.510714 0.258883 0.014286 0.017766
1 0.507143 0.255076 0.015714 0.017766
1 0.505357 0.250000 0.012143 0.017766
0 0.207857 0.036168 0.008571 0.008883
