1 0.969286 0.813333 0.057143 0.049524
1 0.968571 0.780000 0.061429 0.040000
1 0.959286 0.752381 0.077143 0.040000
1 0.886071 0.717143 0.082143 0.040000
1 0.668929 0.594762 0.016429 0.018095
1 0.632143 0.602381 0.021429 0.018095
1 0.650000 0.593333 0.018571 0.017143
1 0.621429 0.590476 0.020000 0.017143
1 0.390714 0.568095 0.024286 0.012381
1 0.404286 0.566190 0.021429 0.012381
2 0.141429 0.540476 0.017143 0.010476
1 0.033571 0.534762 0.012857 0.008571
1 0.070000 0.522857 0.012857 0.009524
1 0.007500 0.525714 0.013571 0.007619
1 0.076786 0.521429 0.012143 0.008571
