0 0.940501 0.677180 0.061587 0.063080
0 0.957203 0.609926 0.053236 0.056586
0 0.965031 0.579777 0.054280 0.061224
0 0.959551 0.503247 0.049582 0.052876
0 0.855428 0.439703 0.022965 0.050093
0 0.845511 0.495362 0.029228 0.063080
0 0.765919 0.561224 0.047495 0.057514
0 0.713727 0.514842 0.046451 0.050093
0 0.662317 0.493043 0.028184 0.058442
0 0.638048 0.476345 0.028706 0.058442
0 0.611430 0.460575 0.029749 0.054731
0 0.587422 0.438776 0.029749 0.055659
0 0.562630 0.416976 0.027140 0.058442
0 0.538622 0.400742 0.029228 0.053803
0 0.460595 0.340445 0.030793 0.048237
0 0.421973 0.318646 0.032881 0.049165
0 0.244259 0.185993 0.033403 0.041744
2 0.149791 0.232839 0.068894 0.094620
0 0.185804 0.140538 0.030271 0.030612
0 0.128914 0.034323 0.034447 0.020408
0 0.132829 0.012523 0.029749 0.023191
0 0.943372 0.035250 0.018267 0.027829
0 0.954854 0.220779 0.020355 0.037106
