0 0.232500 0.895714 0.107857 0.208571
0 0.308214 0.024286 0.033571 0.048571
0 0.185000 0.018095 0.050000 0.026667
0 0.195714 0.036667 0.060000 0.029524
0 0.180357 0.054762 0.060714 0.037143
0 0.219286 0.090952 0.038571 0.061905
0 0.202143 0.159048 0.050000 0.072381
0 0.167857 0.248571 0.070000 0.106667
0 0.354643 0.731429 0.080714 0.219048
0 0.515000 0.474286 0.067143 0.116190
0 0.270714 0.461905 0.070000 0.142857
0 0.352500 0.385714 0.056429 0.095238
0 0.280714 0.337143 0.055714 0.106667
0 0.350357 0.297619 0.049286 0.082857
0 0.283929 0.246190 0.050714 0.082857
0 0.352857 0.210000 0.042857 0.065714
0 0.293214 0.170952 0.042143 0.071429
0 0.350714 0.125714 0.035714 0.059048
0 0.299643 0.100952 0.032143 0.070476
0 0.348214 0.074762 0.027857 0.044762
0 0.347143 0.035714 0.032857 0.042857
0 0.421071 0.020952 0.033571 0.040000
0 0.430714 0.047619 0.028571 0.032381
0 0.437143 0.086190 0.037143 0.056190
0 0.460000 0.205238 0.047143 0.073333
