1 0.633000 0.938000 0.116000 0.124000
1 0.426750 0.713000 0.074500 0.087333
1 0.343500 0.584000 0.055000 0.057333
1 0.193250 0.596000 0.053500 0.064000
1 0.197000 0.415000 0.040000 0.038000
1 0.157000 0.358000 0.028000 0.030667
1 0.139250 0.336667 0.027500 0.025333
1 0.124250 0.316000 0.027500 0.026667
1 0.094000 0.283000 0.023000 0.022000
1 0.082250 0.269000 0.022500 0.020667
1 0.125250 0.237333 0.035500 0.018667
2 0.020750 0.290000 0.026500 0.034667
1 0.042500 0.220333 0.016000 0.015333
1 0.013250 0.187000 0.022500 0.015333
1 0.009250 0.181333 0.016500 0.014667
2 0.904000 0.258333 0.040000 0.026000
1 0.866500 0.272667 0.043000 0.025333
1 0.871500 0.296000 0.035000 0.026667
1 0.737000 0.370667 0.050000 0.029333
1 0.533500 0.305667 0.037000 0.024667
1 0.625000 0.348333 0.042000 0.028667
1 0.591250 0.312000 0.036500 0.029333
1 0.740000 0.324333 0.044000 0.035333
1 0.760000 0.319333 0.037000 0.026667
1 0.668500 0.323333 0.041000 0.026667
1 0.782250 0.402333 0.045500 0.032667
1 0.976250 0.235667 0.034500 0.022000
1 0.292250 0.154000 0.020500 0.009333
1 0.262000 0.174333 0.014000 0.014000
1 0.274750 0.180000 0.014500 0.012000
1 0.285250 0.185333 0.013500 0.013333
1 0.260500 0.199333 0.025000 0.016000
1 0.239000 0.190000 0.023000 0.014667
1 0.242250 0.151667 0.028500 0.016667
1 0.300500 0.191667 0.018000 0.015333
1 0.399250 0.239000 0.027500 0.022000
1 0.447250 0.235333 0.019500 0.021333
1 0.384250 0.228000 0.022500 0.017333
1 0.367000 0.224000 0.019000 0.018667
1 0.349500 0.217333 0.020000 0.018667
1 0.332250 0.209667 0.022500 0.018000
1 0.445500 0.305667 0.033000 0.022000
1 0.463750 0.314000 0.038500 0.025333
1 0.493750 0.333000 0.037500 0.023333
1 0.600500 0.390333 0.047000 0.038000
0 0.805500 0.319667 0.007000 0.018000
