7 0.305714 0.014286 0.024286 0.017143
7 0.296071 0.028095 0.025000 0.016190
7 0.254286 0.096190 0.027143 0.017143
1 0.267143 0.136667 0.048571 0.058095
1 0.210000 0.214762 0.055714 0.067619
1 0.485357 0.013810 0.022143 0.027619
1 0.459643 0.045238 0.030714 0.050476
1 0.436071 0.028571 0.029286 0.047619
1 0.398929 0.025238 0.029286 0.031429
1 0.383929 0.049048 0.059286 0.039048
3 0.422857 0.084762 0.041429 0.074286
1 0.395000 0.151429 0.044286 0.059048
1 0.372500 0.212857 0.046429 0.080952
1 0.331429 0.189048 0.041429 0.065714
1 0.345714 0.297143 0.048571 0.083810
2 0.305000 0.256190 0.050000 0.074286
1 0.280357 0.328095 0.057857 0.107619
2 0.316429 0.391905 0.058571 0.120952
1 0.375357 0.394762 0.067857 0.107619
1 0.246429 0.425714 0.070000 0.118095
1 0.156071 0.289524 0.097857 0.057143
1 0.081429 0.345238 0.108571 0.073333
1 0.217143 0.797143 0.091429 0.196190
1 0.140357 0.800476 0.116429 0.208571
1 0.065357 0.794286 0.092143 0.154286
1 0.613929 0.392857 0.046429 0.100000
1 0.677500 0.015238 0.029286 0.030476
1 0.684643 0.049048 0.029286 0.042857
2 0.658571 0.060000 0.032857 0.059048
1 0.692500 0.099048 0.027857 0.040000
1 0.700357 0.157619 0.032143 0.044762
1 0.727500 0.060476 0.030714 0.050476
1 0.716429 0.027143 0.024286 0.046667
1 0.675714 0.204762 0.034286 0.062857
1 0.710714 0.210000 0.035714 0.050476
1 0.752857 0.200952 0.035714 0.062857
1 0.734643 0.148095 0.035000 0.061905
1 0.797500 0.012381 0.052143 0.024762
1 0.801429 0.028571 0.054286 0.026667
1 0.808929 0.044762 0.057857 0.022857
1 0.817500 0.062857 0.063571 0.030476
1 0.827857 0.086190 0.068571 0.037143
1 0.859286 0.143810 0.072857 0.043810
1 0.867500 0.174762 0.062143 0.042857
1 0.805714 0.191429 0.062857 0.059048
1 0.884643 0.224762 0.085000 0.055238
1 0.650714 0.272381 0.025714 0.059048
1 0.740000 0.393810 0.054286 0.084762
1 0.755000 0.496667 0.050000 0.113333
1 0.783571 0.679524 0.075714 0.157143
1 0.817500 0.900952 0.097857 0.192381
