0 0.391786 0.900476 0.039286 0.140000
0 0.208929 0.904286 0.037857 0.113333
0 0.244286 0.673333 0.034286 0.085714
0 0.403571 0.613333 0.030000 0.085714
0 0.355357 0.598571 0.026429 0.082857
0 0.401071 0.358095 0.017857 0.049524
0 0.468571 0.394762 0.018571 0.042857
0 0.533571 0.364286 0.020000 0.042857
0 0.393929 0.285238 0.017857 0.042857
0 0.392857 0.192381 0.015714 0.038095
0 0.336786 0.070476 0.010714 0.020952
0 0.239643 0.057143 0.013571 0.019048
0 0.291786 0.048571 0.033571 0.022857
0 0.298571 0.015238 0.024286 0.015238
0 0.296071 0.007619 0.025000 0.015238
0 0.248214 0.035238 0.009286 0.015238
0 0.322857 0.149048 0.014286 0.023810
0 0.310000 0.237619 0.017143 0.031429
0 0.287500 0.391905 0.022143 0.044762
0 0.516071 0.258571 0.016429 0.031429
0 0.498929 0.167619 0.013571 0.024762
0 0.436429 0.043810 0.010000 0.015238
0 0.472500 0.006667 0.009286 0.011429
0 0.571786 0.567619 0.030714 0.066667
0 0.639643 0.912381 0.027857 0.080000
