0 0.220000 0.920476 0.127143 0.159048
0 0.401071 0.933333 0.090714 0.131429
0 0.795357 0.910952 0.179286 0.113333
0 0.787143 0.837619 0.170000 0.100000
0 0.673214 0.713810 0.065000 0.103810
0 0.520000 0.692381 0.062857 0.091429
0 0.434286 0.785714 0.068571 0.140952
0 0.330000 0.686190 0.082857 0.103810
0 0.371429 0.606190 0.058571 0.071429
0 0.489643 0.540952 0.046429 0.068571
0 0.538214 0.557619 0.033571 0.069524
0 0.419643 0.499524 0.049286 0.039048
0 0.436429 0.456190 0.030000 0.043810
0 0.510714 0.459524 0.034286 0.050476
0 0.546071 0.479524 0.026429 0.052381
2 0.551071 0.440476 0.029286 0.039048
0 0.635357 0.528095 0.039286 0.052381
0 0.681071 0.495238 0.070714 0.043810
0 0.669286 0.480000 0.070000 0.045714
0 0.655000 0.468571 0.072857 0.047619
0 0.667500 0.455238 0.067857 0.038095
0 0.641429 0.437143 0.044286 0.032381
0 0.615714 0.420000 0.031429 0.032381
0 0.657857 0.407143 0.054286 0.039048
0 0.472500 0.390000 0.033571 0.031429
0 0.651429 0.389524 0.051429 0.024762
0 0.646786 0.380476 0.047857 0.025714
0 0.652857 0.364762 0.054286 0.032381
0 0.653929 0.356190 0.042143 0.032381
0 0.637500 0.348571 0.039286 0.022857
0 0.612857 0.332857 0.021429 0.027619
0 0.612857 0.324762 0.017143 0.020952
0 0.537857 0.400952 0.025714 0.032381
0 0.543929 0.386667 0.027857 0.032381
0 0.539286 0.366190 0.021429 0.029524
0 0.565000 0.362857 0.021429 0.024762
0 0.544286 0.352381 0.022857 0.022857
0 0.550714 0.336190 0.015714 0.028571
0 0.570357 0.306190 0.016429 0.020000
0 0.603929 0.302857 0.016429 0.017143
0 0.615714 0.297143 0.017143 0.015238
0 0.507857 0.337619 0.024286 0.021905
0 0.450357 0.372381 0.045000 0.022857
2 0.456429 0.355714 0.055714 0.031429
0 0.468929 0.349524 0.033571 0.028571
0 0.515714 0.326190 0.018571 0.023810
0 0.516071 0.315714 0.016429 0.020000
0 0.523214 0.311429 0.015000 0.015238
0 0.603571 0.205714 0.005714 0.005714
0 0.595000 0.208571 0.005714 0.007619
0 0.587500 0.270476 0.010714 0.015238
0 0.590357 0.266190 0.007857 0.010476
0 0.585000 0.260476 0.011429 0.010476
0 0.553571 0.266190 0.007143 0.010476
0 0.556786 0.265238 0.009286 0.010476
0 0.563571 0.259048 0.007143 0.009524
0 0.567857 0.256667 0.008571 0.008571
