1 0.646429 0.695238 0.081429 0.179048
6 0.650357 0.425714 0.083571 0.196190
1 0.651071 0.319524 0.039286 0.037143
1 0.655357 0.275238 0.030714 0.045714
1 0.206071 0.353333 0.065000 0.072381
1 0.077500 0.444762 0.116429 0.085714
6 0.157500 0.662857 0.315000 0.457143
1 0.250357 0.307143 0.087857 0.056190
1 0.283214 0.288571 0.075000 0.045714
1 0.294286 0.271905 0.062857 0.040952
1 0.344643 0.238571 0.065000 0.039048
1 0.383929 0.211905 0.055000 0.033333
1 0.397500 0.197619 0.052143 0.029524
1 0.412857 0.194286 0.041429 0.030476
0 0.230000 0.261905 0.014286 0.028571
0 0.278929 0.349524 0.020714 0.034286
0 0.459643 0.278095 0.012143 0.026667
0 0.395000 0.286667 0.015714 0.028571
7 0.337143 0.275714 0.022857 0.025714
0 0.420714 0.152857 0.014286 0.014286
0 0.510000 0.145714 0.004286 0.011429
1 0.426071 0.180476 0.039286 0.027619
1 0.436786 0.174762 0.037857 0.029524
1 0.450357 0.166667 0.036429 0.022857
1 0.457857 0.162857 0.032857 0.022857
1 0.461429 0.158571 0.032857 0.023810
1 0.467143 0.155238 0.035714 0.022857
1 0.474643 0.152381 0.032143 0.024762
1 0.481786 0.141905 0.033571 0.019048
1 0.491786 0.138095 0.027857 0.019048
1 0.496429 0.131429 0.032857 0.019048
1 0.501429 0.130000 0.027143 0.018095
1 0.504286 0.128571 0.025714 0.019048
1 0.508571 0.124762 0.024286 0.019048
1 0.508214 0.122857 0.025000 0.019048
1 0.511786 0.120000 0.025000 0.019048
1 0.513571 0.120000 0.024286 0.019048
1 0.518214 0.116190 0.027857 0.019048
1 0.527857 0.112381 0.024286 0.015238
1 0.530000 0.110000 0.018571 0.012381
1 0.528214 0.146190 0.016429 0.018095
1 0.537857 0.138095 0.015714 0.019048
1 0.560357 0.118571 0.016429 0.016190
1 0.549643 0.110476 0.020714 0.017143
1 0.558571 0.109048 0.018571 0.014286
1 0.606429 0.118095 0.024286 0.017143
0 0.577143 0.120000 0.008571 0.007619
7 0.584643 0.121429 0.009286 0.008571
1 0.647500 0.108095 0.012143 0.014286
1 0.662857 0.111429 0.011429 0.013333
1 0.656071 0.125714 0.019286 0.013333
1 0.657143 0.233810 0.024286 0.037143
1 0.658929 0.206190 0.022143 0.029524
1 0.657500 0.185238 0.022143 0.021905
6 0.659286 0.156667 0.025714 0.046667
1 0.683214 0.065238 0.005000 0.006667
1 0.665357 0.073810 0.006429 0.008571
1 0.667857 0.067619 0.005714 0.005714
1 0.672143 0.064286 0.004286 0.004762
1 0.696786 0.064762 0.003571 0.003810
1 0.693214 0.061429 0.005000 0.004762
1 0.646071 0.083333 0.007857 0.008571
1 0.612857 0.091905 0.012857 0.010476
1 0.657143 0.075238 0.005714 0.009524
1 0.755714 0.104762 0.008571 0.009524
1 0.755357 0.100000 0.007857 0.011429
1 0.756071 0.096667 0.007857 0.010476
1 0.751429 0.090476 0.008571 0.011429
1 0.722143 0.076190 0.005714 0.007619
1 0.717143 0.074286 0.004286 0.005714
1 0.711786 0.071429 0.003571 0.005714
7 0.744643 0.112381 0.005000 0.009524
1 0.685714 0.133333 0.015714 0.013333
2 0.691429 0.138571 0.014286 0.021905
1 0.688929 0.149048 0.013571 0.018095
1 0.691786 0.160476 0.016429 0.021905
1 0.692143 0.185714 0.020000 0.022857
1 0.691071 0.211905 0.023571 0.029524
1 0.858929 0.249524 0.037857 0.034286
1 0.911786 0.307143 0.046429 0.040952
0 0.972143 0.310000 0.021429 0.020000
1 0.982143 0.327143 0.035714 0.039048
1 0.910714 0.254762 0.035714 0.031429
1 0.983571 0.249048 0.032857 0.027619
1 0.891071 0.223333 0.029286 0.037143
1 0.970357 0.244762 0.046429 0.030476
1 0.954643 0.234762 0.053571 0.027619
1 0.948214 0.233333 0.040714 0.032381
1 0.940357 0.222857 0.046429 0.026667
1 0.932857 0.216190 0.045714 0.026667
1 0.930714 0.210952 0.044286 0.025714
1 0.919286 0.205714 0.042857 0.022857
1 0.913214 0.200952 0.045000 0.024762
1 0.907143 0.199048 0.042857 0.022857
1 0.910000 0.193333 0.042857 0.024762
1 0.900357 0.190476 0.035000 0.022857
1 0.895000 0.184762 0.031429 0.022857
1 0.889643 0.185238 0.036429 0.023810
1 0.883571 0.180000 0.034286 0.020952
1 0.876071 0.173810 0.032143 0.020000
1 0.826429 0.171429 0.020000 0.017143
1 0.837143 0.180952 0.018571 0.017143
1 0.849643 0.190476 0.022143 0.022857
1 0.866786 0.160476 0.033571 0.018095
1 0.861071 0.155714 0.035000 0.021905
1 0.847500 0.149524 0.029286 0.019048
1 0.817500 0.142857 0.022143 0.026667
