2 0.417500 0.592333 0.008000 0.011333
2 0.429000 0.590333 0.008000 0.008667
1 0.446750 0.600667 0.021500 0.012000
1 0.440750 0.628667 0.027500 0.012000
1 0.442750 0.635333 0.028500 0.012000
1 0.442250 0.641667 0.025500 0.015333
2 0.458250 0.654667 0.026500 0.020000
2 0.484250 0.640667 0.013500 0.021333
2 0.481750 0.628000 0.011500 0.013333
1 0.490750 0.616333 0.011500 0.014000
1 0.511250 0.692000 0.018500 0.022667
1 0.502000 0.677000 0.017000 0.019333
1 0.529750 0.737333 0.023500 0.028000
2 0.543750 0.756000 0.025500 0.036000
1 0.577750 0.828667 0.035500 0.041333
1 0.571000 0.893333 0.035000 0.057333
0 0.608750 0.780667 0.009500 0.020000
0 0.654000 0.839667 0.009000 0.018000
7 0.531250 0.683000 0.007500 0.014000
7 0.631250 0.860333 0.011500 0.028667
4 0.525500 0.885667 0.029000 0.043333
2 0.437500 0.861667 0.028000 0.055333
1 0.388500 0.616667 0.013000 0.012000
1 0.386000 0.599667 0.008000 0.011333
1 0.424250 0.574333 0.019500 0.008667
4 0.479750 0.603000 0.004500 0.007333
0 0.507750 0.636667 0.008500 0.009333
2 0.465250 0.611667 0.010500 0.019333
7 0.502750 0.730333 0.015500 0.012667
0 0.449750 0.739333 0.016500 0.014667
