6 0.608214 0.914340 0.066429 0.168782
1 0.637857 0.800127 0.038571 0.118020
1 0.522857 0.619289 0.030000 0.096447
1 0.446786 0.748096 0.029286 0.092640
7 0.377143 0.573604 0.014286 0.043147
1 0.580000 0.349619 0.025714 0.069797
1 0.495714 0.282360 0.022857 0.062183
2 0.378571 0.194797 0.022857 0.057107
3 0.408571 0.076777 0.025714 0.077411
1 0.936786 0.819162 0.040714 0.082487
1 0.887857 0.567259 0.042857 0.076142
1 0.944643 0.576142 0.039286 0.073604
1 0.960357 0.556472 0.039286 0.072335
1 0.981071 0.623731 0.036429 0.072335
1 0.871786 0.359772 0.029286 0.062183
1 0.851071 0.310914 0.030714 0.060914
1 0.829643 0.271574 0.026429 0.045685
2 0.816786 0.226523 0.026429 0.057107
2 0.755357 0.100888 0.025000 0.052030
2 0.714286 0.013959 0.020000 0.027919
