2 0.456250 0.293667 0.027500 0.051333
1 0.130250 0.026000 0.024500 0.014667
1 0.150500 0.029000 0.026000 0.016667
6 0.218000 0.036333 0.048000 0.036667
2 0.259500 0.042000 0.026000 0.022667
1 0.049750 0.261333 0.048500 0.036000
1 0.130500 0.303333 0.053000 0.042667
1 0.200500 0.339000 0.054000 0.043333
1 0.256250 0.369667 0.068500 0.051333
1 0.182750 0.379333 0.067500 0.064000
4 0.217250 0.423000 0.039500 0.040667
2 0.306000 0.398333 0.045000 0.062000
2 0.008500 0.232667 0.017000 0.037333
2 0.399500 0.387333 0.067000 0.064000
1 0.377750 0.435000 0.073500 0.071333
2 0.406250 0.323667 0.057500 0.051333
1 0.452250 0.364667 0.034500 0.057333
1 0.496500 0.409333 0.045000 0.068000
1 0.448500 0.456667 0.036000 0.078667
1 0.231000 0.477667 0.070000 0.067333
4 0.269000 0.441667 0.043000 0.048667
1 0.339000 0.486000 0.075000 0.072000
2 0.160750 0.545667 0.081500 0.070000
2 0.104750 0.593333 0.102500 0.074667
1 0.047750 0.666333 0.094500 0.074000
1 0.023500 0.756333 0.047000 0.082000
1 0.227750 0.601000 0.105500 0.079333
1 0.170500 0.717333 0.121000 0.132000
2 0.291250 0.536333 0.088500 0.079333
1 0.260250 0.853333 0.141500 0.146667
1 0.389500 0.615000 0.077000 0.118000
1 0.421000 0.550333 0.075000 0.094000
1 0.487500 0.525000 0.090000 0.059333
1 0.585000 0.585667 0.094000 0.086000
2 0.493000 0.659667 0.097000 0.104667
2 0.595000 0.712000 0.098000 0.174667
1 0.465000 0.883667 0.064000 0.188667
1 0.553000 0.870000 0.091000 0.188000
1 0.687750 0.901667 0.092500 0.195333
2 0.767750 0.864000 0.107500 0.186667
2 0.780250 0.606667 0.102500 0.081333
2 0.653750 0.518667 0.055500 0.093333
2 0.758250 0.325667 0.033500 0.058000
3 0.790000 0.329000 0.038000 0.070000
2 0.843750 0.331000 0.071500 0.058000
2 0.928000 0.352667 0.074000 0.044000
7 0.709500 0.255667 0.017000 0.028667
0 0.727250 0.258667 0.009500 0.028000
7 0.746250 0.255667 0.012500 0.024667
7 0.761000 0.257333 0.009000 0.028000
7 0.769500 0.257000 0.011000 0.030000
7 0.782500 0.264000 0.015000 0.024000
7 0.803750 0.268667 0.011500 0.022667
7 0.794000 0.266000 0.012000 0.026667
7 0.813250 0.272333 0.011500 0.024667
7 0.827750 0.279333 0.016500 0.026667
7 0.846000 0.278333 0.012000 0.024667
0 0.878750 0.250333 0.017500 0.024667
4 0.772500 0.236667 0.030000 0.024000
4 0.741000 0.226333 0.026000 0.020667
4 0.788000 0.223000 0.020000 0.030000
4 0.755000 0.214000 0.023000 0.029333
2 0.904750 0.198000 0.051500 0.034667
2 0.949500 0.171333 0.073000 0.033333
1 0.937750 0.128333 0.044500 0.022000
1 0.898500 0.106000 0.017000 0.030667
2 0.945250 0.115000 0.045500 0.023333
3 0.951000 0.101000 0.058000 0.032667
1 0.984250 0.108333 0.022500 0.028667
2 0.950000 0.089000 0.038000 0.023333
2 0.947000 0.085000 0.043000 0.024667
1 0.947250 0.073333 0.042500 0.021333
1 0.983250 0.071333 0.033500 0.029333
0 0.905000 0.020333 0.012000 0.014000
1 0.925000 0.029000 0.033000 0.019333
1 0.845750 0.020000 0.031500 0.014667
7 0.941750 0.518667 0.036500 0.033333
