0 0.354793 0.698950 0.070100 0.037214
0 0.605866 0.593989 0.035765 0.037214
0 0.083333 0.763836 0.089413 0.058206
0 0.020029 0.745229 0.040057 0.030534
0 0.020386 0.697996 0.040773 0.058206
0 0.055079 0.692271 0.051502 0.067748
0 0.099070 0.683683 0.033619 0.062023
0 0.184549 0.656966 0.032904 0.054389
0 0.236767 0.644084 0.055794 0.038168
0 0.145923 0.677004 0.040057 0.050573
0 0.256438 0.628817 0.057940 0.032443
0 0.271102 0.613550 0.048641 0.026718
0 0.437768 0.563454 0.022890 0.031489
0 0.594778 0.538168 0.029328 0.026718
2 0.471745 0.639313 0.043634 0.085878
0 0.276109 0.592557 0.052933 0.022901
0 0.281831 0.581584 0.052933 0.018130
0 0.281116 0.567748 0.048641 0.022901
0 0.279685 0.553912 0.051502 0.021947
0 0.280758 0.545324 0.047926 0.020038
0 0.283977 0.535305 0.040057 0.019084
0 0.287196 0.526240 0.045064 0.021947
0 0.289700 0.515744 0.038627 0.027672
0 0.293276 0.503340 0.037196 0.016221
0 0.293991 0.497137 0.037196 0.017176
0 0.364449 0.560592 0.020744 0.025763
0 0.360157 0.543416 0.019313 0.023855
0 0.370172 0.587786 0.040773 0.040076
0 0.359800 0.624523 0.030043 0.041031
0 0.333333 0.457061 0.034335 0.017176
0 0.357296 0.529103 0.020744 0.021947
0 0.970315 0.593511 0.027897 0.036260
0 0.785408 0.584924 0.038627 0.026718
1 0.587268 0.488073 0.051502 0.054389
1 0.555436 0.460878 0.039342 0.043893
0 0.331903 0.441317 0.031474 0.014313
0 0.336910 0.435115 0.022890 0.013359
0 0.337983 0.425573 0.022175 0.013359
0 0.331903 0.419370 0.021459 0.008588
0 0.328684 0.413645 0.022175 0.012405
0 0.329757 0.372615 0.017167 0.008588
0 0.445637 0.403149 0.010014 0.010496
1 0.464235 0.383588 0.020029 0.022901
1 0.457082 0.365458 0.032904 0.013359
1 0.436695 0.360210 0.016452 0.016221
0 0.599428 0.370229 0.010014 0.005725
0 0.544349 0.416031 0.010014 0.009542
0 0.528612 0.406011 0.012876 0.010496
0 0.522890 0.399809 0.007153 0.009542
0 0.398426 0.352099 0.005722 0.005725
0 0.400930 0.334924 0.005007 0.005725
