3 0.358727 0.759542 0.149499 0.194656
1 0.480329 0.870229 0.080830 0.160305
2 0.679185 0.907443 0.122318 0.169847
1 0.822246 0.743798 0.050787 0.113550
1 0.882690 0.774332 0.054363 0.107824
1 0.951001 0.820134 0.062232 0.121183
1 0.963519 0.737118 0.071531 0.060115
1 0.302575 0.521469 0.061516 0.058206
1 0.693848 0.610687 0.085837 0.078244
1 0.760730 0.717080 0.059371 0.105916
2 0.700286 0.694656 0.062947 0.103053
2 0.645565 0.664599 0.060801 0.092557
2 0.297926 0.614504 0.067954 0.080153
2 0.211016 0.559160 0.062947 0.080153
2 0.247139 0.481870 0.052217 0.047710
2 0.091559 0.349714 0.058655 0.044847
2 0.077253 0.335878 0.050072 0.036260
5 0.697425 0.391698 0.022890 0.023855
0 0.663805 0.392653 0.011445 0.021947
7 0.679542 0.340649 0.008584 0.015267
0 0.468884 0.401240 0.013591 0.016221
7 0.457082 0.395992 0.015737 0.019084
1 0.020744 0.292939 0.041488 0.032443
1 0.061159 0.325382 0.050787 0.034351
1 0.024320 0.321565 0.047210 0.032443
1 0.117310 0.364504 0.057225 0.047710
1 0.140558 0.377863 0.067954 0.047710
1 0.157010 0.389790 0.062232 0.044847
1 0.043991 0.431298 0.039342 0.049618
2 0.185265 0.399809 0.064378 0.055344
1 0.137339 0.327290 0.047210 0.045802
0 0.082976 0.293416 0.012876 0.020038
0 0.054363 0.304866 0.012876 0.014313
7 0.140916 0.285305 0.017167 0.017176
7 0.216738 0.318702 0.021459 0.020992
0 0.789700 0.635496 0.018598 0.036260
7 0.988913 0.948950 0.020744 0.062023
