0 0.042143 0.798571 0.018571 0.044762
0 0.073929 0.792857 0.019286 0.044762
0 0.094286 0.792381 0.018571 0.043810
0 0.115357 0.785714 0.015000 0.032381
0 0.134286 0.786190 0.017143 0.042857
0 0.019643 0.895714 0.023571 0.048571
0 0.058571 0.888571 0.020000 0.047619
0 0.096429 0.886190 0.020000 0.046667
0 0.076786 0.884286 0.020714 0.046667
0 0.005357 0.801905 0.010714 0.043810
0 0.255000 0.775714 0.014286 0.039048
0 0.292857 0.765238 0.014286 0.039048
0 0.315357 0.764286 0.013571 0.039048
0 0.258571 0.866190 0.015714 0.040952
0 0.281071 0.865238 0.013571 0.042857
0 0.337500 0.857143 0.013571 0.043810
0 0.372143 0.855238 0.014286 0.040000
0 0.390714 0.851905 0.014286 0.040952
0 0.426429 0.843333 0.014286 0.046667
0 0.447143 0.844286 0.012857 0.044762
0 0.495714 0.833810 0.012857 0.050476
0 0.412857 0.756667 0.012857 0.039048
0 0.452500 0.750952 0.013571 0.039048
0 0.502500 0.749524 0.013571 0.040000
0 0.921071 0.168571 0.015000 0.026667
0 0.932143 0.168095 0.014286 0.025714
0 0.947500 0.175714 0.013571 0.025714
0 0.960000 0.180476 0.014286 0.025714
0 0.977500 0.188571 0.016429 0.024762
