7 0.552857 0.773333 0.011429 0.060952
7 0.473571 0.936190 0.017143 0.076190
7 0.097857 0.135714 0.030000 0.058095
1 0.134643 0.209524 0.135000 0.085714
0 0.040000 0.456667 0.052857 0.039048
3 0.094286 0.970952 0.107143 0.058095
7 0.860357 0.702381 0.055000 0.023810
7 0.850000 0.603810 0.038571 0.085714
0 0.913571 0.580000 0.018571 0.060952
7 0.937143 0.578571 0.025714 0.069524
7 0.875000 0.590952 0.020000 0.065714
0 0.890714 0.597619 0.015714 0.060000
0 0.958929 0.580476 0.022143 0.060000
7 0.787143 0.597619 0.020000 0.060000
7 0.768214 0.598571 0.019286 0.058095
0 0.878571 0.083333 0.051429 0.039048
