1 0.291071 0.349048 0.026429 0.020000
1 0.293571 0.326667 0.027143 0.019048
1 0.302500 0.266190 0.023571 0.018095
1 0.178571 0.600952 0.034286 0.020952
1 0.186429 0.558095 0.034286 0.024762
1 0.184643 0.580952 0.037857 0.020952
1 0.167143 0.628095 0.040000 0.021905
1 0.161429 0.654286 0.038571 0.019048
1 0.687143 0.562857 0.022857 0.040000
1 0.690000 0.451429 0.031429 0.019048
1 0.529286 0.216667 0.011429 0.018095
2 0.597143 0.274286 0.011429 0.020952
2 0.611071 0.276667 0.012143 0.020000
2 0.632857 0.270476 0.014286 0.022857
3 0.377500 0.040000 0.010714 0.030476
3 0.546786 0.067619 0.010714 0.024762
3 0.494286 0.151905 0.011429 0.025714
3 0.641786 0.317143 0.017857 0.055238
1 0.781071 0.637619 0.037857 0.025714
1 0.667143 0.384762 0.024286 0.015238
1 0.680000 0.420000 0.020000 0.017143
1 0.671071 0.398571 0.019286 0.012381
1 0.568571 0.107619 0.017143 0.009524
1 0.557143 0.114286 0.015714 0.009524
1 0.575714 0.152381 0.008571 0.011429
1 0.563214 0.174762 0.010714 0.018095
1 0.558929 0.082857 0.015000 0.009524
1 0.550000 0.051905 0.007143 0.008571
1 0.562500 0.102381 0.013571 0.008571
1 0.148929 0.709524 0.043571 0.028571
3 0.787143 0.343810 0.040000 0.064762
3 0.860714 0.329048 0.045714 0.069524
3 0.880714 0.320476 0.042857 0.061905
3 0.968571 0.417619 0.062857 0.037143
3 0.978214 0.561905 0.043571 0.068571
3 0.952500 0.549524 0.036429 0.051429
3 0.800000 0.431905 0.031429 0.039048
3 0.911429 0.314762 0.022857 0.052381
1 0.925714 0.585238 0.018571 0.033333
1 0.976786 0.589524 0.023571 0.030476
1 0.315000 0.157619 0.017143 0.010476
1 0.313214 0.153810 0.016429 0.008571
