2 0.091429 0.347081 0.017143 0.019036
2 0.096071 0.358503 0.020714 0.034264
1 0.101786 0.374365 0.017857 0.027919
3 0.123929 0.409264 0.030714 0.054569
2 0.042857 0.454315 0.021429 0.030457
1 0.050000 0.467005 0.018571 0.027919
2 0.067500 0.488579 0.020714 0.032995
2 0.189643 0.557741 0.017857 0.031726
2 0.208214 0.526015 0.016429 0.029188
2 0.169643 0.589467 0.019286 0.031726
6 0.026786 0.576777 0.047857 0.074873
6 0.076429 0.678934 0.038571 0.063452
6 0.084286 0.632614 0.054286 0.090102
6 0.075000 0.614848 0.057143 0.090102
3 0.338214 0.711294 0.020714 0.031726
1 0.348929 0.742386 0.019286 0.030457
2 0.383214 0.722716 0.020714 0.031726
2 0.320357 0.938452 0.019286 0.034264
2 0.398571 0.784898 0.015714 0.029188
1 0.415714 0.835660 0.020000 0.036802
2 0.447500 0.946701 0.016429 0.040609
2 0.548929 0.989213 0.012143 0.019036
7 0.532500 0.963832 0.005000 0.024112
1 0.728571 0.975888 0.011429 0.043147
2 0.699286 0.847081 0.010000 0.034264
2 0.725714 0.899746 0.011429 0.043147
7 0.869643 0.878807 0.012143 0.006345
7 0.848214 0.881345 0.013571 0.016497
6 0.726786 0.745558 0.012143 0.067259
1 0.702500 0.649746 0.009286 0.038071
2 0.803214 0.069797 0.012143 0.025381
1 0.760714 0.248096 0.010000 0.026650
1 0.713214 0.476523 0.010714 0.034264
1 0.493929 0.762690 0.013571 0.035533
1 0.370357 0.575508 0.016429 0.031726
1 0.400714 0.556472 0.017143 0.031726
2 0.408571 0.572335 0.018571 0.032995
2 0.417143 0.587563 0.018571 0.032995
2 0.458571 0.517766 0.010000 0.035533
2 0.468571 0.502538 0.010000 0.038071
2 0.476429 0.480330 0.008571 0.039340
2 0.485000 0.461929 0.007143 0.030457
2 0.502500 0.427665 0.009286 0.032995
1 0.493929 0.446066 0.007857 0.029188
3 0.438571 0.465736 0.037143 0.078680
3 0.473214 0.406091 0.027857 0.050761
1 0.615357 0.121827 0.007857 0.022843
1 0.608929 0.141497 0.013571 0.021574
3 0.597500 0.158629 0.017857 0.043147
3 0.573929 0.181472 0.026429 0.060914
3 0.580357 0.198604 0.025000 0.049492
3 0.590357 0.211294 0.017857 0.044416
2 0.573214 0.263325 0.015000 0.016497
2 0.569286 0.275381 0.015714 0.017766
1 0.564286 0.287437 0.017143 0.021574
2 0.556786 0.311548 0.015000 0.016497
1 0.554643 0.326777 0.012143 0.013959
2 0.543571 0.346447 0.015714 0.017766
1 0.537857 0.358503 0.012857 0.016497
1 0.534643 0.370558 0.016429 0.015228
1 0.690000 0.076777 0.010000 0.021574
1 0.703571 0.119289 0.008571 0.022843
1 0.628214 0.168782 0.010714 0.022843
2 0.640357 0.175127 0.010714 0.020305
2 0.619643 0.248731 0.010714 0.022843
1 0.607143 0.249365 0.010000 0.021574
2 0.603214 0.307741 0.012143 0.026650
1 0.592500 0.302030 0.012143 0.022843
1 0.660357 0.243655 0.010714 0.027919
3 0.640714 0.336294 0.017143 0.050761
2 0.581071 0.390863 0.010714 0.025381
1 0.621786 0.464467 0.010714 0.030457
1 0.583929 0.629442 0.012143 0.035533
1 0.522857 0.637690 0.014286 0.031726
2 0.542143 0.662437 0.014286 0.040609
2 0.546071 0.442259 0.013571 0.029188
2 0.562857 0.451142 0.012857 0.029188
2 0.515357 0.528553 0.013571 0.026650
2 0.547143 0.498096 0.011429 0.024112
7 0.810357 0.897208 0.007857 0.005076
