7 0.101253 0.713358 0.009395 0.014842
0 0.106211 0.710575 0.009916 0.011132
5 0.284447 0.577458 0.009395 0.017625
5 0.292797 0.552876 0.011482 0.012987
5 0.375783 0.487013 0.009395 0.011132
1 0.405010 0.460111 0.011482 0.007421
5 0.418580 0.448516 0.010438 0.010204
2 0.435282 0.427180 0.007307 0.006494
1 0.438674 0.426716 0.005741 0.005566
7 0.464248 0.485622 0.004697 0.010204
3 0.559499 0.379870 0.005219 0.010204
3 0.570981 0.382653 0.005219 0.012059
2 0.563413 0.380334 0.003653 0.007421
2 0.575939 0.399351 0.006785 0.004638
5 0.567328 0.387755 0.002088 0.003711
4 0.566545 0.391929 0.001566 0.002783
3 0.577244 0.426252 0.010438 0.015770
3 0.570459 0.427644 0.007307 0.012987
3 0.582203 0.442950 0.018267 0.015770
4 0.561065 0.406308 0.003132 0.005566
1 0.555324 0.416512 0.007307 0.007421
7 0.555063 0.412338 0.002610 0.004638
3 0.562109 0.441095 0.006263 0.012059
3 0.551931 0.440631 0.007829 0.020408
1 0.555063 0.434601 0.004697 0.008349
7 0.556367 0.431354 0.002088 0.003711
3 0.569415 0.438312 0.006263 0.013915
3 0.569937 0.455473 0.008351 0.029685
1 0.544885 0.475881 0.006263 0.011132
1 0.543058 0.512523 0.014092 0.012059
5 0.541754 0.500000 0.005219 0.012987
4 0.550104 0.500000 0.004175 0.007421
7 0.540188 0.522727 0.005219 0.006494
4 0.550626 0.540816 0.004175 0.009276
1 0.537056 0.540816 0.013570 0.012987
1 0.537839 0.536178 0.013048 0.011132
3 0.567850 0.568646 0.010438 0.020408
5 0.523225 0.615955 0.012004 0.018553
1 0.526618 0.611781 0.016701 0.017625
5 0.539927 0.632189 0.004697 0.012059
3 0.558977 0.675788 0.017745 0.075139
3 0.576200 0.748145 0.011482 0.028757
7 0.539144 0.718460 0.006263 0.017625
1 0.502088 0.794991 0.026096 0.035250
1 0.479645 0.958256 0.037578 0.053803
0 0.641701 0.758349 0.005741 0.019481
7 0.623956 0.641002 0.003653 0.012987
5 0.634916 0.462430 0.005741 0.012059
3 0.626566 0.473562 0.009916 0.023191
2 0.622912 0.474026 0.012004 0.009276
3 0.681628 0.508813 0.059499 0.026902
3 0.705898 0.486085 0.044363 0.024119
3 0.730167 0.491187 0.031315 0.017625
3 0.732777 0.498145 0.036534 0.022263
3 0.756263 0.487941 0.036534 0.022263
3 0.769311 0.492115 0.042797 0.021336
3 0.776357 0.495362 0.049582 0.018553
3 0.783142 0.502783 0.043319 0.020408
3 0.790188 0.505566 0.044885 0.020408
3 0.795668 0.511596 0.043319 0.023191
3 0.762265 0.531076 0.029749 0.034323
3 0.777662 0.531540 0.028184 0.031540
1 0.788100 0.549165 0.019833 0.012987
3 0.155793 0.810297 0.075678 0.106679
4 0.630480 0.690167 0.009395 0.018553
3 0.975209 0.496753 0.048539 0.032468
3 0.864823 0.500928 0.027140 0.024119
3 0.895616 0.499072 0.036534 0.022263
