1 0.567067 0.591837 0.038100 0.033395
1 0.675887 0.563080 0.037578 0.050093
1 0.701722 0.553340 0.032881 0.051020
1 0.793841 0.603432 0.027140 0.054731
1 0.800626 0.839054 0.030271 0.075139
1 0.731733 0.806122 0.026096 0.089054
1 0.766180 0.825139 0.028184 0.080705
1 0.215814 0.282468 0.025574 0.019481
1 0.223904 0.273655 0.027140 0.018553
1 0.171451 0.326067 0.029749 0.021336
1 0.161273 0.339054 0.028184 0.021336
1 0.151879 0.348794 0.026096 0.022263
1 0.107777 0.386827 0.032881 0.020408
1 0.283664 0.211039 0.023486 0.017625
2 0.296712 0.197124 0.018267 0.017625
1 0.306367 0.182282 0.021921 0.015770
1 0.314457 0.174861 0.017223 0.017625
1 0.326722 0.166512 0.016701 0.015770
1 0.328288 0.157236 0.014614 0.012059
1 0.332463 0.153989 0.017745 0.014842
1 0.565240 0.173006 0.016701 0.013915
1 0.585334 0.078850 0.010960 0.011132
1 0.383351 0.044527 0.014092 0.009276
1 0.391441 0.035250 0.011482 0.009276
1 0.388570 0.041744 0.009916 0.009276
1 0.398486 0.028757 0.010960 0.009276
1 0.396138 0.033395 0.008351 0.009276
