0 0.021750 0.524333 0.022500 0.028667
0 0.051500 0.513667 0.022000 0.028667
0 0.103000 0.495667 0.023000 0.027333
0 0.486500 0.353333 0.022000 0.021333
0 0.500750 0.346333 0.023500 0.020667
0 0.516000 0.344000 0.024000 0.021333
0 0.800500 0.497000 0.032000 0.030000
0 0.791250 0.511000 0.033500 0.031333
0 0.645000 0.969333 0.068000 0.061333
0 0.671000 0.943333 0.060000 0.064000
0 0.705750 0.921667 0.070500 0.063333
0 0.737750 0.907667 0.062500 0.060667
0 0.697250 0.783667 0.052500 0.039333
0 0.656250 0.694667 0.043500 0.042667
0 0.725500 0.757333 0.042000 0.030667
0 0.739000 0.623333 0.036000 0.030667
0 0.703500 0.592667 0.040000 0.034667
0 0.683250 0.580000 0.036500 0.032000
0 0.666000 0.563333 0.037000 0.029333
0 0.698250 0.540667 0.035500 0.034667
0 0.713000 0.557667 0.035000 0.030000
0 0.735500 0.569333 0.036000 0.033333
0 0.756250 0.583667 0.039500 0.038000
0 0.432000 0.780333 0.040000 0.048667
0 0.468000 0.765333 0.043000 0.050667
