1 0.617693 0.593692 0.027662 0.059369
1 0.649008 0.549165 0.038100 0.046382
1 0.681367 0.497681 0.037056 0.045455
7 0.598382 0.398887 0.008873 0.016698
1 0.663361 0.375232 0.030271 0.034323
1 0.685021 0.345083 0.033925 0.033395
1 0.298278 0.424861 0.033925 0.042672
1 0.244259 0.427180 0.037578 0.043599
1 0.229906 0.409091 0.038100 0.042672
1 0.209551 0.373377 0.031837 0.039889
1 0.199374 0.359462 0.033403 0.039889
1 0.194415 0.343692 0.030793 0.036178
1 0.184760 0.333952 0.033403 0.038961
2 0.171973 0.318646 0.032881 0.041744
7 0.151879 0.306586 0.014614 0.017625
1 0.149269 0.290816 0.034447 0.039889
1 0.132046 0.266234 0.032359 0.035250
1 0.064979 0.133117 0.027662 0.026902
1 0.008090 0.166976 0.016180 0.025974
7 0.025052 0.149814 0.010438 0.010204
