1 0.247139 0.658874 0.080830 0.205153
1 0.355866 0.685115 0.083691 0.225191
1 0.458512 0.762405 0.062947 0.196565
3 0.077969 0.571565 0.155937 0.293893
1 0.503219 0.073950 0.139485 0.119275
1 0.897353 0.236641 0.142346 0.108779
1 0.748212 0.327767 0.080114 0.189885
1 0.674893 0.300573 0.076538 0.188931
1 0.596924 0.265744 0.090844 0.197519
2 0.424535 0.225191 0.102289 0.185115
2 0.507511 0.260496 0.097997 0.211832
2 0.818670 0.381202 0.079399 0.180344
2 0.891989 0.419847 0.088698 0.190840
2 0.957797 0.426527 0.075823 0.192748
0 0.649142 0.074905 0.025036 0.065840
0 0.464235 0.498569 0.050072 0.035305
0 0.657010 0.574905 0.055079 0.027672
7 0.820458 0.573473 0.032904 0.059160
5 0.961373 0.551527 0.062947 0.074427
