1 0.082143 0.107868 0.011429 0.035533
1 0.077143 0.369924 0.012857 0.046954
1 0.133571 0.357234 0.012857 0.041878
1 0.110000 0.072335 0.011429 0.038071
1 0.111071 0.451142 0.015000 0.044416
2 0.110357 0.733503 0.023571 0.071066
1 0.110000 0.893401 0.015714 0.068528
2 0.337500 0.081853 0.020714 0.041878
1 0.453214 0.473350 0.016429 0.043147
1 0.465714 0.526015 0.021429 0.054569
1 0.587857 0.935914 0.028571 0.074873
1 0.537143 0.710025 0.024286 0.072335
1 0.564643 0.842640 0.027857 0.078680
1 0.497500 0.776015 0.025000 0.067259
2 0.520357 0.901015 0.023571 0.083756
3 0.537857 0.852157 0.051429 0.176396
3 0.484286 0.604061 0.034286 0.106599
2 0.473571 0.666244 0.025714 0.076142
7 0.080714 0.190990 0.007143 0.019036
0 0.258214 0.533629 0.009286 0.013959
