0 0.523929 0.748731 0.017857 0.048223
0 0.616071 0.720178 0.017857 0.057107
0 0.618214 0.378173 0.009286 0.020305
0 0.574286 0.430838 0.010000 0.021574
0 0.592500 0.449239 0.009286 0.022843
0 0.542143 0.533629 0.011429 0.021574
0 0.527857 0.336929 0.007143 0.011421
0 0.533214 0.303299 0.007857 0.015228
0 0.561429 0.302665 0.007143 0.016497
0 0.578571 0.228426 0.005714 0.010152
0 0.537857 0.267132 0.005714 0.011421
0 0.563214 0.149112 0.003571 0.008883
0 0.578929 0.145305 0.003571 0.006345
0 0.558214 0.092640 0.003571 0.005076
0 0.548929 0.209391 0.003571 0.007614
0 0.577143 0.256980 0.005714 0.013959
1 0.560000 0.185279 0.007143 0.022843
1 0.515000 0.416878 0.014286 0.062183
1 0.468571 0.732868 0.040000 0.148477
0 0.586786 0.536802 0.012143 0.025381
0 0.617857 0.550761 0.012857 0.030457
0 0.527857 0.497462 0.012857 0.025381
0 0.542143 0.204949 0.004286 0.011421
1 0.538929 0.227792 0.009286 0.029188
1 0.526071 0.276015 0.010714 0.029188
0 0.555000 0.165609 0.002857 0.008883
