1 0.325357 0.838198 0.040714 0.120558
1 0.488214 0.496827 0.023571 0.100254
1 0.506429 0.229061 0.022857 0.064721
1 0.434643 0.093274 0.023571 0.044416
1 0.818929 0.498096 0.030714 0.077411
1 0.857500 0.472081 0.032143 0.068528
1 0.879286 0.534898 0.040000 0.092640
1 0.900000 0.451777 0.045714 0.058376
1 0.854643 0.621827 0.037857 0.063452
1 0.680357 0.869289 0.026429 0.093909
1 0.638214 0.447970 0.027857 0.086294
1 0.630714 0.374365 0.024286 0.071066
2 0.621786 0.243655 0.020714 0.068528
1 0.072143 0.777919 0.047143 0.086294
1 0.292857 0.699239 0.037143 0.098985
1 0.194286 0.489848 0.044286 0.040609
3 0.263929 0.637690 0.037857 0.158629
3 0.358929 0.296954 0.052143 0.109137
1 0.096071 0.253807 0.019286 0.058376
1 0.074286 0.251904 0.022857 0.062183
1 0.212857 0.208122 0.027143 0.043147
1 0.041429 0.369924 0.034286 0.046954
1 0.068929 0.351523 0.030714 0.038071
1 0.090000 0.332487 0.032857 0.038071
6 0.201429 0.657995 0.071429 0.204315
1 0.901071 0.055838 0.019286 0.030457
1 0.947857 0.083756 0.021429 0.030457
1 0.965357 0.091371 0.022143 0.040609
1 0.980357 0.100254 0.019286 0.032995
1 0.969286 0.019670 0.021429 0.031726
1 0.938214 0.030457 0.022143 0.035533
1 0.982500 0.030457 0.019286 0.025381
1 0.970714 0.048858 0.018571 0.031726
1 0.920714 0.022843 0.018571 0.032995
1 0.795000 0.634518 0.054286 0.045685
1 0.833214 0.815990 0.059286 0.060914
1 0.691071 0.972081 0.027857 0.053299
