1 0.272857 0.658095 0.092857 0.064762
1 0.224643 0.651429 0.106429 0.070476
1 0.183571 0.642381 0.092857 0.065714
1 0.152857 0.629524 0.092857 0.066667
1 0.133929 0.617143 0.095000 0.064762
1 0.123571 0.601429 0.088571 0.063810
1 0.110357 0.588095 0.089286 0.061905
1 0.038929 0.526190 0.076429 0.044762
1 0.026786 0.514286 0.053571 0.036190
1 0.020000 0.504762 0.040000 0.032381
0 0.571786 0.473333 0.022143 0.015238
0 0.609286 0.428571 0.017143 0.013333
0 0.839286 0.461905 0.011429 0.017143
0 0.838571 0.307619 0.005714 0.007619
1 0.829643 0.383810 0.012143 0.024762
0 0.611071 0.890952 0.035000 0.065714
