1 0.630000 0.606667 0.087143 0.120000
1 0.652500 0.471429 0.049286 0.066667
1 0.359643 0.462857 0.103571 0.072381
1 0.397857 0.411429 0.104286 0.051429
1 0.297143 0.428571 0.110000 0.053333
1 0.674643 0.373810 0.035000 0.040952
1 0.496429 0.315238 0.057143 0.028571
1 0.368571 0.318095 0.044286 0.022857
1 0.596786 0.300000 0.027857 0.022857
1 0.614643 0.289524 0.029286 0.024762
1 0.636786 0.280000 0.027857 0.026667
1 0.662143 0.272381 0.028571 0.020952
1 0.706071 0.295714 0.036429 0.023810
1 0.840357 0.262381 0.033571 0.014286
