1 0.477035 0.011132 0.005219 0.009276
1 0.483559 0.029685 0.006785 0.014842
3 0.481211 0.050557 0.008351 0.019481
3 0.510177 0.095547 0.016180 0.051948
1 0.508612 0.147495 0.009916 0.016698
1 0.454593 0.275046 0.015658 0.032468
1 0.448591 0.314007 0.018267 0.032468
1 0.447025 0.406772 0.020355 0.049165
2 0.540710 0.446197 0.021921 0.050093
1 0.550104 0.519017 0.022965 0.049165
1 0.437370 0.483766 0.020877 0.043599
2 0.432411 0.585343 0.022443 0.072356
1 0.423800 0.643785 0.024008 0.061224
1 0.559499 0.692022 0.028184 0.072356
1 0.422756 0.730056 0.027140 0.083488
5 0.406576 0.829777 0.022965 0.069573
5 0.557411 0.562616 0.016701 0.047310
5 0.447025 0.518553 0.019311 0.038961
5 0.467902 0.497217 0.017223 0.046382
7 0.377610 0.478200 0.016180 0.019481
7 0.510699 0.509740 0.007829 0.028757
7 0.522704 0.507421 0.008873 0.029685
7 0.411273 0.305659 0.007307 0.017625
7 0.416493 0.294527 0.011482 0.012059
7 0.409447 0.289889 0.007829 0.017625
7 0.514875 0.307514 0.004697 0.019481
7 0.498173 0.018089 0.002610 0.006494
7 0.500000 0.014842 0.003132 0.005566
7 0.495303 0.050093 0.003132 0.005566
7 0.472860 0.035250 0.003132 0.007421
7 0.469468 0.013915 0.002610 0.005566
7 0.478079 0.142857 0.004175 0.009276
7 0.509395 0.215213 0.006263 0.018553
7 0.413622 0.259740 0.006785 0.012987
4 0.452505 0.244898 0.011482 0.014842
7 0.456681 0.253711 0.008351 0.013915
7 0.450157 0.254174 0.008873 0.016698
5 0.462683 0.214286 0.008873 0.025974
5 0.458768 0.177180 0.007307 0.020408
2 0.425104 0.220315 0.016180 0.043599
2 0.461900 0.150278 0.009395 0.020408
0 0.466336 0.090445 0.003653 0.010204
2 0.656054 0.070965 0.021921 0.021336
1 0.670407 0.096475 0.018267 0.014842
1 0.667797 0.092764 0.016180 0.016698
1 0.821242 0.302412 0.028706 0.037106
1 0.780532 0.375232 0.022443 0.039889
1 0.863779 0.352968 0.029228 0.038033
1 0.839770 0.355288 0.027140 0.037106
1 0.818633 0.355288 0.021399 0.035250
1 0.858559 0.523655 0.040710 0.043599
1 0.898225 0.605751 0.050104 0.040816
1 0.962683 0.492579 0.045407 0.037106
1 0.883090 0.577922 0.054280 0.046382
1 0.956681 0.717532 0.073069 0.052876
1 0.977296 0.769481 0.044363 0.049165
