6 0.058214 0.671320 0.115000 0.192893
6 0.253571 0.530457 0.137143 0.144670
6 0.425714 0.413071 0.105714 0.115482
6 0.565357 0.340736 0.125000 0.145939
6 0.641786 0.253807 0.099286 0.109137
6 0.781786 0.173223 0.067857 0.087563
1 0.547500 0.439086 0.055000 0.060914
2 0.751071 0.263325 0.036429 0.049492
1 0.736429 0.218909 0.031429 0.034264
1 0.702500 0.236675 0.032143 0.036802
2 0.126786 0.258249 0.020714 0.046954
1 0.122857 0.301396 0.022857 0.049492
1 0.108929 0.142766 0.027857 0.034264
2 0.125714 0.166244 0.020000 0.045685
2 0.131429 0.203680 0.018571 0.052030
3 0.063571 0.060914 0.024286 0.043147
3 0.047143 0.031091 0.027143 0.036802
1 0.083929 0.086294 0.036429 0.027919
