1 0.020000 0.065355 0.028571 0.021574
1 0.113214 0.042513 0.040714 0.041878
1 0.160714 0.039340 0.051429 0.025381
1 0.324286 0.044416 0.045714 0.035533
0 0.363571 0.071701 0.015714 0.019036
0 0.382857 0.108503 0.011429 0.024112
0 0.407143 0.128173 0.007143 0.022843
0 0.394643 0.206218 0.007857 0.026650
0 0.407143 0.263959 0.010000 0.027919
0 0.432857 0.491751 0.011429 0.036802
0 0.429286 0.586929 0.011429 0.041878
1 0.462143 0.602792 0.024286 0.121827
0 0.433214 0.971447 0.022143 0.054569
1 0.544286 0.484772 0.024286 0.098985
1 0.635357 0.576142 0.067857 0.043147
1 0.529286 0.651650 0.024286 0.118020
1 0.661786 0.788071 0.035000 0.137056
1 0.576071 0.726523 0.043571 0.064721
1 0.573571 0.766497 0.045714 0.068528
1 0.590357 0.788071 0.046429 0.068528
1 0.585714 0.833122 0.052857 0.079949
1 0.592500 0.912437 0.065000 0.101523
1 0.681071 0.989213 0.059286 0.019036
1 0.709286 0.952411 0.085714 0.067259
1 0.705000 0.914340 0.085714 0.059645
2 0.827500 0.723985 0.052143 0.046954
0 0.713929 0.661168 0.027857 0.025381
0 0.718214 0.686548 0.026429 0.022843
0 0.807500 0.650381 0.029286 0.024112
