0 0.026429 0.830584 0.037143 0.095178
0 0.044286 0.044416 0.035714 0.035533
0 0.052857 0.028553 0.034286 0.036802
0 0.351786 0.958756 0.043571 0.079949
0 0.323214 0.964467 0.039286 0.068528
0 0.422857 0.964467 0.044286 0.068528
0 0.397500 0.983503 0.030714 0.030457
0 0.293571 0.981599 0.031429 0.034264
0 0.371429 0.920685 0.041429 0.105330
2 0.442143 0.925127 0.072857 0.147208
0 0.408929 0.788706 0.053571 0.077411
0 0.434286 0.810279 0.041429 0.062183
1 0.393571 0.678299 0.132857 0.184010
0 0.431429 0.712563 0.052857 0.079949
0 0.456786 0.735406 0.053571 0.077411
0 0.474643 0.767132 0.047857 0.072335
0 0.415714 0.597081 0.042857 0.069797
0 0.795714 0.932107 0.054286 0.074873
0 0.923929 0.776650 0.045000 0.063452
1 0.665357 0.567893 0.106429 0.204315
1 0.617857 0.566624 0.067143 0.135787
2 0.566071 0.625000 0.055000 0.123096
1 0.536429 0.471447 0.090000 0.189086
1 0.471786 0.364213 0.047857 0.109137
1 0.338214 0.034898 0.039286 0.069797
0 0.177857 0.028553 0.030000 0.052030
0 0.197500 0.035533 0.026429 0.045685
0 0.520000 0.310914 0.034286 0.060914
0 0.475714 0.230330 0.032857 0.057107
0 0.553929 0.371193 0.036429 0.069797
0 0.593571 0.446701 0.038571 0.073604
0 0.475357 0.283629 0.032143 0.062183
0 0.503929 0.352157 0.036429 0.067259
0 0.559286 0.456853 0.035714 0.073604
0 0.341786 0.100254 0.026429 0.053299
0 0.366786 0.140228 0.029286 0.052030
0 0.389643 0.187817 0.029286 0.058376
2 0.416429 0.239213 0.035714 0.087563
0 0.481071 0.462563 0.032143 0.074873
0 0.513571 0.537437 0.037143 0.074873
0 0.011429 0.072335 0.022857 0.032995
