1 0.134134 0.565399 0.033403 0.084416
1 0.158925 0.519481 0.036013 0.072356
1 0.178758 0.453154 0.041232 0.071429
7 0.059238 0.120594 0.018267 0.031540
7 0.062630 0.164657 0.024008 0.028757
2 0.019833 0.259740 0.039666 0.076067
5 0.043580 0.324212 0.028706 0.051020
5 0.072286 0.262523 0.026618 0.053803
7 0.028445 0.370130 0.016180 0.029685
4 0.152662 0.405380 0.021399 0.038961
3 0.026618 0.845547 0.040710 0.102968
3 0.350731 0.633117 0.059499 0.123377
4 0.279489 0.212894 0.029749 0.049165
7 0.873434 0.078386 0.026618 0.021336
1 0.800365 0.266698 0.028706 0.089981
1 0.775574 0.326531 0.030271 0.079777
3 0.729645 0.726345 0.045929 0.100186
7 0.362996 0.918367 0.016180 0.035250
