2 0.272500 0.936667 0.053571 0.124762
2 0.415357 0.937619 0.049286 0.122857
2 0.276429 0.773333 0.054286 0.112381
1 0.331429 0.720000 0.054286 0.133333
1 0.302500 0.570952 0.047857 0.113333
1 0.259286 0.505714 0.050000 0.121905
1 0.314643 0.435238 0.042143 0.110476
1 0.328571 0.315714 0.054286 0.107619
1 0.341429 0.213333 0.041429 0.095238
1 0.442857 0.109524 0.035714 0.099048
3 0.237857 0.168095 0.077143 0.120952
1 0.545357 0.250476 0.036429 0.093333
1 0.778571 0.221429 0.041429 0.098095
1 0.693929 0.867143 0.046429 0.134286
5 0.962857 0.395238 0.068571 0.043810
