0 0.486429 0.297143 0.027143 0.041905
0 0.548929 0.031429 0.017857 0.019048
2 0.528214 0.010000 0.016429 0.020000
0 0.611429 0.117619 0.022857 0.023810
0 0.691071 0.126190 0.029286 0.020000
0 0.702500 0.140952 0.029286 0.019048
0 0.796786 0.172381 0.032143 0.032381
0 0.772857 0.145714 0.027143 0.026667
0 0.733571 0.106190 0.024286 0.023810
0 0.638929 0.439048 0.040714 0.066667
0 0.720357 0.571429 0.037857 0.080000
0 0.687500 0.459048 0.037857 0.068571
0 0.740357 0.416667 0.043571 0.050476
0 0.747857 0.302381 0.034286 0.035238
0 0.886786 0.270952 0.036429 0.035238
0 0.924643 0.307143 0.043571 0.040952
0 0.874286 0.329048 0.045714 0.029524
0 0.810714 0.269048 0.040000 0.027619
0 0.846429 0.302381 0.045714 0.027619
0 0.785357 0.233810 0.037857 0.021905
0 0.766429 0.209524 0.038571 0.026667
0 0.935357 0.398571 0.052143 0.031429
0 0.851786 0.549524 0.063571 0.057143
