2 0.944286 0.830000 0.104286 0.100000
0 0.742143 0.695714 0.035714 0.031429
0 0.678214 0.610952 0.017857 0.014286
0 0.678214 0.574762 0.010714 0.010476
0 0.653929 0.565238 0.009286 0.010476
0 0.640000 0.541905 0.005714 0.005714
0 0.626786 0.525714 0.003571 0.003810
0 0.637857 0.530000 0.005714 0.004762
0 0.632857 0.523333 0.002857 0.004762
0 0.616786 0.511429 0.002143 0.001905
0 0.653929 0.523810 0.007857 0.003810
0 0.647500 0.522381 0.006429 0.004762
0 0.679643 0.545714 0.006429 0.007619
0 0.362143 0.831429 0.064286 0.078095
0 0.539643 0.628095 0.019286 0.023810
0 0.567857 0.559048 0.008571 0.009524
0 0.556429 0.552857 0.008571 0.008571
0 0.450357 0.573810 0.020714 0.012381
0 0.470357 0.560476 0.007857 0.008571
0 0.491071 0.566667 0.017857 0.009524
0 0.498214 0.563810 0.015000 0.009524
0 0.501429 0.562381 0.015714 0.008571
0 0.514286 0.565714 0.011429 0.009524
0 0.518214 0.562381 0.010714 0.008571
0 0.521071 0.559524 0.009286 0.006667
2 0.525714 0.554762 0.008571 0.008571
0 0.534643 0.553810 0.006429 0.008571
0 0.477857 0.553810 0.010000 0.008571
0 0.487857 0.556190 0.010000 0.009524
0 0.525714 0.547143 0.014286 0.006667
0 0.525714 0.543810 0.014286 0.007619
0 0.545714 0.545238 0.005714 0.006667
0 0.553214 0.538571 0.007857 0.006667
0 0.576786 0.531429 0.005000 0.005714
0 0.582500 0.535238 0.005000 0.005714
0 0.598571 0.519524 0.002857 0.004762
0 0.592500 0.520952 0.002143 0.003810
0 0.588571 0.518095 0.002857 0.001905
0 0.593571 0.517619 0.002857 0.002857
0 0.593929 0.515238 0.002143 0.001905
0 0.595714 0.514286 0.002857 0.001905
0 0.598929 0.516667 0.003571 0.002857
0 0.599643 0.513333 0.002143 0.001905
0 0.604643 0.512857 0.002143 0.002857
