2 0.008571 0.774112 0.017143 0.022843
2 0.141429 0.697335 0.014286 0.049492
0 0.398214 0.046954 0.002143 0.005076
1 0.405714 0.039340 0.002857 0.010152
1 0.398571 0.076777 0.008571 0.006345
1 0.403929 0.081218 0.010714 0.012690
0 0.387143 0.081218 0.007143 0.005076
0 0.391786 0.081218 0.005000 0.005076
1 0.406786 0.102792 0.005000 0.015228
1 0.403929 0.145939 0.005000 0.017766
1 0.402500 0.131980 0.005000 0.017766
1 0.418571 0.157360 0.008571 0.017766
1 0.480357 0.255711 0.015000 0.029188
1 0.398214 0.151015 0.006429 0.017766
1 0.399286 0.159898 0.005714 0.012690
1 0.397857 0.096447 0.002857 0.010152
0 0.398214 0.101523 0.002143 0.005076
0 0.403571 0.100888 0.002857 0.003807
0 0.408214 0.112310 0.003571 0.006345
0 0.405714 0.122462 0.002857 0.006345
0 0.406429 0.128173 0.002857 0.005076
0 0.391786 0.119924 0.002143 0.006345
0 0.392857 0.124365 0.002857 0.005076
1 0.394286 0.159898 0.004286 0.010152
0 0.410714 0.175127 0.004286 0.007614
0 0.395357 0.166878 0.003571 0.006345
0 0.397500 0.171320 0.003571 0.007614
0 0.399286 0.175761 0.004286 0.006345
0 0.401786 0.179569 0.003571 0.006345
0 0.404286 0.183376 0.004286 0.006345
0 0.407500 0.189086 0.003571 0.005076
0 0.427500 0.199239 0.005000 0.007614
0 0.438571 0.213198 0.005714 0.007614
0 0.448929 0.223985 0.006429 0.008883
0 0.461071 0.256345 0.006429 0.007614
0 0.474643 0.274112 0.006429 0.007614
1 0.381429 0.145305 0.004286 0.008883
1 0.370000 0.176396 0.004286 0.015228
1 0.374643 0.185914 0.007857 0.019036
1 0.369286 0.199873 0.007143 0.019036
1 0.373214 0.210660 0.006429 0.015228
1 0.367857 0.216371 0.008571 0.019036
1 0.360714 0.210660 0.004286 0.007614
1 0.359286 0.234772 0.008571 0.015228
1 0.366429 0.233503 0.007143 0.015228
1 0.384286 0.241751 0.018571 0.016497
1 0.384286 0.234772 0.020000 0.017766
1 0.385714 0.232868 0.017143 0.016497
1 0.389643 0.230964 0.012143 0.015228
1 0.387143 0.223350 0.020000 0.017766
1 0.386786 0.218909 0.019286 0.016497
1 0.385357 0.217005 0.019286 0.020305
1 0.388571 0.213832 0.017143 0.019036
1 0.390000 0.211929 0.020000 0.022843
1 0.323214 0.281726 0.016429 0.022843
1 0.364643 0.342640 0.016429 0.017766
1 0.326786 0.373096 0.020714 0.020305
2 0.381786 0.350888 0.017857 0.019036
0 0.226429 0.421954 0.012857 0.011421
0 0.226786 0.439086 0.012143 0.012690
0 0.167857 0.482868 0.008571 0.013959
0 0.190714 0.475254 0.008571 0.016497
0 0.198214 0.473985 0.006429 0.013959
0 0.251786 0.457487 0.010714 0.011421
2 0.251071 0.469543 0.023571 0.020305
2 0.288571 0.460025 0.034286 0.024112
0 0.311429 0.393401 0.011429 0.010152
0 0.331786 0.447970 0.013571 0.010152
0 0.460357 0.444162 0.012143 0.010152
1 0.510000 0.443528 0.031429 0.021574
1 0.519286 0.437183 0.021429 0.019036
1 0.575714 0.425127 0.020000 0.035533
0 0.583571 0.418147 0.010000 0.011421
0 0.622143 0.409898 0.011429 0.010152
0 0.603929 0.392132 0.012143 0.010152
0 0.568214 0.376904 0.010714 0.012690
1 0.551429 0.366751 0.014286 0.022843
2 0.559643 0.339467 0.017857 0.016497
1 0.554643 0.274746 0.016429 0.011421
0 0.558929 0.310914 0.009286 0.007614
0 0.607500 0.330584 0.010714 0.008883
0 0.652857 0.308376 0.011429 0.007614
0 0.656429 0.301396 0.010000 0.008883
1 0.675000 0.325508 0.025714 0.021574
1 0.700357 0.318528 0.025000 0.020305
1 0.690714 0.263959 0.024286 0.020305
1 0.760714 0.307107 0.027143 0.017766
0 0.644643 0.292513 0.010714 0.008883
0 0.859643 0.241751 0.009286 0.008883
0 0.856786 0.307107 0.009286 0.005076
0 0.861429 0.309010 0.007143 0.008883
0 0.868571 0.312183 0.007143 0.007614
0 0.938214 0.354695 0.009286 0.006345
0 0.932143 0.350254 0.007143 0.007614
0 0.957857 0.386421 0.011429 0.008883
0 0.941786 0.373096 0.007857 0.012690
0 0.846071 0.487944 0.013571 0.011421
0 0.913571 0.464467 0.014286 0.015228
0 0.921429 0.463198 0.018571 0.017766
0 0.872143 0.918147 0.021429 0.024112
0 0.973571 0.839467 0.024286 0.026650
0 0.941071 0.842640 0.020714 0.030457
