1 0.227143 0.387690 0.068571 0.057107
1 0.240357 0.335660 0.070714 0.057107
1 0.268571 0.238579 0.060000 0.050761
1 0.281786 0.193528 0.057857 0.049492
1 0.288571 0.154822 0.060000 0.050761
1 0.301786 0.107868 0.059286 0.045685
1 0.336786 0.050761 0.027857 0.083756
2 0.253214 0.278553 0.067857 0.059645
7 0.073571 0.362310 0.035714 0.034264
7 0.092857 0.312817 0.035714 0.024112
7 0.097857 0.286168 0.041429 0.024112
7 0.110357 0.263959 0.035000 0.030457
7 0.116429 0.240482 0.031429 0.029188
7 0.130357 0.208122 0.030714 0.025381
7 0.141429 0.171320 0.031429 0.030457
7 0.162857 0.100254 0.034286 0.027919
7 0.168929 0.074873 0.029286 0.025381
1 0.011429 0.643401 0.022857 0.139594
