0 0.022143 0.328571 0.042857 0.045714
0 0.015357 0.276190 0.029286 0.036190
0 0.118214 0.312381 0.057857 0.040000
0 0.105714 0.253333 0.038571 0.028571
0 0.119643 0.554762 0.056429 0.090476
0 0.438214 0.947143 0.093571 0.105714
0 0.285000 0.693810 0.091429 0.119048
0 0.313571 0.522857 0.100000 0.059048
0 0.559643 0.458095 0.045000 0.066667
0 0.163214 0.474286 0.072143 0.062857
0 0.192143 0.415714 0.061429 0.054286
0 0.159643 0.396190 0.070714 0.068571
0 0.194643 0.173810 0.023571 0.021905
0 0.135357 0.171905 0.035000 0.016190
0 0.141429 0.166190 0.030000 0.016190
0 0.145000 0.165238 0.027143 0.018095
0 0.149286 0.163810 0.025714 0.017143
0 0.177857 0.150476 0.027143 0.015238
0 0.186071 0.142857 0.026429 0.013333
0 0.196786 0.137143 0.020714 0.013333
0 0.200000 0.131905 0.020000 0.010476
0 0.214643 0.216190 0.033571 0.019048
0 0.231071 0.205714 0.036429 0.019048
0 0.233214 0.193810 0.029286 0.018095
0 0.239643 0.182857 0.029286 0.019048
0 0.205357 0.345238 0.055000 0.040952
0 0.239286 0.346667 0.055714 0.043810
0 0.247857 0.372381 0.055714 0.041905
0 0.264286 0.393333 0.058571 0.060952
0 0.298929 0.307143 0.046429 0.037143
0 0.297857 0.334762 0.048571 0.039048
0 0.326071 0.347619 0.045000 0.043810
0 0.322500 0.258095 0.053571 0.032381
0 0.480357 0.315714 0.040714 0.039048
0 0.410714 0.278095 0.035714 0.030476
0 0.429643 0.254286 0.029286 0.028571
0 0.419643 0.224762 0.029286 0.030476
0 0.466786 0.200000 0.025000 0.022857
0 0.477500 0.221905 0.022143 0.026667
0 0.497500 0.207143 0.022143 0.023810
0 0.511429 0.195714 0.020000 0.018095
0 0.522500 0.186667 0.019286 0.019048
1 0.490357 0.157143 0.039286 0.038095
0 0.518929 0.160000 0.017857 0.015238
0 0.533571 0.176667 0.015714 0.010476
0 0.545357 0.170476 0.013571 0.013333
0 0.551071 0.161905 0.015000 0.013333
0 0.567143 0.137143 0.011429 0.015238
0 0.580000 0.141429 0.017143 0.014286
0 0.588571 0.130952 0.010000 0.012381
0 0.571429 0.125238 0.012857 0.014286
0 0.577500 0.131905 0.012143 0.018095
0 0.514286 0.109524 0.014286 0.015238
0 0.515000 0.124762 0.015714 0.017143
0 0.570357 0.097619 0.009286 0.012381
0 0.609286 0.090952 0.010000 0.012381
0 0.625714 0.095238 0.010000 0.009524
0 0.635000 0.080000 0.007143 0.007619
0 0.648214 0.079048 0.007857 0.009524
0 0.661786 0.092381 0.009286 0.011429
0 0.647143 0.100952 0.007143 0.007619
0 0.665000 0.078571 0.008571 0.008571
0 0.676786 0.068095 0.006429 0.008571
0 0.683571 0.068571 0.007143 0.007619
0 0.689643 0.056667 0.005000 0.004762
0 0.526071 0.105714 0.009286 0.009524
0 0.533571 0.103810 0.014286 0.013333
0 0.559286 0.131429 0.011429 0.013333
0 0.663929 0.195714 0.016429 0.014286
0 0.671429 0.179048 0.012857 0.019048
0 0.688214 0.166190 0.023571 0.018095
0 0.678929 0.155238 0.013571 0.013333
0 0.680000 0.148095 0.008571 0.010476
0 0.686071 0.140476 0.009286 0.012381
0 0.694286 0.688095 0.120000 0.092381
0 0.694286 0.602857 0.111429 0.066667
0 0.697857 0.535714 0.094286 0.067619
0 0.695000 0.478571 0.080000 0.048571
0 0.685000 0.420000 0.078571 0.045714
0 0.769286 0.464286 0.042857 0.096190
0 0.825357 0.712381 0.073571 0.139048
0 0.855714 0.892857 0.115714 0.214286
0 0.908929 0.767143 0.093571 0.149524
0 0.966071 0.767143 0.066429 0.168571
0 0.845000 0.450476 0.045714 0.051429
0 0.821786 0.362857 0.030714 0.041905
0 0.846071 0.329048 0.037857 0.050476
0 0.823571 0.280952 0.028571 0.030476
0 0.813214 0.325714 0.029286 0.036190
0 0.803571 0.305714 0.022857 0.026667
0 0.799643 0.284762 0.027857 0.032381
0 0.792143 0.258095 0.022857 0.026667
0 0.788571 0.240952 0.017143 0.020952
0 0.785714 0.207143 0.014286 0.016190
0 0.784643 0.196190 0.013571 0.015238
0 0.782143 0.184286 0.014286 0.014286
0 0.780357 0.173810 0.010714 0.016190
0 0.793214 0.146190 0.010714 0.012381
0 0.777857 0.153333 0.014286 0.017143
0 0.779643 0.145238 0.010714 0.012381
0 0.752857 0.163333 0.031429 0.018095
0 0.756429 0.151905 0.021429 0.014286
0 0.739286 0.150952 0.017143 0.021905
0 0.765357 0.144286 0.015000 0.014286
0 0.813571 0.155238 0.025714 0.017143
0 0.818571 0.166190 0.030000 0.016190
0 0.828571 0.176667 0.034286 0.016190
0 0.834286 0.192381 0.038571 0.022857
0 0.838571 0.220000 0.022857 0.024762
0 0.857143 0.233333 0.052857 0.019048
0 0.860357 0.240476 0.046429 0.020000
0 0.865000 0.246667 0.044286 0.017143
0 0.871429 0.254286 0.045714 0.024762
0 0.882500 0.270952 0.049286 0.029524
0 0.890714 0.283810 0.047143 0.019048
0 0.890357 0.295238 0.060714 0.026667
0 0.896429 0.310476 0.061429 0.026667
0 0.906429 0.328571 0.068571 0.028571
0 0.912500 0.350952 0.069286 0.029524
0 0.920357 0.369048 0.079286 0.039048
0 0.944643 0.386190 0.082143 0.039048
0 0.957500 0.411429 0.070714 0.038095
0 0.972143 0.435238 0.055714 0.036190
0 0.965000 0.460952 0.070000 0.038095
0 0.972857 0.488571 0.054286 0.040000
0 0.693571 0.396190 0.081429 0.057143
0 0.728214 0.345714 0.065000 0.045714
0 0.714286 0.320952 0.060000 0.034286
0 0.715000 0.291429 0.054286 0.030476
0 0.710714 0.280952 0.041429 0.032381
0 0.717500 0.268571 0.043571 0.028571
0 0.723214 0.257143 0.043571 0.028571
0 0.717857 0.238571 0.042857 0.027619
0 0.715000 0.220476 0.045714 0.027619
0 0.716786 0.215714 0.045000 0.027619
0 0.724286 0.192857 0.054286 0.035238
0 0.705357 0.127143 0.013571 0.014286
0 0.976429 0.520952 0.047143 0.047619
