1 0.476429 0.153553 0.031429 0.025381
1 0.380714 0.322335 0.038571 0.027919
2 0.150714 0.326777 0.040000 0.031726
2 0.506786 0.043782 0.022143 0.041878
7 0.152500 0.730330 0.016429 0.011421
1 0.539286 0.084391 0.022857 0.039340
1 0.512857 0.481599 0.038571 0.031726
2 0.625357 0.322335 0.035000 0.038071
2 0.576071 0.123096 0.017857 0.038071
1 0.561071 0.109137 0.026429 0.040609
1 0.555000 0.151015 0.024286 0.030457
1 0.624286 0.125000 0.012857 0.044416
1 0.532143 0.027284 0.015714 0.031726
1 0.508929 0.006345 0.012143 0.012690
2 0.898929 0.435914 0.039286 0.031726
1 0.843214 0.510787 0.040714 0.026650
1 0.751429 0.486675 0.030000 0.031726
2 0.733571 0.347081 0.041429 0.029188
2 0.931429 0.314721 0.050000 0.032995
