1 0.350000 0.896574 0.020000 0.067259
6 0.332143 0.826777 0.042857 0.171320
2 0.366071 0.731599 0.020714 0.067259
1 0.390357 0.697970 0.017857 0.053299
6 0.410357 0.712563 0.037857 0.166244
1 0.357857 0.571701 0.017143 0.054569
1 0.380714 0.548858 0.018571 0.067259
1 0.308214 0.532360 0.030714 0.059645
1 0.419286 0.309645 0.017143 0.063452
1 0.461786 0.218274 0.016429 0.053299
7 0.482857 0.214467 0.008571 0.032995
7 0.495000 0.215102 0.008571 0.031726
7 0.490714 0.253173 0.008571 0.034264
7 0.498571 0.255711 0.008571 0.034264
