0 0.352500 0.232381 0.013571 0.040000
0 0.539286 0.015714 0.031429 0.020000
0 0.540000 0.037143 0.028571 0.019048
0 0.538571 0.183810 0.031429 0.019048
2 0.540714 0.226667 0.040000 0.026667
0 0.539286 0.096190 0.027143 0.019048
2 0.616429 0.035714 0.025714 0.021905
0 0.616786 0.094286 0.025000 0.019048
0 0.616071 0.115238 0.030714 0.020952
0 0.617500 0.137619 0.030714 0.020000
0 0.617500 0.159048 0.029286 0.019048
0 0.616429 0.329524 0.030000 0.019048
0 0.617500 0.367619 0.029286 0.019048
0 0.620714 0.480000 0.028571 0.015238
0 0.628571 0.914286 0.028571 0.022857
0 0.629643 0.841905 0.030714 0.020952
2 0.549286 0.846667 0.040000 0.028571
2 0.507857 0.851905 0.041429 0.027619
2 0.506071 0.815238 0.042143 0.028571
2 0.625714 0.773810 0.044286 0.021905
2 0.506071 0.776190 0.042143 0.022857
2 0.504286 0.711905 0.041429 0.021905
2 0.630714 0.698571 0.042857 0.021905
2 0.631429 0.591905 0.041429 0.021905
0 0.500714 0.680476 0.031429 0.016190
0 0.543929 0.368095 0.030714 0.018095
2 0.500000 0.412381 0.041429 0.020952
0 0.871071 0.037619 0.029286 0.020000
0 0.943929 0.036667 0.029286 0.021905
0 0.925000 0.528571 0.025714 0.030476
0 0.907857 0.648095 0.028571 0.033333
