0 0.581429 0.777143 0.038571 0.083810
0 0.502143 0.681429 0.030000 0.092381
0 0.547500 0.521905 0.022143 0.040000
0 0.289643 0.720476 0.049286 0.088571
0 0.316071 0.651905 0.042143 0.071429
0 0.522857 0.140000 0.005714 0.007619
0 0.529643 0.140000 0.005000 0.005714
0 0.530714 0.150952 0.004286 0.006667
0 0.522857 0.153333 0.005714 0.005714
0 0.526786 0.189524 0.006429 0.005714
0 0.526786 0.199524 0.006429 0.006667
0 0.533571 0.208095 0.007143 0.008571
0 0.527857 0.214762 0.007143 0.006667
0 0.542500 0.218571 0.007857 0.010476
0 0.544643 0.230000 0.009286 0.006667
0 0.532500 0.249524 0.007857 0.009524
0 0.499286 0.245714 0.011429 0.011429
0 0.511786 0.252381 0.010714 0.015238
0 0.534643 0.284286 0.012143 0.014286
0 0.510714 0.282857 0.011429 0.013333
0 0.528214 0.124286 0.005000 0.006667
0 0.463214 0.116190 0.007857 0.007619
0 0.510000 0.484286 0.020000 0.046667
0 0.339286 0.586190 0.035714 0.058095
0 0.360000 0.539524 0.027143 0.046667
0 0.692857 0.519048 0.025714 0.041905
1 0.728214 0.200000 0.016429 0.017143
0 0.584286 0.485714 0.024286 0.034286
