1 0.405000 0.898667 0.050000 0.126667
1 0.428250 0.725667 0.037500 0.075333
1 0.438250 0.657667 0.029500 0.055333
1 0.456750 0.565333 0.023500 0.040000
1 0.157750 0.893000 0.102500 0.063333
1 0.667250 0.428667 0.031500 0.014667
1 0.630000 0.421667 0.022000 0.015333
1 0.445750 0.610333 0.027500 0.046000
1 0.728250 0.435000 0.028500 0.014000
1 0.687250 0.394000 0.014500 0.013333
1 0.741000 0.392667 0.021000 0.010667
1 0.728500 0.382000 0.024000 0.010667
1 0.784000 0.385333 0.024000 0.012000
3 0.826250 0.403000 0.043500 0.022000
1 0.830250 0.391667 0.021500 0.015333
1 0.442500 0.431667 0.029000 0.014000
1 0.435500 0.426667 0.029000 0.014667
1 0.393750 0.411667 0.026500 0.015333
3 0.365250 0.439333 0.033500 0.020000
1 0.347250 0.435000 0.030500 0.015333
1 0.247750 0.458000 0.030500 0.017333
1 0.202000 0.457667 0.030000 0.016667
2 0.139250 0.413333 0.036500 0.018667
1 0.163250 0.421333 0.029500 0.014667
1 0.094500 0.417000 0.031000 0.015333
7 0.365500 0.468333 0.010000 0.010000
1 0.241250 0.414333 0.030500 0.014000
1 0.256250 0.410000 0.025500 0.012000
1 0.900500 0.449667 0.039000 0.019333
0 0.484500 0.394000 0.006000 0.008000
0 0.498250 0.404667 0.008500 0.008000
7 0.493000 0.402333 0.003000 0.008667
1 0.491500 0.384333 0.010000 0.012667
1 0.493250 0.365000 0.007500 0.010000
1 0.494750 0.345333 0.006500 0.008000
1 0.495500 0.336333 0.006000 0.007333
1 0.503500 0.312667 0.006000 0.005333
1 0.497750 0.312000 0.004500 0.005333
1 0.496250 0.319333 0.005500 0.005333
1 0.496500 0.321000 0.006000 0.004667
1 0.497250 0.323333 0.006500 0.005333
1 0.496250 0.326333 0.005500 0.006000
1 0.576000 0.352667 0.008000 0.009333
1 0.564000 0.349333 0.012000 0.008000
