0 0.128392 0.862709 0.030271 0.042672
0 0.028706 0.667904 0.039666 0.024119
0 0.065240 0.630798 0.035491 0.025974
2 0.115084 0.594156 0.024530 0.047310
0 0.110647 0.508349 0.028184 0.018553
0 0.114562 0.504638 0.025574 0.020408
2 0.211378 0.478200 0.024008 0.049165
2 0.220251 0.442950 0.011482 0.021336
2 0.174582 0.406308 0.067328 0.025974
2 0.207724 0.384972 0.024008 0.033395
2 0.236169 0.393321 0.020355 0.035250
2 0.242693 0.372449 0.017745 0.036178
0 0.193894 0.355751 0.008873 0.012059
2 0.254958 0.266234 0.009916 0.016698
0 0.247651 0.268089 0.007829 0.007421
0 0.249217 0.264378 0.006785 0.007421
2 0.275574 0.250000 0.008351 0.019481
0 0.320198 0.430891 0.014092 0.017625
0 0.313935 0.375696 0.007829 0.014842
0 0.313152 0.352968 0.007307 0.012059
2 0.314979 0.325603 0.009916 0.029685
2 0.315501 0.300557 0.009916 0.020408
2 0.318894 0.283859 0.006263 0.014842
2 0.310543 0.264842 0.008351 0.017625
0 0.313674 0.238868 0.006263 0.006494
0 0.302192 0.284787 0.004175 0.009276
2 0.316284 0.214286 0.003132 0.007421
2 0.553497 0.915121 0.051670 0.089981
2 0.646138 0.913265 0.104384 0.171614
0 0.728601 0.870594 0.049061 0.039889
2 0.610647 0.695269 0.041754 0.039889
0 0.611691 0.665584 0.029228 0.026902
0 0.499739 0.773655 0.044363 0.035250
2 0.484864 0.713822 0.037578 0.045455
2 0.449113 0.625696 0.033925 0.043599
0 0.429019 0.557514 0.024008 0.025974
0 0.403706 0.471243 0.018267 0.018553
0 0.491388 0.471707 0.019311 0.015770
0 0.438935 0.423933 0.017745 0.012987
2 0.465031 0.419295 0.018789 0.011132
2 0.426409 0.338126 0.012526 0.010204
2 0.364823 0.333024 0.009395 0.027829
0 0.359603 0.322356 0.009395 0.010204
0 0.357777 0.317254 0.009916 0.009276
0 0.356994 0.309833 0.008351 0.009276
0 0.385960 0.306586 0.009916 0.008349
0 0.382307 0.304267 0.008873 0.005566
0 0.379697 0.298237 0.003653 0.008349
0 0.396660 0.301948 0.009395 0.006494
2 0.366910 0.280612 0.006263 0.010204
0 0.355428 0.263915 0.003132 0.006494
