0 0.223000 0.904667 0.100000 0.190667
0 0.818250 0.480667 0.077500 0.077333
0 0.791250 0.301000 0.039500 0.040667
0 0.570250 0.279333 0.065500 0.038667
0 0.573500 0.264000 0.065000 0.037333
0 0.372000 0.243667 0.028000 0.044667
0 0.465750 0.203667 0.022500 0.034000
0 0.388000 0.209000 0.027000 0.031333
0 0.388500 0.166000 0.020000 0.034667
0 0.398750 0.121667 0.016500 0.023333
0 0.405500 0.090333 0.013000 0.016667
0 0.410000 0.077667 0.012000 0.012667
0 0.411500 0.068000 0.011000 0.013333
0 0.413500 0.060667 0.012000 0.013333
0 0.415500 0.051333 0.010000 0.013333
0 0.416250 0.046333 0.009500 0.011333
0 0.417000 0.044000 0.009000 0.010667
0 0.418250 0.040000 0.008500 0.010667
0 0.419000 0.032333 0.008000 0.008667
0 0.419750 0.030333 0.007500 0.008667
0 0.449000 0.024667 0.008000 0.009333
0 0.786000 0.236333 0.039000 0.036667
0 0.733500 0.238333 0.045000 0.038000
0 0.711250 0.219333 0.031500 0.029333
0 0.677500 0.214667 0.033000 0.030667
0 0.687750 0.193667 0.027500 0.023333
0 0.672750 0.180667 0.034500 0.026667
0 0.656250 0.172333 0.039500 0.028667
0 0.654500 0.161000 0.034000 0.023333
1 0.608750 0.177333 0.051500 0.073333
0 0.652000 0.146333 0.029000 0.028667
0 0.611000 0.134667 0.016000 0.021333
0 0.625000 0.125000 0.020000 0.019333
0 0.615250 0.117667 0.021500 0.018000
0 0.607750 0.111667 0.024500 0.018000
0 0.637000 0.106000 0.033000 0.018667
0 0.638000 0.099333 0.033000 0.018667
0 0.550750 0.145000 0.019500 0.020667
0 0.568750 0.113667 0.016500 0.018000
0 0.598500 0.095667 0.015000 0.018000
0 0.585500 0.084333 0.019000 0.015333
0 0.582250 0.078667 0.014500 0.013333
0 0.572000 0.070000 0.019000 0.014667
0 0.567250 0.067333 0.018500 0.013333
2 0.622250 0.075333 0.026500 0.017333
2 0.628750 0.079667 0.024500 0.016667
0 0.617750 0.070667 0.025500 0.012000
0 0.612250 0.067333 0.024500 0.013333
0 0.604750 0.061333 0.022500 0.010667
0 0.625000 0.034333 0.019000 0.012667
0 0.510500 0.067333 0.012000 0.014667
0 0.544750 0.040333 0.010500 0.010000
0 0.512500 0.044000 0.010000 0.012000
2 0.657750 0.060000 0.021500 0.014667
0 0.560250 0.054667 0.010500 0.013333
0 0.552500 0.050667 0.014000 0.013333
0 0.564250 0.047000 0.018500 0.011333
0 0.541500 0.037000 0.009000 0.011333
0 0.538500 0.034333 0.010000 0.008667
0 0.498250 0.034333 0.008500 0.010000
0 0.499250 0.021000 0.007500 0.010000
0 0.524000 0.018333 0.008000 0.008667
0 0.584750 0.015000 0.013500 0.008667
0 0.617000 0.012000 0.014000 0.008000
2 0.608750 0.021000 0.009500 0.014000
0 0.429250 0.005000 0.012500 0.007333
0 0.446500 0.009000 0.006000 0.007333
0 0.513500 0.009000 0.007000 0.008667
0 0.501000 0.008000 0.006000 0.008000
0 0.507250 0.007000 0.006500 0.007333
