2 0.105750 0.380000 0.047500 0.060000
2 0.050000 0.438667 0.080000 0.065333
2 0.062750 0.517667 0.102500 0.064667
1 0.127750 0.460333 0.056500 0.066000
1 0.195250 0.484000 0.045500 0.082667
1 0.054500 0.583667 0.108000 0.063333
1 0.040750 0.669667 0.079500 0.070000
2 0.017750 0.758667 0.035500 0.080000
1 0.156500 0.560667 0.062000 0.094667
1 0.223500 0.606333 0.106000 0.075333
1 0.155250 0.679667 0.111500 0.083333
1 0.135000 0.774333 0.125000 0.114000
2 0.390500 0.507667 0.069000 0.086000
1 0.345750 0.603667 0.100500 0.062000
2 0.272500 0.738000 0.100000 0.142667
2 0.390500 0.714667 0.124000 0.144000
1 0.316250 0.939333 0.105500 0.121333
1 0.392250 0.886000 0.121500 0.164000
1 0.519250 0.821000 0.108500 0.159333
2 0.565750 0.740333 0.109500 0.136667
2 0.515000 0.522667 0.077000 0.096000
7 0.368500 0.244667 0.017000 0.024000
7 0.398500 0.234667 0.008000 0.021333
0 0.385750 0.242000 0.012500 0.025333
7 0.387500 0.218000 0.010000 0.021333
4 0.394750 0.194000 0.019500 0.032000
4 0.416500 0.208000 0.024000 0.030667
7 0.409250 0.226333 0.010500 0.015333
7 0.414000 0.230667 0.007000 0.026667
7 0.420000 0.229667 0.008000 0.023333
7 0.431250 0.230333 0.007500 0.023333
7 0.440500 0.230000 0.007000 0.024000
0 0.501000 0.193000 0.011000 0.020667
7 0.450000 0.229333 0.007000 0.024000
7 0.458000 0.229667 0.009000 0.024667
7 0.472000 0.231333 0.012000 0.025333
7 0.484000 0.227000 0.009000 0.024667
2 0.427000 0.292333 0.031000 0.054000
3 0.454750 0.282667 0.033500 0.060000
4 0.471250 0.260667 0.035500 0.028000
2 0.496750 0.271667 0.052500 0.046000
2 0.557000 0.261000 0.050000 0.031333
7 0.677750 0.452667 0.024500 0.032000
7 0.606000 0.387333 0.018000 0.029333
7 0.978500 0.510667 0.026000 0.042667
2 0.985250 0.566667 0.029500 0.057333
0 0.896250 0.525000 0.040500 0.030000
7 0.882750 0.175000 0.009500 0.018000
1 0.854000 0.318000 0.066000 0.053333
1 0.788500 0.354667 0.081000 0.054667
7 0.806500 0.387333 0.030000 0.026667
1 0.753000 0.324667 0.079000 0.045333
7 0.618000 0.273333 0.009000 0.022667
7 0.585250 0.142000 0.008500 0.020000
2 0.638250 0.143333 0.043500 0.029333
2 0.654250 0.129000 0.038500 0.024667
2 0.695250 0.138000 0.041500 0.026667
2 0.728000 0.150667 0.045000 0.032000
2 0.767750 0.137667 0.041500 0.032667
3 0.754000 0.173667 0.041000 0.043333
2 0.781250 0.155667 0.043500 0.030000
2 0.784750 0.171333 0.043500 0.037333
2 0.801000 0.134333 0.031000 0.034000
2 0.622500 0.106000 0.021000 0.030667
2 0.604000 0.105000 0.017000 0.030000
2 0.534500 0.110333 0.047000 0.023333
1 0.597750 0.086333 0.029500 0.024667
2 0.598000 0.070000 0.028000 0.030667
2 0.594750 0.053333 0.017500 0.024000
7 0.564000 0.062333 0.008000 0.014000
2 0.543250 0.055667 0.015500 0.023333
3 0.642000 0.054333 0.045000 0.036667
1 0.667500 0.024333 0.032000 0.019333
2 0.666250 0.015000 0.024500 0.015333
1 0.617750 0.024667 0.029500 0.018667
7 0.605500 0.028667 0.013000 0.014667
1 0.577750 0.037000 0.025500 0.024667
1 0.516500 0.080667 0.031000 0.020000
2 0.519000 0.066000 0.032000 0.022667
3 0.518250 0.055333 0.037500 0.029333
2 0.516250 0.045667 0.023500 0.016667
2 0.512500 0.046000 0.029000 0.020000
2 0.512250 0.033667 0.032500 0.019333
1 0.554000 0.025000 0.032000 0.023333
