2 0.188929 0.111041 0.010714 0.026650
3 0.317500 0.022843 0.009286 0.032995
3 0.293214 0.029188 0.013571 0.045685
6 0.335714 0.139594 0.015714 0.071066
6 0.318929 0.103426 0.015000 0.067259
2 0.306786 0.093274 0.010714 0.034264
2 0.309643 0.152919 0.012143 0.034264
6 0.330000 0.208122 0.020000 0.076142
1 0.306429 0.045685 0.007143 0.015228
1 0.330357 0.043147 0.009286 0.020305
1 0.309286 0.008883 0.007143 0.015228
1 0.383214 0.008249 0.009286 0.016497
6 0.293214 0.113579 0.013571 0.064721
2 0.297143 0.191624 0.011429 0.030457
2 0.312857 0.199239 0.010000 0.027919
1 0.317857 0.245558 0.010000 0.021574
1 0.376786 0.170051 0.009286 0.022843
1 0.324286 0.281726 0.010000 0.022843
2 0.357500 0.423223 0.015000 0.029188
6 0.310357 0.277284 0.020714 0.072335
6 0.326071 0.352157 0.029286 0.085025
2 0.338571 0.351523 0.012857 0.030457
2 0.332857 0.317893 0.011429 0.029188
2 0.341429 0.295051 0.011429 0.029188
1 0.386429 0.507614 0.015714 0.032995
1 0.370357 0.473985 0.013571 0.041878
2 0.346786 0.384518 0.012143 0.027919
7 0.422143 0.335660 0.004286 0.016497
6 0.480000 0.426396 0.032857 0.096447
1 0.502500 0.577411 0.019286 0.038071
1 0.485714 0.543147 0.015714 0.035533
1 0.466071 0.501269 0.017857 0.032995
2 0.521429 0.611675 0.022857 0.048223
1 0.543929 0.651650 0.020714 0.039340
1 0.549286 0.625635 0.021429 0.043147
1 0.566429 0.695431 0.022857 0.040609
2 0.608571 0.762056 0.028571 0.054569
3 0.653571 0.789340 0.052857 0.088832
1 0.682500 0.888959 0.029286 0.046954
3 0.734643 0.947970 0.072143 0.101523
3 0.867500 0.902919 0.057857 0.110406
