0 0.726429 0.160476 0.015714 0.006667
0 0.784286 0.166190 0.018571 0.008571
0 0.780357 0.160476 0.019286 0.006667
2 0.672143 0.193810 0.008571 0.014286
2 0.699286 0.212857 0.022857 0.016190
2 0.698929 0.209048 0.043571 0.020000
0 0.727143 0.224762 0.017143 0.009524
0 0.751429 0.226190 0.017143 0.010476
0 0.785714 0.231429 0.015714 0.007619
0 0.784643 0.226667 0.015000 0.007619
0 0.783571 0.218095 0.018571 0.009524
0 0.806071 0.220000 0.019286 0.007619
0 0.798929 0.215238 0.016429 0.007619
0 0.773214 0.216190 0.016429 0.007619
0 0.766429 0.213333 0.017143 0.007619
0 0.756071 0.218095 0.016429 0.007619
0 0.740714 0.216190 0.014286 0.009524
0 0.728571 0.217619 0.017143 0.008571
0 0.728571 0.210000 0.014286 0.008571
2 0.659286 0.207619 0.031429 0.019048
2 0.619643 0.207619 0.032143 0.017143
0 0.685714 0.243810 0.010000 0.011429
0 0.726786 0.255714 0.009286 0.012381
0 0.726786 0.244286 0.009286 0.010476
0 0.739286 0.243810 0.008571 0.009524
0 0.760714 0.267619 0.008571 0.009524
0 0.757857 0.258571 0.010000 0.010476
0 0.759643 0.250000 0.009286 0.008571
0 0.757857 0.243810 0.010000 0.009524
0 0.781429 0.268095 0.010000 0.010476
2 0.769286 0.296190 0.017143 0.028571
0 0.907857 0.300476 0.017143 0.016190
0 0.926071 0.302857 0.017857 0.015238
0 0.943571 0.302857 0.017143 0.017143
0 0.940357 0.334762 0.022143 0.023810
0 0.977143 0.390952 0.034286 0.025714
2 0.965714 0.323333 0.050000 0.031429
0 0.989286 0.361429 0.021429 0.016190
0 0.990357 0.407143 0.019286 0.037143
1 0.625357 0.281905 0.023571 0.038095
1 0.613571 0.308571 0.030000 0.047619
1 0.590714 0.347143 0.038571 0.061905
0 0.657857 0.312381 0.014286 0.017143
0 0.394286 0.452857 0.041429 0.023810
0 0.352857 0.487619 0.041429 0.030476
0 0.366071 0.531429 0.035000 0.051429
0 0.541429 0.686667 0.044286 0.080000
0 0.606786 0.952381 0.065000 0.095238
