0 0.853571 0.910476 0.020000 0.051429
0 0.757143 0.908571 0.017143 0.049524
0 0.733214 0.829524 0.036429 0.024762
0 0.720357 0.911905 0.017857 0.050476
0 0.815000 0.906667 0.018571 0.053333
0 0.832857 0.901429 0.018571 0.050476
0 0.945000 0.833810 0.034286 0.021905
0 0.643214 0.903810 0.017857 0.049524
0 0.587857 0.981429 0.037143 0.027619
0 0.591429 0.931429 0.027143 0.022857
0 0.588929 0.904762 0.036429 0.024762
2 0.587143 0.781905 0.047143 0.024762
0 0.537857 0.658571 0.020000 0.048571
0 0.512143 0.597143 0.015714 0.047619
0 0.513571 0.544762 0.014286 0.045714
0 0.531429 0.514762 0.015714 0.046667
0 0.511429 0.490952 0.017143 0.044762
0 0.495000 0.440000 0.017143 0.045714
0 0.425357 0.438095 0.015000 0.047619
0 0.512143 0.260952 0.014286 0.041905
0 0.528571 0.253810 0.014286 0.042857
0 0.496786 0.192381 0.015000 0.043810
0 0.512857 0.205714 0.014286 0.041905
0 0.511429 0.316190 0.015714 0.045714
0 0.514286 0.646190 0.015714 0.042857
0 0.327500 0.654286 0.016429 0.047619
0 0.372500 0.401905 0.016429 0.043810
0 0.372857 0.348571 0.015714 0.041905
0 0.372857 0.292381 0.015714 0.045714
0 0.373571 0.242857 0.015714 0.043810
0 0.375000 0.187619 0.015714 0.047619
0 0.408929 0.224286 0.016429 0.046667
0 0.378214 0.085238 0.015000 0.042857
0 0.374643 0.136190 0.016429 0.041905
0 0.536786 0.049048 0.029286 0.023810
0 0.380357 0.029048 0.015000 0.042857
0 0.506429 0.368571 0.015714 0.045714
0 0.177143 0.491429 0.034286 0.020952
0 0.123929 0.455238 0.019286 0.045714
0 0.128571 0.366190 0.018571 0.040952
0 0.105357 0.457619 0.017857 0.044762
0 0.087500 0.457619 0.017857 0.035238
0 0.053929 0.494762 0.036429 0.021905
0 0.096786 0.545238 0.035000 0.020000
0 0.176786 0.465714 0.035000 0.022857
0 0.139643 0.188095 0.033571 0.023810
0 0.145357 0.272857 0.019286 0.040952
0 0.150357 0.222857 0.019286 0.041905
0 0.068571 0.453333 0.017143 0.045714
0 0.093214 0.361905 0.019286 0.041905
0 0.062857 0.325714 0.034286 0.020952
0 0.099643 0.263333 0.019286 0.044762
0 0.102500 0.219524 0.020714 0.042857
0 0.081786 0.240476 0.019286 0.040952
0 0.080357 0.081905 0.037857 0.024762
0 0.121786 0.110476 0.020714 0.043810
0 0.139286 0.118571 0.020000 0.044762
0 0.158571 0.124286 0.018571 0.044762
0 0.174286 0.129524 0.017143 0.041905
0 0.192500 0.127143 0.019286 0.046667
0 0.058214 0.362857 0.019286 0.047619
0 0.038929 0.361429 0.019286 0.044762
0 0.049643 0.451905 0.019286 0.046667
0 0.032857 0.452857 0.018571 0.042857
0 0.111429 0.364286 0.021429 0.039048
0 0.076429 0.365238 0.018571 0.042857
0 0.118571 0.270476 0.021429 0.045714
0 0.122143 0.225238 0.017143 0.040952
0 0.082143 0.183333 0.022857 0.046667
0 0.057857 0.053810 0.018571 0.044762
0 0.017143 0.324762 0.034286 0.020952
0 0.054286 0.539048 0.040000 0.022857
0 0.864286 0.083333 0.038571 0.020000
0 0.763929 0.125714 0.037857 0.020952
0 0.867857 0.417619 0.035714 0.018095
0 0.770714 0.460000 0.034286 0.019048
0 0.839286 0.503333 0.017143 0.044762
0 0.805357 0.419524 0.033571 0.020000
0 0.763571 0.418095 0.034286 0.020952
0 0.866071 0.457619 0.033571 0.020000
0 0.237143 0.931429 0.038571 0.024762
0 0.182857 0.932857 0.040000 0.023810
2 0.253214 0.868571 0.045000 0.024762
0 0.048929 0.783810 0.033571 0.020952
