0 0.104643 0.819524 0.150714 0.248571
0 0.373929 0.483810 0.053571 0.087619
0 0.509286 0.936190 0.130000 0.127619
0 0.886429 0.755714 0.227143 0.138095
0 0.827857 0.670000 0.192857 0.119048
0 0.678929 0.475238 0.129286 0.072381
0 0.626429 0.418571 0.105714 0.056190
0 0.575714 0.337619 0.078571 0.050476
0 0.520714 0.267619 0.047143 0.026667
0 0.511071 0.285238 0.043571 0.033333
0 0.542143 0.298095 0.068571 0.036190
0 0.388214 0.226667 0.023571 0.028571
0 0.415000 0.250476 0.030000 0.030476
0 0.385357 0.301905 0.035000 0.049524
