0 0.245714 0.137143 0.010000 0.019048
0 0.243571 0.147619 0.012857 0.017143
0 0.241786 0.163810 0.015000 0.017143
0 0.238571 0.182857 0.015714 0.020952
0 0.220000 0.199048 0.020000 0.022857
0 0.258571 0.179524 0.014286 0.020000
0 0.257143 0.163333 0.011429 0.018095
0 0.248929 0.134762 0.009286 0.014286
0 0.197143 0.195238 0.020000 0.022857
0 0.205000 0.255238 0.031429 0.040000
0 0.241786 0.241429 0.017857 0.025714
0 0.240714 0.267619 0.022857 0.032381
0 0.227857 0.343810 0.040000 0.045714
0 0.117143 0.325714 0.045714 0.051429
0 0.087500 0.363333 0.057857 0.063810
0 0.056071 0.416667 0.072143 0.075238
0 0.029643 0.489524 0.059286 0.080000
0 0.205714 0.444762 0.062857 0.081905
0 0.285357 0.567143 0.136429 0.073333
0 0.112143 0.795714 0.188571 0.136190
0 0.374286 0.818571 0.072857 0.063810
0 0.478214 0.539524 0.119286 0.077143
0 0.595000 0.529524 0.082857 0.074286
0 0.704286 0.509048 0.120000 0.069524
0 0.870357 0.480476 0.103571 0.061905
1 0.843214 0.676190 0.313571 0.241905
