0 0.335714 0.552665 0.017143 0.041878
0 0.365000 0.350888 0.011429 0.034264
1 0.586786 0.263959 0.047857 0.040609
0 0.545714 0.276650 0.020000 0.015228
0 0.541786 0.265863 0.019286 0.013959
0 0.461071 0.210660 0.006429 0.017766
0 0.461071 0.201777 0.007857 0.017766
0 0.462500 0.156726 0.006429 0.016497
0 0.474643 0.137056 0.006429 0.015228
0 0.440714 0.035533 0.004286 0.010152
0 0.477857 0.042513 0.004286 0.008883
2 0.467143 0.027919 0.005714 0.017766
2 0.453214 0.053299 0.006429 0.020305
2 0.446071 0.072335 0.009286 0.025381
2 0.441071 0.093274 0.007857 0.024112
2 0.455714 0.039975 0.005714 0.016497
