0 0.408214 0.660476 0.047857 0.071429
0 0.381071 0.624762 0.040714 0.060952
0 0.443214 0.576667 0.039286 0.065714
0 0.425357 0.548571 0.039286 0.059048
0 0.478214 0.514762 0.032143 0.048571
0 0.460000 0.480000 0.034286 0.047619
0 0.506429 0.455714 0.028571 0.046667
0 0.485357 0.440476 0.026429 0.040952
0 0.469286 0.411429 0.024286 0.043810
0 0.613571 0.181905 0.015714 0.020952
0 0.651071 0.120952 0.009286 0.013333
0 0.686786 0.127143 0.012143 0.014286
0 0.688571 0.105714 0.008571 0.011429
0 0.673214 0.093333 0.013571 0.011429
0 0.446429 0.227143 0.028571 0.014286
