1 0.424250 0.879667 0.045500 0.142000
1 0.584750 0.937000 0.052500 0.126000
1 0.638250 0.694667 0.038500 0.086667
1 0.458250 0.576667 0.054500 0.060000
1 0.424750 0.512333 0.057500 0.043333
1 0.458000 0.429667 0.025000 0.046000
1 0.625500 0.513000 0.048000 0.042000
1 0.587250 0.450333 0.049500 0.052667
1 0.460000 0.372000 0.022000 0.044000
1 0.459000 0.297667 0.019000 0.032667
1 0.464750 0.250333 0.021500 0.023333
1 0.465500 0.224667 0.015000 0.022667
1 0.465500 0.197667 0.013000 0.019333
1 0.468500 0.176333 0.013000 0.020667
1 0.502750 0.125667 0.011500 0.016667
1 0.498500 0.088667 0.010000 0.013333
1 0.544000 0.148667 0.012000 0.016000
1 0.571000 0.218667 0.027000 0.022667
1 0.600750 0.282667 0.039500 0.025333
1 0.550750 0.122333 0.013500 0.016667
1 0.474750 0.059000 0.008500 0.011333
1 0.476000 0.042333 0.008000 0.010000
1 0.482500 0.016000 0.012000 0.009333
1 0.109500 0.458667 0.046000 0.057333
1 0.039000 0.454667 0.052000 0.050667
3 0.548750 0.566333 0.033500 0.074000
3 0.658000 0.462667 0.053000 0.037333
3 0.635500 0.391000 0.050000 0.035333
3 0.413500 0.144000 0.021000 0.014667
3 0.471750 0.123000 0.009500 0.016667
3 0.520500 0.036333 0.015000 0.012667
3 0.376750 0.666000 0.033500 0.070667
1 0.115500 0.560667 0.071000 0.036000
1 0.015500 0.460333 0.031000 0.058000
1 0.689750 0.603667 0.078500 0.047333
1 0.691500 0.563667 0.067000 0.036667
1 0.696250 0.527000 0.063500 0.038000
1 0.631250 0.369333 0.051500 0.032000
1 0.623250 0.353333 0.048500 0.028000
1 0.550250 0.167667 0.016500 0.016667
1 0.544000 0.102333 0.020000 0.012667
1 0.540250 0.096000 0.020500 0.012000
1 0.532500 0.093000 0.022000 0.012667
1 0.543000 0.086000 0.021000 0.013333
1 0.538750 0.081667 0.021500 0.011333
1 0.539750 0.076667 0.021500 0.012000
1 0.536500 0.072333 0.021000 0.012667
1 0.534750 0.068000 0.020500 0.009333
1 0.535000 0.060000 0.020000 0.010667
1 0.530250 0.052000 0.015500 0.010667
1 0.532000 0.047667 0.018000 0.010000
1 0.526250 0.032667 0.019500 0.010667
1 0.522500 0.030333 0.020000 0.008667
1 0.520250 0.025000 0.013500 0.008667
1 0.516000 0.022000 0.007000 0.009333
1 0.524000 0.017000 0.015000 0.008667
1 0.524250 0.014000 0.016500 0.008000
1 0.520500 0.011000 0.012000 0.007333
1 0.523500 0.008000 0.006000 0.006667
1 0.522250 0.003667 0.005500 0.007333
1 0.483250 0.009000 0.005500 0.007333
1 0.476000 0.012333 0.005000 0.010000
1 0.478000 0.034667 0.008000 0.010667
3 0.472500 0.074333 0.011000 0.020667
1 0.473500 0.088667 0.011000 0.013333
1 0.471750 0.098000 0.010500 0.014667
1 0.473250 0.110667 0.011500 0.014667
3 0.470500 0.143667 0.011000 0.018000
4 0.481000 0.189333 0.009000 0.020000
7 0.485250 0.060667 0.002500 0.006667
7 0.497500 0.011333 0.002000 0.005333
1 0.421250 0.047000 0.008500 0.012667
2 0.437500 0.054667 0.019000 0.014667
1 0.431750 0.067000 0.017500 0.010000
1 0.425750 0.078000 0.018500 0.009333
1 0.424500 0.084000 0.019000 0.010667
1 0.408750 0.048333 0.011500 0.011333
1 0.407000 0.060000 0.008000 0.010667
1 0.422750 0.092000 0.021500 0.013333
4 0.446750 0.128667 0.010500 0.021333
1 0.412000 0.156333 0.027000 0.015333
1 0.400750 0.177667 0.032500 0.018000
7 0.563500 0.085667 0.009000 0.007333
7 0.566750 0.178333 0.009500 0.010000
7 0.564500 0.163667 0.009000 0.010000
0 0.595750 0.238333 0.011500 0.011333
7 0.598500 0.258000 0.012000 0.012000
7 0.591750 0.234667 0.012500 0.014667
7 0.630500 0.417000 0.007000 0.026000
0 0.620750 0.416667 0.011500 0.020000
0 0.622500 0.428000 0.010000 0.021333
0 0.727750 0.673667 0.018500 0.026000
0 0.775500 0.717000 0.026000 0.020667
7 0.429000 0.647667 0.011000 0.034000
3 0.414000 0.357333 0.029000 0.072000
