1 0.220000 0.035714 0.075714 0.042857
1 0.203929 0.012381 0.060714 0.024762
1 0.218571 0.130000 0.072857 0.063810
1 0.312857 0.111905 0.088571 0.073333
7 0.223929 0.061429 0.027857 0.040952
1 0.070357 0.343333 0.123571 0.105714
1 0.202857 0.272857 0.122857 0.094286
1 0.325000 0.213810 0.078571 0.082857
1 0.393214 0.177619 0.072143 0.060000
1 0.028929 0.593810 0.057857 0.155238
1 0.086429 0.545714 0.087143 0.110476
1 0.163571 0.490476 0.094286 0.114286
1 0.233571 0.457619 0.090000 0.117143
1 0.296786 0.413810 0.093571 0.119048
1 0.353571 0.372857 0.088571 0.105714
1 0.405714 0.340952 0.085714 0.095238
1 0.447500 0.302857 0.080714 0.089524
1 0.499643 0.273810 0.083571 0.080952
1 0.540714 0.252381 0.077143 0.078095
1 0.613929 0.258571 0.075000 0.092381
1 0.728571 0.341429 0.088571 0.101905
7 0.541071 0.086667 0.026429 0.030476
6 0.857500 0.189048 0.276429 0.111429
1 0.628929 0.039048 0.067857 0.057143
1 0.723571 0.060952 0.074286 0.057143
1 0.751786 0.039048 0.067857 0.057143
1 0.679643 0.010000 0.055000 0.020000
1 0.796429 0.730952 0.107143 0.149524
7 0.958571 0.712857 0.030000 0.094286
