0 0.020357 0.457143 0.040714 0.038095
0 0.160000 0.427143 0.061429 0.044762
0 0.269286 0.390000 0.058571 0.042857
0 0.266786 0.320952 0.042143 0.040000
0 0.152143 0.341905 0.058571 0.038095
0 0.076429 0.266667 0.030000 0.045714
2 0.442857 0.296190 0.055714 0.059048
0 0.515000 0.319048 0.050000 0.038095
0 0.591429 0.253333 0.025714 0.047619
0 0.257500 0.587619 0.067857 0.047619
0 0.448571 0.528571 0.067143 0.045714
0 0.792500 0.277143 0.053571 0.036190
0 0.676071 0.232857 0.032143 0.044762
0 0.632857 0.136190 0.025714 0.036190
0 0.578214 0.166667 0.023571 0.043810
