7 0.556889 0.026438 0.021921 0.039889
7 0.573591 0.012523 0.027140 0.025046
7 0.569676 0.157699 0.025574 0.029685
5 0.574374 0.207792 0.043319 0.076067
7 0.572808 0.262987 0.020355 0.036178
7 0.576461 0.278293 0.025574 0.033395
7 0.579593 0.315863 0.029749 0.026902
4 0.608299 0.259740 0.042276 0.092764
4 0.617432 0.339981 0.028184 0.101113
7 0.597860 0.411410 0.025574 0.034323
4 0.706681 0.447124 0.057411 0.051948
4 0.693372 0.202226 0.021399 0.083488
4 0.719729 0.192950 0.019833 0.068646
5 0.693894 0.123377 0.024530 0.070501
5 0.694937 0.558905 0.037056 0.093692
7 0.732255 0.536178 0.014614 0.053803
7 0.616910 0.712430 0.021921 0.061224
7 0.602296 0.629406 0.021921 0.052876
7 0.661013 0.674861 0.014092 0.052876
7 0.647965 0.532931 0.012004 0.047310
7 0.633873 0.969852 0.014092 0.058442
1 0.882568 0.530148 0.052192 0.136364
5 0.844990 0.156772 0.037578 0.083488
