0 0.508214 0.912381 0.102143 0.175238
0 0.909286 0.612857 0.167143 0.098095
0 0.545714 0.615714 0.108571 0.126667
0 0.528929 0.507619 0.060714 0.100952
0 0.866071 0.540476 0.159286 0.088571
0 0.849286 0.478095 0.150000 0.076190
0 0.859286 0.450000 0.110000 0.063810
0 0.893571 0.417619 0.130000 0.073333
0 0.923214 0.360476 0.109286 0.067619
0 0.787500 0.302857 0.050714 0.064762
0 0.738214 0.288571 0.060714 0.055238
0 0.476071 0.428571 0.113571 0.083810
0 0.449286 0.327143 0.098571 0.060000
0 0.532857 0.294286 0.044286 0.062857
0 0.531071 0.254762 0.037857 0.050476
0 0.531071 0.218095 0.037857 0.038095
0 0.517143 0.169048 0.027143 0.027619
0 0.506429 0.137143 0.022857 0.030476
0 0.504643 0.118571 0.019286 0.020000
0 0.513214 0.090476 0.022143 0.028571
0 0.479286 0.020476 0.015714 0.020000
0 0.502857 0.030476 0.017143 0.019048
0 0.530357 0.045714 0.017857 0.020952
2 0.558929 0.060952 0.027857 0.034286
0 0.601071 0.227143 0.037857 0.065714
0 0.606786 0.097619 0.023571 0.025714
0 0.614643 0.116190 0.032143 0.028571
0 0.637143 0.134762 0.028571 0.033333
0 0.648929 0.148095 0.029286 0.027619
0 0.659643 0.169048 0.033571 0.035238
0 0.680357 0.191905 0.035000 0.035238
0 0.699643 0.217143 0.039286 0.047619
0 0.715714 0.247619 0.045714 0.043810
0 0.500357 0.107619 0.020714 0.020952
0 0.186786 0.245714 0.070714 0.043810
0 0.946429 0.785714 0.107143 0.120000
