0 0.090357 0.952381 0.180714 0.093333
0 0.292143 0.192381 0.110000 0.064762
0 0.627143 0.734762 0.194286 0.124762
0 0.623929 0.624286 0.189286 0.107619
0 0.593929 0.452381 0.145000 0.095238
0 0.586429 0.387619 0.127143 0.080000
0 0.573929 0.328095 0.119286 0.073333
0 0.554643 0.189048 0.097857 0.071429
0 0.552500 0.092381 0.089286 0.053333
0 0.541786 0.063810 0.082143 0.045714
0 0.721071 0.271429 0.055000 0.078095
0 0.683929 0.119524 0.047857 0.063810
0 0.648929 0.023333 0.040714 0.046667
0 0.777857 0.450952 0.084286 0.130476
0 0.928214 0.318571 0.097857 0.126667
0 0.643571 0.958571 0.221429 0.082857
