0 0.032500 0.129442 0.017857 0.015228
0 0.039286 0.115482 0.014286 0.015228
0 0.356429 0.771574 0.022857 0.050761
0 0.411786 0.663706 0.020714 0.045685
0 0.407500 0.598350 0.019286 0.039340
0 0.454643 0.425127 0.015000 0.030457
0 0.476071 0.427030 0.016429 0.031726
0 0.516429 0.445431 0.015714 0.035533
0 0.546786 0.300127 0.012143 0.026650
0 0.525357 0.213832 0.010714 0.021574
0 0.562500 0.137056 0.010714 0.017766
1 0.607500 0.119924 0.016429 0.072335
1 0.605357 0.085025 0.010714 0.022843
0 0.561786 0.048858 0.009286 0.019036
0 0.611786 0.050127 0.007857 0.016497
