0 0.044750 0.032667 0.025500 0.014667
0 0.043750 0.040000 0.025500 0.017333
0 0.056000 0.047333 0.029000 0.010667
0 0.048000 0.054667 0.024000 0.013333
0 0.070750 0.157333 0.020500 0.022667
0 0.107000 0.193000 0.038000 0.024667
0 0.123500 0.246333 0.030000 0.031333
0 0.117500 0.216333 0.041000 0.026000
0 0.147750 0.277000 0.031500 0.032667
0 0.220750 0.368333 0.039500 0.043333
0 0.255500 0.406000 0.047000 0.045333
0 0.190250 0.333333 0.035500 0.034667
0 0.302250 0.452000 0.056500 0.050667
0 0.681500 0.430667 0.068000 0.040000
0 0.898000 0.424667 0.064000 0.036000
0 0.969000 0.426667 0.062000 0.037333
0 0.277500 0.890333 0.062000 0.148667
0 0.318250 0.740000 0.061500 0.121333
0 0.537250 0.707333 0.073500 0.117333
