1 0.212143 0.979048 0.042857 0.041905
3 0.059643 0.694762 0.117857 0.147619
7 0.279286 0.682381 0.014286 0.025714
7 0.358929 0.480000 0.007857 0.022857
7 0.451786 0.252381 0.006429 0.013333
7 0.475000 0.211429 0.004286 0.011429
7 0.482143 0.210000 0.005714 0.012381
7 0.515000 0.088571 0.002857 0.007619
7 0.526786 0.055714 0.003571 0.006667
1 0.503929 0.130000 0.007857 0.012381
1 0.597857 0.271429 0.024286 0.013333
1 0.600000 0.263333 0.022857 0.012381
1 0.598214 0.252857 0.026429 0.014286
1 0.572143 0.243810 0.017143 0.011429
1 0.573929 0.238571 0.022143 0.012381
2 0.574643 0.232381 0.019286 0.013333
1 0.575000 0.224762 0.020000 0.011429
1 0.576071 0.219048 0.019286 0.013333
1 0.575714 0.215714 0.018571 0.012381
1 0.600714 0.233333 0.021429 0.013333
1 0.600000 0.222857 0.017143 0.011429
1 0.600714 0.216667 0.020000 0.010476
3 0.330714 0.260476 0.020000 0.039048
3 0.373929 0.195238 0.037857 0.062857
3 0.452857 0.151429 0.032857 0.026667
3 0.464286 0.137619 0.027143 0.035238
3 0.463929 0.127143 0.032143 0.040952
3 0.450714 0.119524 0.015714 0.029524
6 0.472143 0.181429 0.011429 0.025714
1 0.523214 0.232857 0.016429 0.012381
1 0.526786 0.227143 0.017857 0.012381
1 0.527500 0.218571 0.020714 0.010476
1 0.528571 0.209048 0.017143 0.014286
1 0.533214 0.200000 0.019286 0.011429
0 0.333929 0.499524 0.006429 0.016190
4 0.426786 0.433810 0.017857 0.021905
1 0.542143 0.031429 0.004286 0.007619
2 0.622857 0.011429 0.010000 0.007619
