0 0.206071 0.133810 0.070714 0.044762
2 0.190714 0.683333 0.047143 0.119048
0 0.018571 0.900952 0.037143 0.099048
0 0.276071 0.678571 0.033571 0.092381
0 0.311071 0.923333 0.032143 0.096190
0 0.348929 0.926667 0.032143 0.100952
0 0.388214 0.922857 0.030714 0.097143
0 0.428214 0.689048 0.026429 0.082857
0 0.877857 0.149524 0.067143 0.043810
0 0.972500 0.156667 0.055000 0.042857
0 0.912857 0.942857 0.037143 0.100952
0 0.805714 0.924762 0.037143 0.108571
0 0.426071 0.929524 0.027857 0.081905
2 0.528214 0.934762 0.025000 0.080952
0 0.532143 0.696190 0.030000 0.089524
0 0.570357 0.695238 0.030714 0.095238
0 0.645357 0.687619 0.030714 0.095238
0 0.866429 0.696667 0.037143 0.088571
0 0.762500 0.699048 0.033571 0.097143
0 0.608929 0.565714 0.030714 0.085714
