0 0.026429 0.771429 0.052857 0.209524
0 0.709643 0.949524 0.175000 0.100952
0 0.186786 0.593333 0.099286 0.211429
0 0.343571 0.816667 0.085714 0.254286
0 0.684643 0.833810 0.183571 0.115238
0 0.649643 0.627619 0.152143 0.091429
0 0.621786 0.410952 0.117857 0.071429
0 0.612500 0.360000 0.112143 0.068571
2 0.607143 0.306190 0.088571 0.067619
2 0.594643 0.254762 0.092143 0.075238
0 0.440000 0.600952 0.062857 0.173333
0 0.374286 0.586190 0.061429 0.153333
0 0.388571 0.421905 0.052857 0.123810
0 0.407500 0.240952 0.039286 0.072381
0 0.418571 0.146190 0.032857 0.058095
0 0.138214 0.405714 0.082143 0.121905
0 0.222500 0.189524 0.049286 0.076190
0 0.288929 0.024286 0.039286 0.048571
0 0.266071 0.059524 0.036429 0.058095
