2 0.012787 0.185065 0.025574 0.023191
1 0.078810 0.025974 0.008351 0.014842
3 0.963727 0.694805 0.071503 0.116883
1 0.930324 0.385436 0.019311 0.034323
1 0.965292 0.361781 0.023486 0.025974
7 0.919885 0.301020 0.005741 0.015770
7 0.925626 0.301484 0.006785 0.016698
7 0.931367 0.297310 0.007829 0.019481
7 0.943111 0.288961 0.009395 0.015770
7 0.950157 0.287570 0.010960 0.016698
7 0.958246 0.283859 0.011482 0.014842
1 0.593163 0.066327 0.016180 0.013915
2 0.607777 0.084416 0.015136 0.020408
3 0.623434 0.051484 0.028706 0.030612
4 0.716858 0.267625 0.014092 0.013915
7 0.695981 0.263451 0.008873 0.012987
7 0.732516 0.284787 0.007829 0.012987
7 0.748956 0.320037 0.012526 0.016698
7 0.750261 0.300093 0.009916 0.012059
1 0.719729 0.306586 0.026096 0.026902
1 0.742171 0.352041 0.026096 0.025046
5 0.794624 0.333952 0.016180 0.022263
7 0.784969 0.329777 0.014614 0.021336
4 0.770877 0.308905 0.019833 0.024119
4 0.792276 0.288033 0.016701 0.017625
2 0.690762 0.253247 0.015136 0.022263
7 0.802975 0.375696 0.009916 0.014842
7 0.800104 0.370130 0.009395 0.016698
7 0.784969 0.360390 0.009395 0.015770
7 0.790971 0.364564 0.012004 0.014842
7 0.987735 0.343228 0.005741 0.018553
7 0.982516 0.346939 0.007829 0.018553
7 0.974948 0.348794 0.007307 0.020408
7 0.959812 0.335807 0.006263 0.022263
7 0.965031 0.333024 0.006263 0.020408
7 0.968424 0.327922 0.007829 0.015770
5 0.974687 0.322356 0.019311 0.028757
1 0.694676 0.432746 0.028184 0.038033
1 0.677975 0.399351 0.014614 0.034323
