7 0.419102 0.528293 0.011482 0.023191
3 0.404228 0.539889 0.046451 0.064935
1 0.448330 0.483766 0.034447 0.038033
1 0.454071 0.312616 0.029228 0.033395
1 0.480428 0.287106 0.028706 0.030612
0 0.507046 0.255566 0.009916 0.012059
3 0.545146 0.215677 0.044363 0.054731
1 0.580115 0.180891 0.024530 0.024119
2 0.583507 0.167440 0.018789 0.021336
1 0.620303 0.144712 0.023486 0.024119
1 0.637004 0.136364 0.022443 0.022263
1 0.662317 0.174397 0.020877 0.027829
1 0.683194 0.155844 0.019833 0.024119
1 0.713987 0.204082 0.022965 0.025974
1 0.707203 0.171614 0.020877 0.024119
1 0.711639 0.085807 0.019311 0.019481
1 0.710073 0.287570 0.021399 0.025974
1 0.652923 0.253247 0.021921 0.025974
1 0.625261 0.237477 0.021921 0.025974
1 0.090031 0.215677 0.032881 0.026902
1 0.084551 0.183673 0.033403 0.022263
1 0.069154 0.147032 0.013048 0.026902
1 0.188413 0.182746 0.026096 0.022263
1 0.192589 0.201299 0.028184 0.025974
1 0.057672 0.020872 0.017223 0.012059
1 0.233038 0.142393 0.026618 0.023191
1 0.259395 0.131725 0.024008 0.018553
1 0.259916 0.107143 0.016701 0.021336
2 0.368998 0.107607 0.024008 0.024119
1 0.393006 0.091837 0.020877 0.020408
1 0.399530 0.081633 0.020355 0.022263
1 0.408925 0.076067 0.020355 0.020408
4 0.473904 0.068646 0.013570 0.022263
1 0.517484 0.010204 0.018267 0.016698
