1 0.665714 0.417143 0.050000 0.081905
1 0.688929 0.276667 0.043571 0.063810
1 0.645357 0.221429 0.045000 0.058095
1 0.535357 0.476190 0.055000 0.085714
1 0.498929 0.631429 0.057857 0.093333
1 0.462143 0.813333 0.074286 0.123810
1 0.427500 0.759048 0.073571 0.118095
1 0.362500 0.762381 0.076429 0.119048
1 0.340000 0.704762 0.082857 0.121905
1 0.430357 0.555238 0.065000 0.087619
1 0.451071 0.611905 0.063571 0.101905
7 0.215357 0.601905 0.027857 0.032381
7 0.310714 0.612381 0.025714 0.040000
7 0.269643 0.618571 0.027857 0.042857
7 0.257500 0.608571 0.032143 0.043810
7 0.442143 0.447619 0.027143 0.038095
