0 0.662500 0.761421 0.023571 0.035533
1 0.720000 0.659898 0.050000 0.088832
0 0.737857 0.573604 0.022857 0.032995
0 0.786429 0.570431 0.021429 0.029188
1 0.730000 0.548858 0.041429 0.052030
0 0.303929 0.137056 0.010714 0.022843
0 0.312143 0.132614 0.011429 0.026650
0 0.321786 0.128173 0.010714 0.025381
0 0.305000 0.082487 0.018571 0.022843
0 0.270000 0.097716 0.015714 0.025381
0 0.260714 0.093909 0.014286 0.020305
0 0.253571 0.089467 0.015714 0.024112
0 0.245714 0.082487 0.014286 0.025381
0 0.240000 0.036802 0.022857 0.027919
0 0.155714 0.077411 0.015714 0.020305
0 0.163571 0.065355 0.018571 0.024112
0 0.169643 0.057741 0.016429 0.019036
0 0.176071 0.049492 0.017857 0.020305
0 0.183214 0.038071 0.016429 0.020305
0 0.151429 0.083756 0.015714 0.020305
