2 0.287143 0.893333 0.084286 0.205714
6 0.488929 0.304762 0.073571 0.226667
1 0.664643 0.313333 0.043571 0.076190
6 0.512143 0.119048 0.050000 0.158095
7 0.482857 0.086667 0.008571 0.020952
1 0.472857 0.023810 0.025714 0.041905
2 0.708214 0.218095 0.045000 0.066667
2 0.833214 0.225714 0.080714 0.057143
3 0.706071 0.074762 0.036429 0.067619
1 0.661786 0.816667 0.063571 0.176190
1 0.965000 0.374762 0.070000 0.060000
1 0.952143 0.333333 0.095714 0.057143
1 0.867500 0.194762 0.087857 0.056190
1 0.822857 0.160476 0.075714 0.054286
1 0.748571 0.126190 0.032857 0.048571
1 0.840357 0.135238 0.076429 0.043810
1 0.810000 0.112857 0.065714 0.044762
1 0.797143 0.076190 0.042857 0.053333
7 0.955000 0.238571 0.025714 0.027619
0 0.853571 0.099524 0.024286 0.023810
7 0.859286 0.057143 0.024286 0.024762
1 0.875000 0.010952 0.027143 0.021905
1 0.922143 0.779048 0.104286 0.173333
1 0.972857 0.773810 0.054286 0.160952
1 0.924286 0.601429 0.081429 0.130476
1 0.919286 0.493810 0.124286 0.071429
2 0.864643 0.601905 0.092143 0.150476
