1 0.261071 0.937183 0.013571 0.029188
1 0.256786 0.982868 0.019286 0.031726
1 0.366429 0.697335 0.014286 0.031726
2 0.320357 0.894036 0.015000 0.036802
3 0.322500 0.924492 0.023571 0.057107
3 0.377143 0.792513 0.031429 0.077411
1 0.311429 0.828046 0.015714 0.034264
2 0.370714 0.720178 0.017143 0.031726
2 0.426786 0.675127 0.013571 0.030457
2 0.444643 0.630076 0.013571 0.029188
3 0.378214 0.630076 0.033571 0.077411
1 0.462857 0.587563 0.011429 0.020305
1 0.478214 0.550761 0.012143 0.025381
2 0.427143 0.592005 0.011429 0.026650
3 0.460000 0.556472 0.017143 0.041878
6 0.420000 0.571701 0.015714 0.034264
6 0.428571 0.626269 0.018571 0.039340
1 0.508571 0.473985 0.012857 0.021574
1 0.485000 0.500635 0.008571 0.021574
2 0.457500 0.479695 0.009286 0.017766
3 0.505714 0.411168 0.022857 0.048223
2 0.527143 0.436548 0.008571 0.022843
3 0.537143 0.381345 0.020000 0.044416
2 0.551429 0.381980 0.012857 0.022843
2 0.520714 0.318528 0.007143 0.017766
1 0.517143 0.430838 0.012857 0.016497
1 0.568214 0.350254 0.010714 0.017766
1 0.564286 0.330584 0.011429 0.019036
1 0.552857 0.324239 0.010000 0.019036
1 0.574643 0.276650 0.010714 0.015228
7 0.540000 0.410533 0.005714 0.011421
2 0.581071 0.299492 0.010714 0.022843
1 0.583929 0.321066 0.010714 0.022843
1 0.600714 0.286802 0.011429 0.017766
1 0.617500 0.188452 0.009286 0.016497
6 0.550000 0.234772 0.020000 0.048223
3 0.624643 0.218274 0.020714 0.035533
2 0.647143 0.274112 0.012857 0.020305
3 0.563929 0.709391 0.042143 0.048223
3 0.565714 0.689721 0.034286 0.039340
6 0.573571 0.675761 0.041429 0.041878
2 0.657857 0.130076 0.008571 0.016497
2 0.656071 0.189086 0.013571 0.022843
1 0.672143 0.151015 0.008571 0.015228
2 0.721071 0.082487 0.007857 0.017766
3 0.668929 0.671954 0.027857 0.034264
3 0.663214 0.722081 0.029286 0.032995
3 0.726071 0.039975 0.015000 0.026650
