0 0.488214 0.341371 0.049286 0.053299
0 0.431429 0.178934 0.031429 0.081218
0 0.562857 0.612310 0.048571 0.059645
0 0.663214 0.934010 0.053571 0.086294
0 0.608929 0.737944 0.046429 0.059645
0 0.359643 0.960660 0.050714 0.076142
0 0.321429 0.885152 0.057143 0.090102
0 0.278929 0.763325 0.039286 0.095178
0 0.201786 0.270939 0.043571 0.062183
0 0.238214 0.063452 0.029286 0.073604
0 0.175714 0.179569 0.047143 0.069797
0 0.163571 0.146574 0.035714 0.057107
0 0.152143 0.055203 0.048571 0.064721
0 0.147143 0.845812 0.061429 0.087563
0 0.160714 0.779188 0.058571 0.078680
0 0.134286 0.698604 0.041429 0.054569
0 0.132143 0.652284 0.057143 0.078680
0 0.127143 0.609772 0.054286 0.074873
0 0.120000 0.505076 0.055714 0.073604
0 0.106786 0.470178 0.053571 0.077411
0 0.085714 0.399746 0.050000 0.068528
0 0.083571 0.352157 0.052857 0.064721
0 0.068571 0.288071 0.052857 0.065990
0 0.066786 0.253173 0.050714 0.067259
0 0.056786 0.223985 0.052143 0.062183
0 0.049643 0.190355 0.046429 0.063452
0 0.046429 0.156091 0.048571 0.048223
0 0.055000 0.068528 0.047143 0.058376
0 0.066071 0.032360 0.047857 0.059645
0 0.185357 0.978426 0.063571 0.040609
0 0.157143 0.369289 0.030000 0.088832
