1 0.476786 0.943810 0.055000 0.112381
1 0.523929 0.925238 0.057857 0.130476
1 0.588571 0.910476 0.058571 0.140952
1 0.644286 0.932381 0.061429 0.135238
1 0.668571 0.768095 0.051429 0.117143
1 0.616786 0.739048 0.049286 0.104762
1 0.567857 0.760952 0.042857 0.093333
1 0.607143 0.647619 0.041429 0.074286
1 0.700357 0.610952 0.046429 0.090476
1 0.666429 0.574762 0.038571 0.075238
1 0.687143 0.464762 0.032857 0.057143
1 0.759286 0.265238 0.024286 0.040952
1 0.837143 0.139524 0.018571 0.025714
3 0.767857 0.217619 0.018571 0.037143
3 0.739643 0.176667 0.022143 0.040952
1 0.791786 0.143333 0.016429 0.023810
1 0.770000 0.144286 0.014286 0.021905
1 0.766786 0.112381 0.013571 0.019048
1 0.782857 0.100000 0.012857 0.024762
1 0.791071 0.057619 0.010714 0.018095
1 0.773214 0.054762 0.009286 0.016190
3 0.819643 0.024762 0.016429 0.026667
1 0.806429 0.016190 0.008571 0.015238
1 0.800714 0.020476 0.008571 0.014286
1 0.786786 0.032381 0.009286 0.013333
1 0.782857 0.028095 0.007143 0.012381
1 0.795000 0.014762 0.007143 0.012381
1 0.746071 0.077619 0.015000 0.014286
3 0.758929 0.050000 0.016429 0.021905
1 0.767143 0.022857 0.010000 0.009524
1 0.769286 0.018571 0.008571 0.008571
1 0.770357 0.016667 0.010714 0.006667
1 0.771071 0.013810 0.010714 0.006667
1 0.772143 0.010476 0.010000 0.003810
1 0.772857 0.009524 0.008571 0.005714
1 0.774643 0.006190 0.009286 0.004762
7 0.731786 0.138571 0.007857 0.012381
1 0.715714 0.157143 0.020000 0.019048
1 0.705357 0.132381 0.009286 0.011429
1 0.730000 0.079048 0.008571 0.009524
1 0.633214 0.331905 0.017857 0.029524
1 0.617857 0.345238 0.017143 0.031429
1 0.602143 0.355714 0.017143 0.029524
1 0.516071 0.480000 0.026429 0.024762
1 0.507143 0.498571 0.027143 0.023810
5 0.474643 0.504286 0.017857 0.020000
1 0.441429 0.560476 0.027143 0.027619
1 0.427857 0.566667 0.015714 0.030476
2 0.417143 0.572857 0.014286 0.033333
1 0.398571 0.589048 0.015714 0.029524
1 0.386071 0.599048 0.015000 0.030476
1 0.374286 0.608095 0.012857 0.025714
1 0.361071 0.620476 0.015000 0.027619
2 0.355000 0.599048 0.018571 0.020952
1 0.215357 0.724286 0.009286 0.012381
1 0.216786 0.716190 0.010714 0.009524
1 0.198214 0.714762 0.009286 0.010476
1 0.188929 0.705238 0.006429 0.008571
1 0.019286 0.911905 0.010000 0.014286
1 0.032857 0.887143 0.008571 0.012381
1 0.041071 0.870476 0.007857 0.011429
1 0.044643 0.856667 0.005000 0.006667
1 0.046786 0.850476 0.005000 0.007619
1 0.054643 0.840000 0.006429 0.011429
1 0.050714 0.837619 0.005714 0.008571
1 0.059286 0.827619 0.007143 0.007619
