0 0.203929 0.022857 0.049286 0.045714
0 0.271071 0.019048 0.047857 0.034286
0 0.256071 0.107143 0.056429 0.109524
0 0.303929 0.160476 0.049286 0.134286
0 0.187500 0.109048 0.067857 0.092381
0 0.375000 0.337619 0.050000 0.149524
0 0.192500 0.560476 0.085000 0.180000
0 0.151071 0.801429 0.095000 0.223810
0 0.063571 0.715714 0.094286 0.200952
0 0.033929 0.940476 0.067857 0.103810
0 0.691429 0.024286 0.047143 0.048571
0 0.765714 0.050000 0.058571 0.100000
0 0.711071 0.116190 0.063571 0.114286
0 0.907500 0.039524 0.096429 0.061905
0 0.931071 0.090476 0.100714 0.062857
0 0.945000 0.146667 0.110000 0.068571
0 0.953929 0.207143 0.092143 0.071429
0 0.788929 0.155238 0.066429 0.125714
0 0.822857 0.443333 0.074286 0.159048
0 0.761429 0.467619 0.074286 0.140952
0 0.863571 0.648095 0.085714 0.185714
0 0.793214 0.664286 0.083571 0.178095
0 0.722857 0.642381 0.081429 0.197143
0 0.945714 0.559048 0.102857 0.123810
0 0.915000 0.904762 0.107143 0.182857
