0 0.302500 0.315714 0.030714 0.056190
0 0.318571 0.039524 0.025714 0.016190
0 0.382857 0.038571 0.027143 0.012381
0 0.401786 0.358571 0.022143 0.054286
0 0.384643 0.600000 0.032143 0.080000
0 0.377143 0.708571 0.031429 0.072381
0 0.374643 0.946667 0.046429 0.106667
2 0.470357 0.879524 0.043571 0.218095
0 0.482143 0.522381 0.027143 0.082857
0 0.429286 0.510000 0.025714 0.071429
0 0.329643 0.401905 0.029286 0.064762
0 0.435357 0.033333 0.022143 0.015238
0 0.468571 0.015238 0.010000 0.013333
0 0.450714 0.006667 0.010000 0.013333
0 0.479643 0.093810 0.012143 0.018095
0 0.461429 0.096190 0.012857 0.017143
0 0.440714 0.135714 0.017143 0.029524
0 0.466071 0.126190 0.013571 0.016190
0 0.462857 0.111905 0.012857 0.016190
0 0.477143 0.080952 0.010000 0.011429
0 0.408929 0.254762 0.016429 0.029524
0 0.410000 0.230000 0.017143 0.025714
0 0.414286 0.165714 0.014286 0.020952
0 0.413214 0.185238 0.017857 0.025714
0 0.411429 0.204762 0.020000 0.017143
0 0.403214 0.322857 0.026429 0.036190
0 0.405000 0.288571 0.022857 0.034286
0 0.595357 0.711429 0.043571 0.106667
0 0.557143 0.527143 0.028571 0.069524
0 0.532500 0.357143 0.022143 0.040000
0 0.541786 0.401429 0.027857 0.040952
0 0.517143 0.223333 0.021429 0.033333
0 0.512143 0.195714 0.024286 0.035238
1 0.626429 0.892381 0.075714 0.215238
1 0.622500 0.617143 0.057857 0.161905
2 0.566786 0.146667 0.029286 0.022857
2 0.572500 0.159048 0.030714 0.020952
2 0.581071 0.173333 0.029286 0.019048
0 0.599286 0.227143 0.037143 0.025714
0 0.594286 0.211905 0.038571 0.025714
0 0.586786 0.196190 0.036429 0.028571
0 0.688571 0.120952 0.018571 0.030476
0 0.253929 0.437619 0.065000 0.040952
0 0.265714 0.408095 0.058571 0.037143
0 0.265714 0.379048 0.057143 0.032381
0 0.266071 0.351905 0.047857 0.033333
0 0.269643 0.327143 0.040714 0.033333
0 0.218214 0.545238 0.072143 0.048571
0 0.183571 0.674762 0.050000 0.096190
0 0.099286 0.929048 0.085714 0.141905
0 0.143571 0.782381 0.064286 0.100000
0 0.241071 0.819048 0.057857 0.139048
