1 0.098929 0.116117 0.019286 0.044416
1 0.085714 0.260152 0.038571 0.025381
2 0.175714 0.293147 0.044286 0.032995
2 0.218571 0.253807 0.037143 0.032995
2 0.126429 0.379442 0.040000 0.027919
6 0.127143 0.418147 0.061429 0.036802
7 0.213214 0.377538 0.016429 0.016497
1 0.232143 0.414340 0.040000 0.021574
2 0.343214 0.281091 0.036429 0.034264
1 0.325714 0.411802 0.032857 0.024112
1 0.319286 0.375635 0.035714 0.027919
2 0.373929 0.373096 0.037857 0.032995
2 0.382143 0.413706 0.037143 0.035533
1 0.245357 0.009518 0.013571 0.019036
6 0.194643 0.457487 0.083571 0.052030
1 0.295000 0.453680 0.038571 0.029188
6 0.462500 0.361675 0.095000 0.060914
