0 0.550887 0.700835 0.034969 0.047310
0 0.712944 0.610853 0.024008 0.026902
0 0.662317 0.548701 0.015658 0.032468
0 0.258351 0.548237 0.032359 0.027829
0 0.144050 0.549629 0.037578 0.028757
0 0.259395 0.485622 0.027140 0.025046
0 0.414144 0.415584 0.021399 0.018553
0 0.458768 0.396568 0.014614 0.013915
0 0.597077 0.321429 0.008351 0.013915
0 0.619781 0.332096 0.007829 0.011132
0 0.627349 0.306122 0.008351 0.009276
0 0.641701 0.305195 0.006785 0.011132
0 0.731994 0.273655 0.005741 0.007421
0 0.722599 0.272727 0.005741 0.007421
0 0.687370 0.281076 0.005219 0.007421
0 0.682150 0.263451 0.008351 0.005566
