1 0.496071 0.054569 0.013571 0.040609
1 0.518571 0.064721 0.014286 0.040609
1 0.495714 0.262690 0.012857 0.048223
1 0.549643 0.250000 0.015000 0.055838
1 0.551786 0.351523 0.016429 0.053299
1 0.549643 0.449239 0.019286 0.065990
1 0.550714 0.550761 0.020000 0.068528
1 0.558571 0.682741 0.020000 0.083756
1 0.555714 0.819162 0.024286 0.097716
1 0.519286 0.865482 0.022857 0.101523
1 0.521429 0.699239 0.020000 0.078680
1 0.491071 0.687183 0.022143 0.085025
1 0.491786 0.578046 0.020714 0.069797
1 0.520000 0.555838 0.021429 0.071066
1 0.494643 0.370558 0.016429 0.058376
2 0.546786 0.151015 0.016429 0.045685
2 0.492500 0.467005 0.015000 0.060914
2 0.485357 0.829315 0.019286 0.082487
3 0.522143 0.411802 0.021429 0.095178
3 0.521429 0.234772 0.018571 0.078680
1 0.561786 0.966371 0.027857 0.064721
1 0.523571 0.982868 0.017143 0.031726
