0 0.708250 0.583000 0.014500 0.034000
7 0.662500 0.547000 0.019000 0.022000
7 0.609750 0.720000 0.035500 0.020000
7 0.625000 0.700000 0.040000 0.030667
7 0.638500 0.757333 0.043000 0.030667
7 0.644250 0.741667 0.037500 0.030000
7 0.644750 0.795000 0.039500 0.026000
7 0.625500 0.814333 0.040000 0.031333
7 0.641750 0.827333 0.038500 0.033333
7 0.642000 0.843333 0.042000 0.028000
7 0.632250 0.884000 0.050500 0.024000
7 0.652000 0.903000 0.049000 0.032667
7 0.644000 0.918333 0.046000 0.030000
4 0.634750 0.983667 0.053500 0.024667
4 0.636250 0.966000 0.054500 0.032000
4 0.630750 0.951333 0.051500 0.033333
4 0.632500 0.936000 0.050000 0.029333
4 0.631750 0.863000 0.046500 0.027333
4 0.598250 0.795000 0.015500 0.058000
7 0.674500 0.826000 0.014000 0.061333
7 0.785500 0.783000 0.021000 0.059333
4 0.665750 0.677667 0.026500 0.070000
7 0.847250 0.515333 0.031500 0.025333
7 0.872500 0.498333 0.030000 0.018000
1 0.882750 0.554333 0.091500 0.046000
1 0.781500 0.547667 0.085000 0.043333
1 0.943250 0.476333 0.065500 0.036667
1 0.976750 0.561000 0.046500 0.043333
1 0.732750 0.442667 0.044500 0.032000
1 0.676750 0.463333 0.067500 0.033333
1 0.508250 0.458333 0.066500 0.035333
1 0.427500 0.452667 0.066000 0.037333
1 0.388250 0.528333 0.069500 0.043333
1 0.340750 0.449000 0.063500 0.035333
1 0.224750 0.523667 0.076500 0.038000
1 0.068250 0.516667 0.070500 0.038667
1 0.120250 0.447667 0.059500 0.031333
1 0.055000 0.444667 0.060000 0.026667
0 0.016250 0.582333 0.032500 0.018000
2 0.311250 0.523333 0.066500 0.048000
2 0.605500 0.536333 0.064000 0.050000
5 0.590250 0.461333 0.040500 0.044000
7 0.321500 0.294333 0.012000 0.015333
1 0.267250 0.345000 0.045500 0.027333
1 0.253750 0.360667 0.043500 0.028000
1 0.291500 0.403333 0.035000 0.032000
1 0.360250 0.298000 0.023500 0.024000
1 0.372250 0.354667 0.047500 0.024000
1 0.347750 0.339333 0.026500 0.026667
1 0.347000 0.282333 0.033000 0.020667
1 0.403750 0.249667 0.029500 0.019333
1 0.393750 0.253000 0.023500 0.018000
1 0.382750 0.256333 0.028500 0.018000
1 0.374250 0.262333 0.032500 0.022000
1 0.365500 0.270333 0.035000 0.019333
2 0.402000 0.269000 0.028000 0.036667
4 0.417000 0.287000 0.016000 0.018000
1 0.440000 0.231000 0.027000 0.014000
1 0.754250 0.215667 0.019500 0.018000
1 0.768750 0.203000 0.022500 0.011333
1 0.776500 0.207000 0.021000 0.011333
1 0.826250 0.245333 0.028500 0.016000
1 0.772750 0.280333 0.036500 0.014000
1 0.775500 0.286000 0.044000 0.017333
1 0.778250 0.296000 0.040500 0.021333
1 0.802000 0.358000 0.043000 0.028000
2 0.827500 0.367000 0.071000 0.046000
3 0.687750 0.289000 0.048500 0.031333
2 0.684000 0.270667 0.039000 0.022667
2 0.803500 0.255000 0.036000 0.023333
1 0.738750 0.254000 0.024500 0.021333
1 0.792000 0.214000 0.023000 0.014667
1 0.984250 0.259000 0.031500 0.020667
1 0.934250 0.187667 0.010500 0.015333
1 0.946750 0.203000 0.011500 0.016667
1 0.973250 0.216333 0.034500 0.015333
1 0.971750 0.210333 0.035500 0.014000
2 0.945000 0.196667 0.012000 0.016000
2 0.943750 0.192000 0.011500 0.012000
