1 0.500000 0.826667 0.065714 0.125714
1 0.308571 0.905238 0.080000 0.147619
2 0.293929 0.586667 0.083571 0.064762
1 0.296786 0.545238 0.073571 0.056190
1 0.300000 0.473333 0.075714 0.072381
1 0.338214 0.430000 0.075000 0.077143
1 0.365000 0.368571 0.071429 0.060952
1 0.376786 0.334286 0.075000 0.064762
1 0.450357 0.452381 0.057857 0.083810
2 0.494643 0.456190 0.055000 0.100952
1 0.441429 0.173810 0.048571 0.067619
1 0.477143 0.118571 0.042857 0.056190
1 0.615714 0.440952 0.057143 0.108571
7 0.883214 0.849048 0.049286 0.029524
7 0.923929 0.839048 0.032143 0.053333
1 0.881429 0.755714 0.092857 0.088571
7 0.917500 0.724286 0.040714 0.020000
2 0.892143 0.671905 0.101429 0.063810
3 0.909286 0.397619 0.108571 0.111429
1 0.927857 0.364286 0.074286 0.067619
2 0.934643 0.325714 0.055000 0.059048
1 0.937857 0.295238 0.067143 0.055238
1 0.936786 0.263810 0.076429 0.057143
1 0.948929 0.202857 0.073571 0.051429
1 0.955000 0.173333 0.067143 0.049524
2 0.953571 0.139524 0.048571 0.046667
1 0.957500 0.117619 0.055000 0.044762
2 0.961429 0.090476 0.050000 0.047619
1 0.965357 0.072857 0.062143 0.044762
1 0.192143 0.749524 0.100000 0.085714
1 0.192500 0.673810 0.095000 0.090476
