0 0.017000 0.926667 0.034000 0.053333
0 0.030750 0.873333 0.061500 0.053333
0 0.072500 0.833000 0.075000 0.052667
0 0.105750 0.805333 0.060500 0.034667
0 0.127250 0.778667 0.061500 0.038667
0 0.163250 0.741667 0.025500 0.038000
0 0.226750 0.784667 0.033500 0.057333
0 0.097250 0.742000 0.026500 0.038667
0 0.098750 0.704667 0.021500 0.033333
0 0.061000 0.727000 0.029000 0.032667
0 0.028750 0.739667 0.039500 0.034000
0 0.016250 0.788333 0.032500 0.042000
0 0.169250 0.708000 0.021500 0.033333
0 0.198500 0.666333 0.018000 0.044667
0 0.247750 0.713667 0.019500 0.038000
0 0.268000 0.748000 0.061000 0.034667
0 0.307750 0.725000 0.048500 0.034000
0 0.277000 0.774000 0.058000 0.041333
0 0.283500 0.793667 0.066000 0.047333
0 0.284750 0.837667 0.064500 0.078000
0 0.504750 0.882333 0.041500 0.079333
0 0.114250 0.579333 0.021500 0.022667
0 0.082500 0.556000 0.017000 0.020000
0 0.173500 0.669333 0.020000 0.025333
0 0.248250 0.656667 0.016500 0.030667
0 0.244250 0.633000 0.017500 0.024667
0 0.242000 0.610333 0.016000 0.022000
0 0.239750 0.592000 0.014500 0.018667
0 0.236750 0.573000 0.013500 0.015333
0 0.235500 0.558333 0.012000 0.015333
0 0.233250 0.544333 0.010500 0.015333
0 0.232500 0.528667 0.011000 0.012000
0 0.230000 0.513000 0.008000 0.011333
0 0.097500 0.526333 0.021000 0.012667
0 0.101500 0.531333 0.017000 0.012000
0 0.109000 0.533333 0.017000 0.012000
0 0.113750 0.536667 0.015500 0.012000
0 0.119500 0.541333 0.022000 0.014667
0 0.177250 0.632000 0.020500 0.030667
0 0.178500 0.611333 0.022000 0.024000
0 0.181250 0.597000 0.018500 0.020667
0 0.185000 0.576667 0.017000 0.022667
0 0.187250 0.563667 0.015500 0.018000
0 0.191500 0.536333 0.013000 0.023333
0 0.195750 0.511333 0.010500 0.012000
0 0.211000 0.514000 0.009000 0.013333
0 0.228000 0.498333 0.010000 0.011333
0 0.228000 0.492667 0.008000 0.009333
0 0.228000 0.486667 0.007000 0.008000
0 0.227500 0.476333 0.006000 0.011333
0 0.227000 0.465667 0.006000 0.011333
0 0.226000 0.454000 0.006000 0.009333
0 0.225500 0.448000 0.005000 0.005333
0 0.224000 0.443000 0.004000 0.006000
0 0.223500 0.435333 0.003000 0.005333
0 0.166250 0.470667 0.015500 0.009333
0 0.159250 0.470000 0.014500 0.009333
0 0.149750 0.467333 0.013500 0.008000
2 0.529250 0.772667 0.057500 0.044000
0 0.693250 0.902333 0.067500 0.056667
0 0.905000 0.818333 0.056000 0.046000
0 0.977000 0.779667 0.046000 0.043333
0 0.910500 0.706000 0.042000 0.033333
0 0.912500 0.694667 0.054000 0.034667
0 0.935000 0.692000 0.060000 0.037333
0 0.957750 0.687333 0.055500 0.036000
0 0.863250 0.591000 0.028500 0.024667
0 0.909000 0.584667 0.036000 0.022667
0 0.922000 0.610000 0.039000 0.026667
0 0.974500 0.627667 0.044000 0.031333
0 0.976250 0.586667 0.039500 0.018667
0 0.902500 0.554333 0.031000 0.015333
0 0.662750 0.488667 0.019500 0.012000
0 0.604000 0.470667 0.014000 0.010667
0 0.631750 0.455333 0.012500 0.008000
0 0.619000 0.456000 0.013000 0.009333
0 0.597500 0.453333 0.013000 0.008000
0 0.584500 0.454667 0.011000 0.009333
0 0.664500 0.453000 0.012000 0.008667
0 0.629250 0.449333 0.008500 0.006667
0 0.552500 0.465000 0.011000 0.010000
0 0.468250 0.490667 0.011500 0.013333
1 0.449250 0.481667 0.019500 0.022000
0 0.443000 0.527667 0.019000 0.011333
2 0.400500 0.509000 0.037000 0.016667
0 0.366750 0.491333 0.019500 0.009333
0 0.393000 0.490667 0.020000 0.009333
2 0.381250 0.481000 0.020500 0.012667
0 0.430500 0.476000 0.017000 0.008000
0 0.420000 0.469333 0.016000 0.009333
2 0.413500 0.462667 0.017000 0.008000
0 0.407750 0.460000 0.012500 0.008000
0 0.400500 0.457333 0.010000 0.006667
2 0.387750 0.447333 0.016500 0.010667
2 0.384500 0.445333 0.019000 0.014667
