0 0.599426 0.538033 0.031837 0.051948
0 0.884916 0.655844 0.053758 0.042672
0 0.800365 0.436456 0.037056 0.023191
0 0.749478 0.210111 0.020877 0.015770
0 0.879175 0.220779 0.024530 0.018553
0 0.885699 0.321429 0.021921 0.030612
0 0.903967 0.348330 0.020877 0.025046
0 0.925104 0.377087 0.023486 0.032468
0 0.953027 0.422542 0.029228 0.034323
0 0.981211 0.457792 0.029228 0.041744
0 0.989040 0.772263 0.020877 0.067718
0 0.988518 0.224954 0.021921 0.017625
1 0.934499 0.211503 0.062109 0.037106
1 0.953027 0.352505 0.055324 0.076067
1 0.913100 0.304267 0.050626 0.076067
0 0.745042 0.158627 0.009916 0.016698
0 0.757307 0.158627 0.011482 0.016698
0 0.737213 0.144712 0.009916 0.014842
0 0.758873 0.143321 0.010438 0.015770
0 0.747390 0.142857 0.011482 0.016698
0 0.738779 0.129406 0.010960 0.013915
0 0.714770 0.091837 0.007829 0.012987
0 0.708246 0.081633 0.007307 0.009276
0 0.696503 0.075139 0.006785 0.011132
0 0.699113 0.064007 0.006785 0.009276
