1 0.448929 0.974286 0.070714 0.051429
1 0.646071 0.892857 0.062143 0.044762
1 0.670357 0.869524 0.060714 0.040000
1 0.527500 0.780000 0.042143 0.028571
2 0.580000 0.695714 0.027143 0.020000
1 0.607143 0.698095 0.022857 0.019048
1 0.397143 0.763810 0.035714 0.026667
1 0.380714 0.733810 0.031429 0.021905
1 0.305714 0.735238 0.030000 0.026667
1 0.312857 0.718095 0.028571 0.020952
3 0.237857 0.681905 0.022857 0.017143
1 0.276786 0.666190 0.019286 0.016190
1 0.041429 0.915714 0.041429 0.056190
1 0.184286 0.654286 0.020000 0.015238
2 0.159286 0.653333 0.017143 0.017143
3 0.100714 0.679524 0.022857 0.031429
1 0.168214 0.617619 0.013571 0.012381
1 0.109643 0.592857 0.010714 0.012381
1 0.092500 0.611905 0.010714 0.012381
1 0.078571 0.602381 0.010000 0.010476
1 0.067143 0.604762 0.011429 0.009524
1 0.048929 0.597143 0.009286 0.007619
1 0.053571 0.590952 0.008571 0.008571
1 0.035357 0.589048 0.009286 0.008571
1 0.821786 0.576667 0.009286 0.008571
