1 0.502857 0.308095 0.024286 0.014286
1 0.468929 0.300952 0.015000 0.011429
1 0.443571 0.298095 0.024286 0.011429
7 0.517500 0.351429 0.019286 0.017143
7 0.524643 0.352381 0.015000 0.015238
7 0.518214 0.371905 0.009286 0.018095
7 0.393929 0.364762 0.022143 0.020952
7 0.379286 0.383810 0.021429 0.019048
0 0.292143 0.471429 0.042857 0.041905
0 0.310357 0.460952 0.033571 0.032381
0 0.325714 0.446190 0.032857 0.023810
0 0.343571 0.430476 0.032857 0.024762
7 0.346786 0.417143 0.032143 0.024762
0 0.282500 0.416190 0.033571 0.024762
0 0.271786 0.421905 0.027857 0.024762
0 0.250000 0.435238 0.042857 0.036190
3 0.142857 0.258095 0.047143 0.030476
3 0.113929 0.253810 0.040714 0.023810
3 0.195357 0.257619 0.027857 0.020000
3 0.244643 0.255714 0.013571 0.018095
