7 0.459643 0.265714 0.007857 0.011429
7 0.466429 0.257619 0.008571 0.014286
7 0.394643 0.166667 0.006429 0.009524
4 0.422500 0.164286 0.013571 0.014286
2 0.362143 0.153333 0.011429 0.019048
7 0.373571 0.151429 0.004286 0.007619
1 0.855714 0.088095 0.018571 0.010476
2 0.871429 0.090476 0.017143 0.013333
1 0.804643 0.074762 0.015000 0.008571
1 0.800000 0.071905 0.015714 0.010476
1 0.794643 0.070476 0.012143 0.009524
1 0.737143 0.055714 0.018571 0.010476
1 0.725714 0.052857 0.014286 0.008571
1 0.709286 0.042381 0.014286 0.006667
