1 0.123000 0.322333 0.060000 0.035333
1 0.201500 0.251000 0.050000 0.027333
1 0.105000 0.250000 0.033000 0.029333
3 0.121250 0.131000 0.043500 0.044667
3 0.041750 0.103000 0.023500 0.016667
1 0.158000 0.097667 0.020000 0.010000
2 0.169000 0.092000 0.016000 0.010667
1 0.290250 0.205667 0.039500 0.024667
1 0.295000 0.193000 0.040000 0.016667
1 0.299000 0.179667 0.036000 0.019333
1 0.304750 0.157667 0.033500 0.016667
1 0.307750 0.148667 0.030500 0.013333
1 0.306250 0.140333 0.030500 0.012667
1 0.306750 0.129000 0.027500 0.012667
1 0.310000 0.122000 0.027000 0.012000
1 0.315000 0.109667 0.013000 0.015333
1 0.316250 0.088333 0.015500 0.011333
1 0.353250 0.076333 0.015500 0.010000
1 0.354000 0.073667 0.015000 0.006000
1 0.371500 0.072667 0.009000 0.009333
1 0.359500 0.084667 0.018000 0.005333
1 0.361000 0.086667 0.018000 0.006667
1 0.361250 0.089333 0.017500 0.008000
1 0.360750 0.094000 0.019500 0.008000
1 0.363250 0.098333 0.019500 0.008667
1 0.364000 0.103000 0.021000 0.010000
1 0.366000 0.111333 0.023000 0.008000
1 0.366750 0.117000 0.024500 0.012667
1 0.368750 0.126667 0.025500 0.013333
1 0.370750 0.135333 0.026500 0.010667
1 0.372750 0.138333 0.028500 0.012667
1 0.368000 0.146333 0.029000 0.015333
1 0.378500 0.161333 0.033000 0.020000
1 0.389250 0.201000 0.040500 0.022000
1 0.383500 0.185333 0.038000 0.020000
7 0.415500 0.179000 0.015000 0.014000
7 0.400250 0.128667 0.012500 0.010667
2 0.343500 0.054000 0.011000 0.006667
1 0.444500 0.211333 0.031000 0.024000
1 0.465750 0.216333 0.031500 0.024667
2 0.517250 0.224333 0.035500 0.031333
7 0.491500 0.202333 0.006000 0.015333
0 0.923750 0.274667 0.017500 0.014667
1 0.945750 0.246333 0.060500 0.031333
1 0.857500 0.256667 0.058000 0.033333
1 0.746500 0.260000 0.030000 0.030667
1 0.710250 0.258667 0.032500 0.029333
1 0.667750 0.241000 0.017500 0.027333
1 0.630250 0.243000 0.022500 0.028667
1 0.599500 0.246667 0.022000 0.029333
1 0.572000 0.233333 0.029000 0.025333
1 0.545750 0.228333 0.036500 0.024667
