0 0.569643 0.020952 0.010714 0.015238
0 0.562143 0.028571 0.011429 0.017143
0 0.555357 0.043810 0.013571 0.017143
0 0.635357 0.058095 0.012143 0.015238
0 0.605714 0.078571 0.012857 0.016190
2 0.587500 0.117143 0.013571 0.020952
0 0.613571 0.172857 0.012857 0.021905
0 0.503214 0.085714 0.025000 0.015238
0 0.471429 0.081905 0.020000 0.019048
0 0.487857 0.101905 0.022857 0.015238
0 0.522143 0.175714 0.015714 0.025714
0 0.506429 0.173333 0.014286 0.022857
0 0.504286 0.195714 0.015714 0.023810
0 0.497857 0.221905 0.014286 0.026667
0 0.486429 0.295238 0.017143 0.032381
0 0.481786 0.322857 0.016429 0.028571
2 0.460000 0.427143 0.015714 0.025714
2 0.453214 0.466667 0.025000 0.060952
0 0.448929 0.530952 0.032143 0.048571
0 0.433214 0.586190 0.026429 0.060000
0 0.401071 0.755714 0.036429 0.079048
0 0.382857 0.848571 0.038571 0.089524
0 0.364286 0.953333 0.045714 0.093333
0 0.616429 0.949524 0.030000 0.085714
0 0.618214 0.844762 0.027857 0.083810
0 0.617857 0.757619 0.025714 0.069524
0 0.585357 0.470476 0.020714 0.047619
0 0.613571 0.420952 0.018571 0.038095
0 0.615000 0.345238 0.020000 0.033333
0 0.615357 0.279048 0.016429 0.028571
0 0.655357 0.214762 0.033571 0.018095
