0 0.525000 0.673333 0.095000 0.076000
0 0.693250 0.493000 0.062500 0.043333
0 0.618000 0.457000 0.053000 0.043333
0 0.590500 0.429333 0.035000 0.032000
0 0.540000 0.392000 0.031000 0.037333
2 0.339250 0.673667 0.206500 0.262000
2 0.131250 0.403000 0.093500 0.116667
0 0.905750 0.447333 0.049500 0.042667
0 0.006750 0.220667 0.011500 0.034667
0 0.378000 0.262000 0.040000 0.025333
0 0.283500 0.241333 0.025000 0.017333
0 0.234750 0.251667 0.028500 0.014000
0 0.255500 0.262000 0.033000 0.016000
0 0.223750 0.241667 0.026500 0.008667
0 0.207500 0.230333 0.024000 0.011333
0 0.204000 0.209000 0.017000 0.014000
0 0.202000 0.191000 0.015000 0.012667
0 0.197500 0.184667 0.018000 0.008000
0 0.165250 0.181333 0.017500 0.016000
