7 0.614000 0.966000 0.018000 0.061333
7 0.709750 0.897000 0.033500 0.088667
7 0.756000 0.888333 0.037000 0.082000
7 0.800250 0.815000 0.059500 0.038000
4 0.561250 0.849333 0.081500 0.053333
0 0.567250 0.829667 0.050500 0.035333
0 0.567250 0.772667 0.047500 0.038667
0 0.562750 0.762000 0.042500 0.030667
0 0.557750 0.743000 0.044500 0.047333
0 0.556500 0.728333 0.042000 0.032667
0 0.553750 0.709667 0.042500 0.042000
0 0.551000 0.696000 0.044000 0.033333
0 0.549250 0.677667 0.043500 0.030000
0 0.543500 0.667000 0.043000 0.026000
0 0.543250 0.655667 0.044500 0.030000
7 0.554000 0.637333 0.037000 0.029333
7 0.559250 0.623333 0.043500 0.040000
0 0.542250 0.613000 0.038500 0.032667
0 0.538500 0.599333 0.041000 0.028000
7 0.546250 0.575333 0.039500 0.033333
7 0.545250 0.566667 0.035500 0.040000
7 0.530000 0.560667 0.034000 0.037333
7 0.546500 0.540333 0.035000 0.038000
7 0.573500 0.555000 0.015000 0.055333
0 0.504500 0.546333 0.015000 0.050000
7 0.537000 0.502333 0.037000 0.030000
7 0.540750 0.491000 0.034500 0.031333
4 0.662000 0.491333 0.028000 0.062667
7 0.507750 0.479333 0.031500 0.032000
7 0.522500 0.457000 0.034000 0.047333
4 0.555250 0.435333 0.025500 0.064000
0 0.586500 0.336000 0.014000 0.029333
1 0.647750 0.295000 0.078500 0.048667
1 0.734250 0.285000 0.078500 0.047333
1 0.065500 0.375000 0.097000 0.054000
2 0.166250 0.355333 0.082500 0.058667
1 0.258500 0.346667 0.081000 0.052000
1 0.187750 0.268667 0.077500 0.050667
1 0.288250 0.257000 0.071500 0.050000
1 0.377500 0.248667 0.069000 0.042667
7 0.405500 0.274000 0.027000 0.024000
1 0.113500 0.223333 0.045000 0.042667
1 0.053500 0.176667 0.064000 0.034667
1 0.067500 0.156000 0.061000 0.029333
1 0.201000 0.148333 0.061000 0.035333
1 0.164750 0.135333 0.036500 0.034667
1 0.163500 0.094000 0.029000 0.034667
7 0.122500 0.079667 0.016000 0.016667
2 0.153000 0.064333 0.046000 0.026000
1 0.171500 0.047000 0.046000 0.022000
3 0.215750 0.044000 0.042500 0.049333
4 0.240750 0.062333 0.019500 0.024667
4 0.250250 0.073667 0.009500 0.016667
7 0.283000 0.121333 0.011000 0.022667
7 0.268500 0.121333 0.010000 0.022667
1 0.179500 0.037667 0.040000 0.024667
1 0.188250 0.030000 0.035500 0.022667
1 0.201750 0.023667 0.035500 0.020667
1 0.212500 0.016667 0.040000 0.018667
2 0.486000 0.314000 0.065000 0.061333
7 0.539250 0.314000 0.015500 0.029333
1 0.546500 0.228667 0.067000 0.041333
1 0.600000 0.201667 0.042000 0.040667
3 0.681750 0.108333 0.067500 0.054000
1 0.656250 0.103333 0.039500 0.032000
4 0.528250 0.054667 0.022500 0.016000
3 0.542500 0.034000 0.051000 0.045333
1 0.543500 0.018000 0.047000 0.026667
1 0.535750 0.024667 0.042500 0.026667
1 0.633500 0.034333 0.040000 0.028667
1 0.629750 0.027333 0.044500 0.022667
1 0.626500 0.019333 0.038000 0.018667
1 0.784250 0.202667 0.056500 0.038667
1 0.818750 0.274667 0.053500 0.041333
1 0.876750 0.032000 0.028500 0.025333
2 0.844500 0.011333 0.030000 0.022667
