7 0.655000 0.214667 0.020000 0.044000
1 0.841250 0.078000 0.090500 0.058667
7 0.804750 0.016333 0.016500 0.032667
7 0.828250 0.016333 0.017500 0.032667
7 0.845500 0.021333 0.024000 0.040000
2 0.039000 0.106667 0.058000 0.082667
1 0.151250 0.092000 0.044500 0.073333
1 0.043500 0.026000 0.077000 0.052000
1 0.133750 0.021667 0.097500 0.043333
2 0.217750 0.070667 0.038500 0.073333
1 0.247250 0.011667 0.081500 0.023333
2 0.273000 0.065667 0.046000 0.112667
1 0.332000 0.059000 0.048000 0.084667
1 0.432000 0.042000 0.047000 0.080000
2 0.381250 0.044667 0.047500 0.073333
2 0.477000 0.039000 0.043000 0.078000
