0 0.446071 0.331429 0.050714 0.121905
0 0.536786 0.023810 0.039286 0.047619
0 0.541786 0.112857 0.033571 0.075238
0 0.547143 0.205714 0.042857 0.089524
0 0.411429 0.570476 0.092857 0.160000
0 0.657857 0.017143 0.081429 0.034286
0 0.681071 0.070476 0.087857 0.053333
0 0.739643 0.348095 0.057857 0.115238
0 0.892500 0.095238 0.086429 0.055238
0 0.934643 0.172857 0.096429 0.063810
0 0.819286 0.332381 0.060000 0.112381
0 0.891429 0.328571 0.068571 0.112381
0 0.951429 0.329524 0.075714 0.127619
0 0.986786 0.311429 0.026429 0.100952
0 0.872500 0.618571 0.122143 0.080952
0 0.151786 0.561905 0.132143 0.085714
