0 0.475209 0.679499 0.021399 0.067718
2 0.526357 0.480983 0.048539 0.128942
7 0.490866 0.293135 0.008873 0.035250
7 0.395094 0.155844 0.015658 0.018553
5 0.417276 0.160019 0.010960 0.036178
4 0.394572 0.177644 0.012526 0.028757
0 0.379697 0.184601 0.014092 0.018553
0 0.347860 0.237941 0.006785 0.028757
7 0.355950 0.459647 0.031315 0.032468
4 0.394572 0.717532 0.121086 0.075139
7 0.690240 0.329777 0.027662 0.032468
7 0.684760 0.326994 0.021921 0.034323
7 0.644572 0.275046 0.018789 0.036178
3 0.404489 0.133581 0.017745 0.033395
5 0.441545 0.115492 0.011482 0.030612
1 0.424322 0.107607 0.032359 0.022263
7 0.471294 0.051020 0.003132 0.011132
2 0.531576 0.044063 0.020355 0.017625
1 0.547495 0.071429 0.014614 0.020408
7 0.265136 0.870594 0.069937 0.080705
1 0.180585 0.871985 0.089770 0.135436
4 0.485125 0.084879 0.008873 0.015770
7 0.493215 0.045455 0.005219 0.012987
7 0.483559 0.035250 0.003653 0.011132
4 0.524791 0.055659 0.015136 0.014842
