1 0.459250 0.956333 0.033500 0.084667
1 0.023750 0.818333 0.047500 0.080667
1 0.051250 0.819000 0.067500 0.088667
1 0.074500 0.730667 0.062000 0.070667
1 0.123500 0.729333 0.051000 0.076000
1 0.177000 0.727667 0.066000 0.048667
1 0.313750 0.479000 0.021500 0.035333
1 0.279500 0.398333 0.037000 0.019333
2 0.283500 0.379667 0.035000 0.023333
1 0.346750 0.189667 0.013500 0.011333
1 0.354750 0.143333 0.013500 0.009333
2 0.365250 0.127000 0.008500 0.010000
2 0.366000 0.136000 0.016000 0.010667
1 0.370000 0.147667 0.016000 0.010000
1 0.373500 0.142333 0.016000 0.008667
1 0.407000 0.133667 0.007000 0.008667
1 0.404750 0.129000 0.011500 0.007333
2 0.396750 0.119000 0.005500 0.010000
1 0.395500 0.126000 0.006000 0.008000
2 0.383750 0.125667 0.013500 0.010000
1 0.380500 0.130000 0.015000 0.009333
1 0.394500 0.137667 0.014000 0.008667
1 0.418000 0.138000 0.014000 0.008000
1 0.426750 0.140000 0.012500 0.010667
1 0.421750 0.164000 0.008500 0.012000
1 0.409000 0.152000 0.009000 0.009333
1 0.397250 0.156333 0.008500 0.011333
1 0.396250 0.162000 0.008500 0.012000
1 0.396500 0.170333 0.009000 0.011333
2 0.395500 0.184000 0.007000 0.014667
0 0.414250 0.181667 0.002500 0.007333
1 0.423250 0.178000 0.008500 0.013333
2 0.424250 0.184000 0.009500 0.016000
1 0.423000 0.194333 0.007000 0.011333
1 0.411500 0.201000 0.009000 0.014000
2 0.393750 0.193000 0.008500 0.014000
1 0.396250 0.203667 0.012500 0.011333
2 0.394750 0.212000 0.008500 0.014667
1 0.396500 0.224333 0.012000 0.012667
1 0.394250 0.235333 0.013500 0.016000
2 0.371750 0.235000 0.010500 0.016667
1 0.427250 0.223333 0.017500 0.012000
7 0.427750 0.210667 0.004500 0.009333
1 0.426500 0.235333 0.010000 0.013333
1 0.409000 0.259000 0.011000 0.014000
0 0.396750 0.283333 0.004500 0.009333
3 0.386000 0.287667 0.011000 0.024667
2 0.386750 0.313000 0.011500 0.020667
1 0.383000 0.346333 0.011000 0.023333
1 0.383500 0.372667 0.013000 0.024000
1 0.377750 0.427333 0.021500 0.030667
1 0.372500 0.465667 0.017000 0.034000
1 0.369500 0.512667 0.019000 0.041333
1 0.401250 0.555333 0.049500 0.040000
1 0.447500 0.738333 0.036000 0.072667
1 0.635250 0.821667 0.049500 0.090000
2 0.527750 0.776667 0.033500 0.069333
1 0.561750 0.564000 0.029500 0.052000
1 0.493500 0.542333 0.023000 0.048667
1 0.488000 0.483333 0.023000 0.040000
3 0.479750 0.435333 0.024500 0.053333
0 0.514500 0.428333 0.013000 0.014000
2 0.476750 0.292333 0.011500 0.026000
7 0.489750 0.285667 0.004500 0.011333
7 0.491250 0.280667 0.003500 0.008000
7 0.497250 0.257000 0.008500 0.008667
1 0.516500 0.187000 0.010000 0.012667
2 0.523750 0.176000 0.011500 0.013333
1 0.540500 0.096667 0.011000 0.006667
2 0.545250 0.094667 0.010500 0.008000
3 0.550250 0.091333 0.013500 0.009333
1 0.574500 0.076000 0.011000 0.006667
1 0.579250 0.085333 0.010500 0.006667
1 0.552250 0.078333 0.010500 0.006000
1 0.543250 0.084667 0.011500 0.006667
1 0.561000 0.083000 0.011000 0.007333
1 0.560000 0.087000 0.014000 0.007333
1 0.503500 0.049667 0.007000 0.004667
1 0.514750 0.050333 0.008500 0.004667
6 0.499750 0.593000 0.025500 0.063333
