1 0.647750 0.764667 0.082500 0.065333
1 0.746500 0.720667 0.044000 0.078667
0 0.081000 0.560667 0.021000 0.022667
0 0.007000 0.701000 0.013000 0.014000
0 0.209000 0.963000 0.026000 0.039333
0 0.226250 0.949667 0.026500 0.032667
0 0.243500 0.936333 0.029000 0.032667
0 0.309250 0.880000 0.023500 0.036000
0 0.314500 0.874333 0.020000 0.034000
0 0.323500 0.867000 0.020000 0.034000
0 0.328000 0.858333 0.020000 0.034000
0 0.415250 0.706000 0.019500 0.024000
0 0.430500 0.712333 0.019000 0.024667
3 0.513250 0.727333 0.090500 0.092000
0 0.884000 0.731000 0.015000 0.024667
1 0.805250 0.688333 0.066500 0.052667
0 0.675000 0.883000 0.025000 0.024667
0 0.905250 0.824667 0.016500 0.024000
0 0.753000 0.912000 0.031000 0.034667
1 0.826500 0.630333 0.067000 0.044667
1 0.845250 0.611667 0.067500 0.044667
1 0.419250 0.544667 0.060500 0.036000
1 0.440250 0.557667 0.062500 0.040667
1 0.462250 0.569333 0.064500 0.042667
1 0.496750 0.582000 0.051500 0.046667
1 0.517500 0.604333 0.048000 0.046000
1 0.541750 0.622333 0.043500 0.046000
1 0.573500 0.636667 0.055000 0.050667
1 0.625750 0.673333 0.046500 0.065333
1 0.660750 0.691000 0.056500 0.064667
1 0.690000 0.709000 0.043000 0.059333
1 0.887250 0.563333 0.056500 0.038667
1 0.903250 0.545000 0.063500 0.042000
1 0.914000 0.529000 0.051000 0.034000
1 0.920500 0.508667 0.053000 0.033333
1 0.928750 0.493000 0.056500 0.032667
1 0.902000 0.393333 0.044000 0.033333
0 0.883250 0.383667 0.013500 0.014000
1 0.861750 0.713000 0.041500 0.054000
1 0.890500 0.662667 0.043000 0.048000
1 0.915750 0.622000 0.039500 0.044000
1 0.940750 0.584333 0.037500 0.042000
1 0.958000 0.545333 0.031000 0.040000
1 0.974000 0.513667 0.032000 0.035333
1 0.986250 0.485333 0.027500 0.037333
1 0.985250 0.619667 0.029500 0.047333
0 0.953500 0.618667 0.012000 0.021333
0 0.966250 0.590667 0.012500 0.021333
0 0.839250 0.906000 0.031500 0.024000
0 0.855000 0.464667 0.018000 0.017333
0 0.862250 0.459667 0.016500 0.018000
