2 0.670146 0.736549 0.203549 0.231911
2 0.891441 0.584879 0.092902 0.082560
2 0.778706 0.505102 0.032359 0.039889
2 0.815240 0.438776 0.100209 0.059369
2 0.858559 0.330241 0.057411 0.046382
0 0.213987 0.837199 0.060543 0.080705
0 0.092641 0.472635 0.046451 0.034323
0 0.061848 0.462430 0.046451 0.030612
0 0.085595 0.439703 0.036534 0.031540
0 0.075939 0.434137 0.028706 0.024119
0 0.064979 0.429963 0.042276 0.036178
0 0.029228 0.338590 0.036534 0.018553
0 0.024269 0.330705 0.032881 0.021336
0 0.014092 0.303340 0.028184 0.020408
0 0.010438 0.290816 0.019833 0.017625
0 0.069415 0.265770 0.015658 0.021336
0 0.153967 0.273191 0.015658 0.023191
0 0.218163 0.657236 0.054280 0.047310
0 0.225470 0.680427 0.054280 0.049165
0 0.252871 0.739332 0.058977 0.059369
0 0.296190 0.972635 0.063152 0.052876
0 0.921973 0.300557 0.024530 0.031540
0 0.891701 0.302412 0.029749 0.025974
0 0.729384 0.352968 0.030793 0.026902
0 0.641180 0.357143 0.030793 0.025974
0 0.600731 0.427644 0.034447 0.029685
2 0.261221 0.344620 0.071503 0.095547
0 0.279228 0.335343 0.021921 0.032468
0 0.284708 0.279685 0.019311 0.021336
2 0.196242 0.286642 0.039666 0.055659
0 0.154228 0.204545 0.013048 0.019481
0 0.193633 0.201763 0.021921 0.013915
2 0.090292 0.189239 0.025052 0.044527
0 0.107777 0.169295 0.010960 0.017625
0 0.096294 0.154453 0.012004 0.013915
0 0.061326 0.130798 0.009916 0.014842
2 0.064457 0.156308 0.017223 0.030612
0 0.061326 0.131262 0.008873 0.012059
2 0.036273 0.108998 0.019311 0.026902
2 0.020616 0.095083 0.015136 0.021336
2 0.007829 0.101577 0.014614 0.026902
0 0.227035 0.177180 0.016701 0.012987
0 0.220772 0.174397 0.016701 0.012987
0 0.211900 0.169295 0.014614 0.013915
0 0.204332 0.164193 0.020355 0.012987
2 0.201200 0.153525 0.028706 0.021336
0 0.194415 0.157699 0.016180 0.014842
0 0.184760 0.153989 0.012526 0.014842
0 0.183194 0.152134 0.013570 0.012987
0 0.179280 0.151670 0.014092 0.015770
0 0.221555 0.159555 0.015136 0.014842
0 0.230428 0.149814 0.013048 0.012059
0 0.250522 0.153989 0.011482 0.014842
0 0.215814 0.153525 0.012004 0.015770
0 0.172495 0.129870 0.016180 0.011132
0 0.155271 0.133117 0.016180 0.012059
0 0.145094 0.127551 0.012526 0.012059
0 0.140136 0.123840 0.014092 0.013915
0 0.132568 0.118275 0.017745 0.012059
0 0.125783 0.113636 0.016701 0.010204
0 0.118998 0.112245 0.012526 0.011132
0 0.109603 0.106215 0.015658 0.010204
0 0.132568 0.107607 0.012526 0.009276
0 0.127871 0.104824 0.011482 0.011132
0 0.124739 0.103432 0.011482 0.012059
0 0.123173 0.101113 0.012526 0.009276
0 0.099426 0.101113 0.016180 0.009276
0 0.099426 0.096939 0.013048 0.010204
0 0.120564 0.096939 0.011482 0.010204
