0 0.271071 0.925714 0.252143 0.148571
0 0.932143 0.825714 0.104286 0.205714
0 0.807857 0.676190 0.090000 0.160000
0 0.440714 0.703810 0.185714 0.144762
0 0.670357 0.557143 0.085000 0.114286
0 0.837143 0.510476 0.062857 0.095238
0 0.909643 0.499524 0.063571 0.086667
0 0.836786 0.331429 0.036429 0.051429
0 0.844286 0.240000 0.031429 0.034286
0 0.699643 0.473333 0.067857 0.070476
0 0.716786 0.402381 0.052143 0.080952
0 0.758929 0.283810 0.033571 0.059048
0 0.978571 0.253333 0.042857 0.032381
0 0.962143 0.245714 0.044286 0.032381
0 0.966429 0.232381 0.044286 0.032381
0 0.870000 0.208571 0.025714 0.038095
0 0.777857 0.193810 0.024286 0.023810
0 0.846071 0.190000 0.023571 0.029524
