1 0.197857 0.826190 0.065714 0.183810
0 0.240357 0.784286 0.029286 0.069524
0 0.277143 0.525714 0.024286 0.053333
2 0.294643 0.363333 0.032143 0.084762
2 0.322500 0.371905 0.017857 0.040952
0 0.713929 0.614286 0.046429 0.034286
0 0.712857 0.228095 0.027143 0.018095
0 0.713214 0.214762 0.026429 0.016190
0 0.697143 0.189524 0.025714 0.019048
0 0.695357 0.174286 0.027857 0.013333
0 0.790000 0.214286 0.025714 0.017143
0 0.784643 0.199524 0.030714 0.018095
2 0.766429 0.161429 0.022857 0.020000
0 0.674643 0.019048 0.015000 0.017143
0 0.609286 0.067143 0.020000 0.014286
0 0.473214 0.250000 0.016429 0.029524
0 0.488929 0.121905 0.012143 0.020952
1 0.466071 0.059048 0.016429 0.057143
1 0.539643 0.057619 0.017857 0.040952
0 0.015357 0.319524 0.030714 0.021905
0 0.022857 0.291429 0.035714 0.020952
0 0.122857 0.312381 0.037143 0.020952
0 0.131786 0.286667 0.033571 0.020952
0 0.195000 0.317143 0.034286 0.020952
0 0.213929 0.250952 0.029286 0.016190
0 0.216071 0.238571 0.027857 0.016190
0 0.172143 0.170000 0.028571 0.020000
0 0.268214 0.212381 0.013571 0.030476
0 0.234286 0.176190 0.030000 0.019048
0 0.235357 0.158571 0.023571 0.018095
2 0.242857 0.132857 0.032857 0.027619
2 0.201071 0.076190 0.027857 0.019048
0 0.207500 0.071905 0.022143 0.016190
0 0.210357 0.056667 0.026429 0.016190
1 0.310714 0.271905 0.031429 0.080952
1 0.334286 0.115714 0.028571 0.069524
2 0.324286 0.204286 0.015714 0.035238
0 0.342857 0.212857 0.014286 0.027619
0 0.337500 0.286190 0.013571 0.035238
0 0.351071 0.008571 0.010714 0.017143
