0 0.141429 0.733333 0.098571 0.121905
0 0.214286 0.694286 0.077143 0.104762
0 0.277500 0.671429 0.077857 0.080000
0 0.323929 0.639048 0.082143 0.076190
0 0.401071 0.589524 0.077857 0.060952
0 0.340000 0.555714 0.064286 0.046667
0 0.301786 0.578095 0.062143 0.051429
0 0.260714 0.599524 0.068571 0.056190
0 0.216071 0.623810 0.069286 0.062857
0 0.160357 0.652381 0.060714 0.064762
0 0.097857 0.679048 0.070000 0.068571
0 0.037500 0.722857 0.073571 0.078095
0 0.029643 0.570476 0.057857 0.066667
0 0.088214 0.556190 0.050714 0.057143
0 0.137500 0.539524 0.055000 0.056190
0 0.180000 0.520952 0.055714 0.051429
0 0.219286 0.504286 0.055714 0.054286
0 0.253214 0.492381 0.052143 0.043810
0 0.407857 0.477143 0.060000 0.040000
0 0.472857 0.494286 0.055714 0.040000
0 0.384286 0.391905 0.040000 0.023810
0 0.520357 0.418095 0.040714 0.030476
0 0.541786 0.404762 0.043571 0.034286
0 0.591786 0.385714 0.035000 0.026667
0 0.544643 0.333810 0.029286 0.021905
0 0.570357 0.343810 0.023571 0.017143
0 0.591429 0.348571 0.027143 0.019048
0 0.611429 0.973810 0.148571 0.052381
0 0.577500 0.914286 0.155000 0.104762
0 0.572143 0.829048 0.138571 0.090476
0 0.560000 0.769524 0.118571 0.076190
0 0.548214 0.713333 0.112143 0.068571
0 0.542500 0.663810 0.093571 0.059048
0 0.560000 0.633810 0.095714 0.054286
0 0.600000 0.607619 0.084286 0.060952
