0 0.340000 0.899524 0.072857 0.164762
0 0.317143 0.771429 0.104286 0.106667
0 0.643571 0.960000 0.172857 0.080000
0 0.603214 0.878095 0.162143 0.120000
0 0.583929 0.802381 0.133571 0.092381
0 0.550357 0.733333 0.112143 0.087619
0 0.313929 0.685714 0.093571 0.095238
0 0.514643 0.644762 0.100714 0.062857
0 0.479643 0.575714 0.079286 0.050476
0 0.495714 0.606190 0.085714 0.058095
0 0.345714 0.570000 0.040000 0.063810
0 0.946429 0.821429 0.107143 0.143810
0 0.928929 0.671429 0.116429 0.112381
0 0.821071 0.692857 0.092143 0.101905
0 0.737143 0.603810 0.070000 0.070476
0 0.627857 0.543810 0.055714 0.057143
0 0.678929 0.548095 0.053571 0.054286
0 0.815714 0.472857 0.047143 0.040952
0 0.956071 0.560000 0.087857 0.064762
1 0.672857 0.342857 0.062857 0.047619
0 0.601429 0.467143 0.034286 0.040952
0 0.553929 0.469048 0.037857 0.039048
0 0.581429 0.433810 0.032857 0.040952
0 0.546071 0.410000 0.029286 0.033333
0 0.524643 0.390952 0.019286 0.025714
0 0.500357 0.380476 0.035000 0.025714
0 0.494643 0.359524 0.017857 0.021905
0 0.344286 0.369524 0.018571 0.022857
0 0.346786 0.345238 0.013571 0.025714
0 0.306429 0.274286 0.008571 0.013333
0 0.352500 0.247143 0.013571 0.010476
0 0.342143 0.218095 0.010000 0.005714
0 0.371429 0.237143 0.005714 0.007619
0 0.401429 0.245714 0.007143 0.007619
0 0.475000 0.340952 0.014286 0.019048
0 0.462500 0.326190 0.016429 0.018095
0 0.452143 0.316667 0.012857 0.016190
0 0.445357 0.307619 0.013571 0.017143
0 0.430714 0.293810 0.011429 0.014286
0 0.437857 0.301905 0.008571 0.013333
0 0.917143 0.414286 0.044286 0.028571
