0 0.507857 0.555714 0.002857 0.002857
0 0.506429 0.581905 0.002857 0.003810
2 0.505000 0.598095 0.004286 0.007619
2 0.525714 0.598095 0.005714 0.011429
0 0.538929 0.585238 0.003571 0.004762
0 0.498929 0.608571 0.003571 0.003810
0 0.479286 0.641905 0.005714 0.007619
0 0.471786 0.685714 0.007857 0.011429
0 0.462143 0.742857 0.010000 0.015238
0 0.452857 0.772857 0.012857 0.020000
0 0.448214 0.794762 0.015000 0.021905
0 0.462143 0.799524 0.012857 0.020000
0 0.467857 0.779048 0.011429 0.019048
0 0.583929 0.858095 0.023571 0.024762
0 0.542857 0.933810 0.038571 0.027619
0 0.507500 0.944762 0.040714 0.030476
0 0.463214 0.910000 0.036429 0.025714
0 0.332857 0.974762 0.040000 0.035238
0 0.395000 0.922857 0.040000 0.028571
0 0.361786 0.869524 0.033571 0.024762
0 0.305357 0.839048 0.030714 0.020952
0 0.293929 0.865238 0.032143 0.025714
0 0.154286 0.929048 0.038571 0.029524
0 0.186429 0.908571 0.035714 0.032381
0 0.230357 0.880952 0.033571 0.026667
2 0.222143 0.813333 0.038571 0.036190
0 0.219286 0.854286 0.030000 0.024762
0 0.194286 0.865714 0.031429 0.026667
0 0.186071 0.787619 0.025000 0.017143
0 0.173929 0.817619 0.029286 0.021905
0 0.150714 0.791905 0.025714 0.018095
0 0.135000 0.820000 0.028571 0.020952
0 0.160714 0.850000 0.031429 0.023810
0 0.128929 0.836667 0.030714 0.025714
0 0.100357 0.825714 0.027857 0.022857
0 0.018214 0.771905 0.023571 0.016190
0 0.035714 0.752381 0.022857 0.015238
