0 0.696429 0.534264 0.018571 0.050761
0 0.325357 0.625000 0.017857 0.054569
0 0.358571 0.175761 0.017143 0.034264
0 0.323571 0.472716 0.012857 0.031726
0 0.021071 0.376904 0.019286 0.032995
0 0.130357 0.383883 0.032143 0.036802
1 0.440357 0.536168 0.052143 0.135787
1 0.391429 0.528553 0.032857 0.140863
1 0.579643 0.243020 0.045000 0.079949
1 0.640714 0.173858 0.044286 0.068528
2 0.598929 0.164340 0.042143 0.049492
1 0.251786 0.576777 0.026429 0.100254
1 0.240000 0.647208 0.020000 0.086294
1 0.273571 0.592640 0.024286 0.081218
1 0.276786 0.517132 0.020714 0.069797
1 0.235000 0.763325 0.025714 0.105330
1 0.325357 0.706853 0.023571 0.116751
1 0.272143 0.684645 0.024286 0.102792
1 0.274643 0.440355 0.019286 0.086294
1 0.867857 0.032995 0.050000 0.045685
1 0.485000 0.432107 0.042857 0.123096
1 0.377500 0.422589 0.029286 0.121827
