1 0.517500 0.846190 0.095000 0.145714
1 0.466429 0.671905 0.075714 0.098095
1 0.272857 0.853333 0.068571 0.156190
1 0.372143 0.587619 0.047143 0.070476
1 0.350000 0.470952 0.038571 0.050476
1 0.232500 0.647143 0.056429 0.109524
1 0.069643 0.873333 0.067857 0.161905
1 0.084286 0.572857 0.047143 0.071429
3 0.152857 0.679524 0.065714 0.159048
3 0.408214 0.489524 0.052143 0.066667
0 0.563571 0.530952 0.022857 0.023810
3 0.274643 0.352857 0.046429 0.069524
2 0.136786 0.158571 0.020714 0.033333
6 0.062143 0.216667 0.032857 0.056190
2 0.373571 0.241905 0.035714 0.038095
2 0.349643 0.225238 0.020714 0.023810
2 0.186429 0.216190 0.021429 0.024762
1 0.098214 0.144286 0.012143 0.016190
1 0.118571 0.145714 0.014286 0.013333
1 0.215000 0.209048 0.017143 0.016190
1 0.225000 0.250476 0.022857 0.020952
1 0.270357 0.250952 0.022143 0.027619
1 0.241786 0.209524 0.013571 0.019048
1 0.220357 0.131905 0.013571 0.010476
1 0.195714 0.173333 0.014286 0.015238
1 0.181071 0.124286 0.010714 0.010476
1 0.175714 0.070476 0.007143 0.009524
2 0.167857 0.109048 0.011429 0.014286
1 0.331071 0.201429 0.022143 0.020000
1 0.439643 0.207619 0.019286 0.022857
1 0.475357 0.238095 0.025000 0.022857
1 0.977143 0.087143 0.022857 0.014286
1 0.955357 0.080952 0.017857 0.019048
1 0.886786 0.088095 0.022143 0.010476
1 0.870357 0.101429 0.020714 0.018095
1 0.772143 0.197619 0.030000 0.016190
1 0.989643 0.070476 0.019286 0.009524
1 0.977143 0.061429 0.021429 0.008571
1 0.897857 0.084286 0.021429 0.016190
2 0.613571 0.201429 0.018571 0.023810
7 0.469286 0.205714 0.005714 0.013333
2 0.446786 0.172857 0.022143 0.021905
1 0.417143 0.193810 0.022857 0.023810
2 0.402143 0.181905 0.015714 0.019048
2 0.334286 0.171905 0.034286 0.023810
2 0.316786 0.165238 0.026429 0.020000
1 0.360000 0.156667 0.024286 0.012381
1 0.312857 0.157143 0.020000 0.015238
1 0.308929 0.152381 0.020714 0.013333
1 0.288571 0.162381 0.017143 0.020000
2 0.310357 0.142381 0.039286 0.029524
1 0.289286 0.145714 0.015714 0.022857
1 0.320714 0.121429 0.014286 0.016190
1 0.319643 0.112381 0.012143 0.011429
2 0.089286 0.048571 0.007143 0.009524
2 0.016429 0.108571 0.022857 0.007619
2 0.014286 0.130476 0.025714 0.011429
1 0.016071 0.121905 0.023571 0.015238
2 0.024643 0.098095 0.027857 0.011429
7 0.079643 0.150476 0.003571 0.009524
7 0.211071 0.147619 0.005000 0.005714
7 0.227500 0.155714 0.003571 0.006667
7 0.235357 0.155238 0.006429 0.009524
7 0.266786 0.201429 0.005000 0.010476
7 0.316429 0.275714 0.010000 0.018095
7 0.353929 0.342857 0.009286 0.017143
7 0.373214 0.347143 0.012143 0.027619
7 0.345000 0.300952 0.010000 0.015238
7 0.334286 0.312381 0.011429 0.019048
5 0.295714 0.252857 0.010000 0.021905
