1 0.390000 0.428571 0.112857 0.087619
1 0.376071 0.348095 0.060714 0.086667
2 0.452500 0.340952 0.059286 0.106667
7 0.528571 0.551905 0.022857 0.065714
2 0.623929 0.384762 0.125000 0.129524
5 0.575714 0.296190 0.025714 0.047619
1 0.317500 0.222857 0.043571 0.059048
2 0.301071 0.142381 0.049286 0.056190
2 0.345357 0.129048 0.039286 0.052381
1 0.370000 0.112857 0.032857 0.042857
5 0.532500 0.235714 0.026429 0.048571
7 0.478571 0.303333 0.014286 0.042857
5 0.498571 0.185714 0.041429 0.036190
2 0.394286 0.018571 0.025714 0.037143
2 0.423571 0.070476 0.024286 0.040000
5 0.432500 0.096667 0.042143 0.023810
2 0.930357 0.530000 0.126429 0.101905
