0 0.021429 0.116190 0.042857 0.038095
0 0.063214 0.082857 0.047857 0.026667
0 0.276786 0.080476 0.033571 0.044762
0 0.316071 0.102857 0.029286 0.034286
0 0.306429 0.169524 0.040000 0.053333
0 0.160714 0.306667 0.058571 0.066667
2 0.512857 0.021429 0.035714 0.042857
2 0.400000 0.221905 0.052857 0.076190
0 0.547500 0.028095 0.020714 0.031429
2 0.714286 0.009524 0.050000 0.019048
2 0.696786 0.123810 0.066429 0.051429
2 0.697857 0.178095 0.077143 0.066667
2 0.628929 0.549524 0.113571 0.114286
2 0.605000 0.702381 0.130000 0.094286
0 0.587143 0.964762 0.110000 0.070476
2 0.912143 0.966190 0.171429 0.067619
2 0.904286 0.896190 0.168571 0.106667
2 0.890714 0.792381 0.145714 0.110476
0 0.843929 0.581429 0.087857 0.063810
0 0.934286 0.511429 0.082857 0.057143
0 0.975714 0.705238 0.048571 0.058095
0 0.961429 0.638571 0.077143 0.056190
0 0.940357 0.378571 0.069286 0.048571
0 0.937857 0.343333 0.060000 0.039048
0 0.923214 0.316190 0.072143 0.041905
0 0.920357 0.272381 0.063571 0.047619
0 0.906786 0.176190 0.057857 0.032381
0 0.834643 0.090476 0.023571 0.030476
0 0.938929 0.100952 0.025000 0.030476
0 0.910000 0.144286 0.050000 0.027619
0 0.902143 0.123333 0.047143 0.023810
0 0.893214 0.106190 0.046429 0.023810
0 0.888929 0.094286 0.047857 0.026667
0 0.875357 0.071905 0.050714 0.023810
0 0.876786 0.062381 0.047857 0.020000
0 0.872857 0.048571 0.034286 0.017143
0 0.863214 0.022381 0.040714 0.021905
0 0.869643 0.012857 0.036429 0.018095
0 0.818929 0.010000 0.036429 0.020000
0 0.819643 0.021429 0.039286 0.029524
0 0.980000 0.042381 0.040000 0.023810
0 0.979286 0.029048 0.041429 0.014286
0 0.965000 0.018571 0.037143 0.016190
0 0.986071 0.088095 0.027857 0.016190
0 0.990000 0.130000 0.020000 0.021905
