1 0.421500 0.963333 0.078000 0.073333
1 0.413750 0.850000 0.084500 0.110667
1 0.416750 0.765333 0.062500 0.094667
1 0.418250 0.692333 0.060500 0.075333
2 0.415250 0.588667 0.027500 0.064000
1 0.425500 0.540000 0.053000 0.048000
1 0.669500 0.878667 0.065000 0.116000
1 0.984500 0.730333 0.031000 0.056667
1 0.787750 0.514333 0.046500 0.048667
7 0.864500 0.527667 0.017000 0.023333
1 0.811750 0.533667 0.019500 0.022000
2 0.677000 0.596667 0.043000 0.062667
2 0.655500 0.469000 0.044000 0.032667
0 0.713000 0.441667 0.007000 0.015333
2 0.650500 0.362667 0.019000 0.022667
1 0.564000 0.586000 0.042000 0.042667
1 0.544750 0.523333 0.039500 0.044000
1 0.418250 0.474667 0.021500 0.037333
1 0.532000 0.487667 0.044000 0.035333
1 0.531000 0.469000 0.041000 0.032667
1 0.647000 0.331667 0.018000 0.019333
1 0.418000 0.440333 0.020000 0.032667
3 0.422750 0.414667 0.022500 0.033333
2 0.526500 0.441333 0.019000 0.029333
2 0.513250 0.387667 0.026500 0.040667
1 0.498500 0.353667 0.015000 0.019333
1 0.494250 0.341667 0.012500 0.016667
1 0.419750 0.353333 0.012500 0.017333
1 0.489000 0.319667 0.013000 0.016667
1 0.460500 0.281000 0.010000 0.011333
1 0.441500 0.272333 0.009000 0.011333
1 0.421000 0.315667 0.012000 0.015333
1 0.420750 0.306333 0.010500 0.014000
1 0.422000 0.298000 0.011000 0.013333
1 0.422750 0.273000 0.008500 0.011333
1 0.423000 0.266000 0.009000 0.012000
1 0.422750 0.257667 0.008500 0.010000
1 0.533500 0.328333 0.027000 0.015333
3 0.586500 0.330000 0.023000 0.034667
1 0.595000 0.324667 0.021000 0.020000
1 0.580500 0.316667 0.026000 0.016000
0 0.598250 0.310333 0.010500 0.010000
1 0.576500 0.279333 0.011000 0.012000
1 0.521250 0.243000 0.014500 0.010000
1 0.539000 0.231000 0.008000 0.008667
1 0.440500 0.225667 0.006000 0.007333
7 0.433750 0.256000 0.002500 0.005333
7 0.429000 0.226333 0.002000 0.004667
1 0.437250 0.215333 0.006500 0.008000
1 0.424750 0.222667 0.006500 0.006667
