0 0.133929 0.283810 0.105000 0.097143
0 0.190000 0.304762 0.114286 0.081905
0 0.245000 0.321429 0.111429 0.096190
0 0.299643 0.342381 0.109286 0.088571
0 0.406429 0.420952 0.134286 0.123810
0 0.068214 0.517143 0.136429 0.120000
0 0.860357 0.696667 0.150714 0.197143
0 0.895714 0.340952 0.080000 0.089524
0 0.817857 0.321905 0.085714 0.089524
0 0.712500 0.203810 0.100714 0.064762
0 0.672143 0.278571 0.077143 0.082857
0 0.592143 0.260476 0.058571 0.061905
0 0.547500 0.247143 0.066429 0.065714
0 0.460000 0.212857 0.068571 0.052381
0 0.516429 0.126190 0.060000 0.058095
0 0.468214 0.054762 0.057857 0.035238
