2 0.967119 0.792672 0.029228 0.093692
1 0.964248 0.687848 0.030793 0.080705
1 0.965553 0.595547 0.030271 0.068646
1 0.961378 0.531540 0.026096 0.068646
1 0.501566 0.626623 0.048017 0.052876
1 0.528706 0.536178 0.046973 0.059369
1 0.549582 0.475417 0.020877 0.058442
1 0.588205 0.100186 0.029228 0.025974
1 0.586900 0.085807 0.030793 0.025046
1 0.191284 0.125232 0.029749 0.035250
1 0.214248 0.057050 0.026618 0.034323
1 0.193633 0.038033 0.025052 0.031540
1 0.176409 0.034787 0.025052 0.028757
1 0.163100 0.031540 0.024530 0.031540
1 0.138048 0.096011 0.029749 0.030612
