0 0.308214 0.924492 0.035000 0.105330
0 0.331071 0.758249 0.032143 0.087563
0 0.413929 0.677030 0.029286 0.090102
0 0.462500 0.686548 0.027857 0.088832
0 0.210714 0.435914 0.028571 0.046954
1 0.386786 0.298223 0.023571 0.071066
0 0.449643 0.038071 0.012143 0.022843
0 0.596786 0.130076 0.013571 0.029188
0 0.923929 0.184645 0.022143 0.039340
0 0.923929 0.260152 0.025000 0.035533
0 0.985000 0.434645 0.030000 0.034264
0 0.908929 0.441624 0.040714 0.035533
0 0.795714 0.459391 0.047143 0.035533
0 0.751071 0.436548 0.047857 0.038071
0 0.637500 0.472716 0.045000 0.034264
0 0.639286 0.444162 0.035714 0.032995
0 0.643571 0.638959 0.030000 0.069797
0 0.645714 0.911802 0.027143 0.092640
