0 0.129286 0.904822 0.040000 0.068528
0 0.138929 0.951142 0.037857 0.074873
0 0.227500 0.682107 0.030714 0.054569
0 0.289643 0.609137 0.027857 0.045685
1 0.347500 0.519036 0.057857 0.126904
0 0.335714 0.447335 0.024286 0.036802
0 0.443571 0.290609 0.020000 0.027919
0 0.486429 0.387690 0.018571 0.041878
0 0.532500 0.269670 0.017857 0.034264
0 0.531071 0.208756 0.015000 0.036802
0 0.512857 0.063452 0.014286 0.020305
0 0.534286 0.513325 0.032857 0.036802
2 0.575714 0.040609 0.014286 0.032995
0 0.602500 0.025381 0.012143 0.025381
