1 0.510357 0.858571 0.047857 0.147619
1 0.661071 0.922381 0.052143 0.153333
1 0.582500 0.754762 0.046429 0.130476
1 0.721071 0.648095 0.040714 0.151429
1 0.653214 0.600476 0.047857 0.147619
1 0.489643 0.564762 0.045000 0.140952
1 0.716429 0.260000 0.045714 0.158095
1 0.645000 0.370476 0.040000 0.139048
1 0.412143 0.288095 0.044286 0.140000
1 0.486071 0.182857 0.047857 0.152381
1 0.410357 0.060952 0.042143 0.120000
7 0.241786 0.187619 0.015000 0.032381
7 0.295714 0.159524 0.017143 0.037143
7 0.090357 0.450000 0.027857 0.025714
7 0.156786 0.479524 0.030714 0.020000
7 0.153214 0.518571 0.026429 0.020000
0 0.222857 0.730000 0.017143 0.052381
