0 0.953571 0.449048 0.038571 0.039048
0 0.673571 0.428095 0.062857 0.031429
0 0.621429 0.379048 0.045714 0.028571
0 0.506786 0.388095 0.026429 0.033333
0 0.454286 0.352857 0.018571 0.027619
0 0.503571 0.354286 0.017143 0.024762
0 0.282143 0.342857 0.027143 0.036190
0 0.247500 0.285238 0.023571 0.023810
0 0.323571 0.268095 0.018571 0.025714
0 0.263214 0.260952 0.020714 0.026667
0 0.277857 0.242381 0.018571 0.016190
0 0.302500 0.224286 0.017857 0.016190
0 0.022500 0.387619 0.045000 0.041905
0 0.107857 0.317619 0.034286 0.035238
0 0.132500 0.295714 0.035000 0.031429
2 0.144286 0.334286 0.048571 0.047619
0 0.596429 0.366190 0.044286 0.027619
0 0.581071 0.355714 0.039286 0.029524
0 0.603929 0.251905 0.016429 0.020000
0 0.581071 0.250476 0.013571 0.020952
0 0.028214 0.239048 0.032143 0.024762
0 0.056429 0.236667 0.022857 0.025714
0 0.312143 0.217619 0.014286 0.014286
0 0.299643 0.317619 0.025000 0.031429
0 0.314643 0.207143 0.012143 0.016190
0 0.321786 0.201905 0.010714 0.013333
0 0.326786 0.195714 0.012143 0.012381
0 0.332500 0.190476 0.010714 0.015238
0 0.336071 0.185238 0.009286 0.014286
2 0.356071 0.176190 0.012143 0.013333
0 0.385000 0.176667 0.011429 0.010476
0 0.402500 0.181905 0.010714 0.011429
0 0.416429 0.149524 0.007143 0.007619
0 0.425357 0.140476 0.005000 0.008571
0 0.423571 0.134286 0.004286 0.007619
0 0.423929 0.130000 0.005000 0.006667
0 0.424286 0.182381 0.008571 0.012381
0 0.425357 0.303810 0.017857 0.026667
0 0.425714 0.274762 0.015714 0.021905
0 0.501786 0.329524 0.020714 0.024762
0 0.497500 0.310952 0.017857 0.021905
0 0.495000 0.294762 0.014286 0.023810
0 0.647143 0.406667 0.050000 0.030476
