0 0.128214 0.865714 0.109286 0.085714
0 0.430357 0.627619 0.066429 0.097143
0 0.277857 0.525238 0.058571 0.048571
0 0.308929 0.495714 0.073571 0.052381
0 0.328571 0.437619 0.060000 0.065714
0 0.393571 0.407619 0.065714 0.045714
0 0.495714 0.529524 0.052857 0.070476
0 0.542857 0.459048 0.044286 0.057143
0 0.493929 0.290000 0.047857 0.025714
2 0.550000 0.233333 0.038571 0.022857
0 0.564286 0.224286 0.034286 0.021905
0 0.580000 0.211905 0.034286 0.020000
0 0.608571 0.179524 0.022857 0.014286
0 0.615714 0.174286 0.024286 0.017143
0 0.623214 0.163810 0.023571 0.013333
0 0.600714 0.191429 0.022857 0.017143
0 0.590000 0.121429 0.014286 0.020000
0 0.605357 0.123333 0.016429 0.020000
0 0.575357 0.120000 0.013571 0.017143
0 0.636786 0.144286 0.022143 0.014286
0 0.647143 0.134286 0.020000 0.013333
0 0.659643 0.126667 0.020714 0.013333
0 0.667500 0.121905 0.020714 0.013333
2 0.574286 0.403333 0.035714 0.046667
0 0.594643 0.368095 0.037857 0.037143
0 0.614643 0.338095 0.032143 0.043810
0 0.631071 0.316190 0.030714 0.038095
0 0.642857 0.291905 0.027143 0.029524
0 0.659643 0.272381 0.025000 0.028571
0 0.671071 0.249048 0.023571 0.023810
2 0.682500 0.232857 0.022143 0.025714
0 0.692500 0.219524 0.019286 0.023810
0 0.721429 0.065714 0.014286 0.011429
0 0.755357 0.123810 0.012143 0.013333
0 0.782857 0.080476 0.010000 0.006667
0 0.817500 0.026667 0.009286 0.007619
0 0.696429 0.076190 0.012857 0.009524
0 0.818214 0.020476 0.007857 0.008571
0 0.785714 0.072857 0.011429 0.010476
0 0.749643 0.133810 0.013571 0.016190
0 0.826071 0.256667 0.019286 0.027619
0 0.820714 0.180000 0.018571 0.024762
0 0.845357 0.062857 0.009286 0.011429
0 0.860714 0.049524 0.008571 0.009524
0 0.881071 0.030952 0.006429 0.008571
0 0.874286 0.005714 0.007143 0.009524
0 0.889286 0.003810 0.005714 0.007619
0 0.878571 0.065714 0.007143 0.009524
0 0.889643 0.051429 0.007857 0.009524
0 0.886071 0.073333 0.009286 0.011429
0 0.908571 0.183810 0.015714 0.020952
0 0.983571 0.162381 0.015714 0.016190
0 0.949643 0.094762 0.010714 0.010476
0 0.862500 0.002857 0.007857 0.005714
0 0.882143 0.003333 0.005714 0.006667
