0 0.351786 0.920952 0.060714 0.158095
0 0.364643 0.774286 0.047857 0.125714
0 0.372500 0.634286 0.043571 0.112381
0 0.387143 0.531429 0.038571 0.080000
0 0.434286 0.389048 0.031429 0.069524
0 0.395000 0.376190 0.030000 0.060952
0 0.447857 0.206667 0.022857 0.043810
0 0.411429 0.208571 0.022857 0.040000
0 0.423214 0.096190 0.019286 0.034286
0 0.428214 0.053333 0.016429 0.028571
0 0.428571 0.031429 0.015714 0.020952
0 0.494643 0.027619 0.016429 0.026667
0 0.496429 0.076190 0.018571 0.032381
0 0.500714 0.136667 0.020000 0.037143
0 0.418571 0.144286 0.020000 0.035238
0 0.417143 0.175238 0.021429 0.040000
0 0.579643 0.564762 0.039286 0.083810
0 0.556429 0.895238 0.047143 0.148571
0 0.535000 0.585238 0.037143 0.080952
0 0.531786 0.077619 0.019286 0.037143
0 0.564286 0.273333 0.054286 0.032381
0 0.595714 0.317619 0.064286 0.039048
0 0.525000 0.058571 0.015714 0.029524
0 0.591071 0.351429 0.060714 0.049524
0 0.620357 0.390952 0.053571 0.040952
0 0.095000 0.425714 0.075714 0.066667
0 0.037857 0.684286 0.074286 0.122857
