0 0.342143 0.851905 0.080000 0.115238
0 0.362857 0.773333 0.072857 0.095238
0 0.487857 0.826190 0.048571 0.120952
0 0.465000 0.943333 0.061429 0.113333
2 0.529286 0.649048 0.045714 0.105714
0 0.388214 0.698571 0.070714 0.080952
0 0.403571 0.637143 0.072857 0.083810
0 0.422857 0.553810 0.070000 0.073333
0 0.547500 0.561429 0.040714 0.080952
0 0.567143 0.483810 0.041429 0.093333
0 0.448214 0.503810 0.060714 0.070476
0 0.460357 0.450952 0.056429 0.071429
0 0.488571 0.379524 0.058571 0.065714
0 0.502143 0.347619 0.055714 0.051429
0 0.522143 0.303810 0.058571 0.049524
0 0.533571 0.268571 0.057143 0.049524
0 0.540000 0.227619 0.047143 0.055238
0 0.541786 0.188571 0.052143 0.055238
0 0.557857 0.156190 0.045714 0.045714
0 0.566429 0.129524 0.041429 0.038095
0 0.564643 0.105238 0.043571 0.040952
0 0.571786 0.081429 0.043571 0.044762
0 0.586429 0.060476 0.048571 0.039048
0 0.596071 0.039524 0.035000 0.037143
0 0.607143 0.027143 0.037143 0.033333
0 0.673929 0.018095 0.022143 0.034286
0 0.664286 0.058095 0.022857 0.041905
0 0.648929 0.126190 0.023571 0.052381
0 0.636429 0.185238 0.025714 0.050476
0 0.606786 0.316667 0.030714 0.073333
0 0.584286 0.391905 0.031429 0.069524
0 0.680357 0.335714 0.037857 0.067619
0 0.720714 0.449524 0.045714 0.081905
0 0.657500 0.526190 0.029286 0.080952
0 0.645000 0.740476 0.040000 0.111429
0 0.616071 0.947143 0.052143 0.105714
0 0.708571 0.949524 0.048571 0.100952
0 0.742857 0.071905 0.025714 0.040952
0 0.727857 0.155714 0.030000 0.054286
0 0.793571 0.093810 0.024286 0.046667
0 0.789286 0.154762 0.024286 0.052381
0 0.780000 0.210476 0.027143 0.049524
2 0.767500 0.396190 0.026429 0.080000
0 0.770714 0.330952 0.030000 0.069524
0 0.747857 0.598571 0.037143 0.098095
0 0.732143 0.699524 0.040000 0.109524
0 0.725000 0.831429 0.035714 0.123810
0 0.788929 0.517143 0.073571 0.060952
0 0.888929 0.194286 0.053571 0.041905
0 0.892500 0.166667 0.055000 0.036190
0 0.888929 0.016667 0.045000 0.023810
0 0.902143 0.036190 0.037143 0.026667
0 0.910714 0.055714 0.048571 0.029524
0 0.903571 0.076190 0.052857 0.036190
0 0.896786 0.099524 0.052143 0.037143
0 0.892857 0.126190 0.050000 0.031429
0 0.889643 0.146190 0.050714 0.029524
0 0.933929 0.438095 0.033571 0.072381
0 0.982857 0.453810 0.034286 0.080952
