1 0.500357 0.668147 0.025000 0.095178
1 0.389286 0.702411 0.048571 0.041878
1 0.401786 0.637690 0.056429 0.044416
1 0.403214 0.584391 0.045000 0.041878
1 0.648571 0.874365 0.062857 0.053299
1 0.642500 0.774112 0.053571 0.040609
1 0.642500 0.725888 0.055000 0.043147
1 0.636429 0.673858 0.050000 0.038071
1 0.636429 0.631345 0.041429 0.039340
1 0.636071 0.586929 0.052143 0.036802
1 0.632143 0.546320 0.044286 0.041878
2 0.633214 0.504442 0.042143 0.039340
1 0.628214 0.473350 0.046429 0.038071
1 0.628214 0.350888 0.036429 0.031726
1 0.620714 0.179569 0.040000 0.034264
1 0.445000 0.274112 0.040000 0.032995
1 0.398929 0.392766 0.039286 0.034264
1 0.381429 0.255711 0.022857 0.049492
1 0.357857 0.263959 0.027143 0.055838
1 0.303571 0.268401 0.032857 0.049492
1 0.237500 0.448604 0.040714 0.036802
1 0.298929 0.435914 0.043571 0.034264
1 0.317500 0.758883 0.053571 0.065990
1 0.449286 0.240482 0.040000 0.031726
1 0.450714 0.185279 0.037143 0.035533
1 0.453214 0.135152 0.035000 0.034264
1 0.449286 0.218909 0.037143 0.029188
1 0.455000 0.114848 0.032857 0.029188
1 0.619643 0.068528 0.032143 0.025381
1 0.622143 0.233503 0.037143 0.030457
1 0.626071 0.258883 0.036429 0.030457
1 0.626071 0.284264 0.032143 0.032995
3 0.357143 0.418147 0.045714 0.052030
3 0.366786 0.868020 0.063571 0.045685
1 0.619643 0.029822 0.037857 0.026650
2 0.145714 0.382614 0.048571 0.041878
2 0.078214 0.392766 0.036429 0.034264
4 0.500714 0.076142 0.010000 0.035533
1 0.408571 0.535533 0.057143 0.048223
