7 0.017250 0.486667 0.033500 0.040000
7 0.042250 0.597333 0.028500 0.060000
7 0.154000 0.680667 0.052000 0.065333
0 0.238750 0.614667 0.050500 0.058667
7 0.461500 0.746667 0.073000 0.072000
0 0.414750 0.542333 0.015500 0.048667
7 0.442250 0.547000 0.022500 0.052667
7 0.459250 0.521000 0.020500 0.040667
0 0.509250 0.585667 0.036500 0.047333
1 0.538750 0.538667 0.120500 0.096000
5 0.519250 0.501667 0.045500 0.036667
7 0.677000 0.540667 0.026000 0.042667
0 0.752500 0.453333 0.017000 0.024000
1 0.742000 0.498667 0.082000 0.056000
7 0.788500 0.446667 0.016000 0.024000
7 0.812750 0.446667 0.017500 0.028000
7 0.800000 0.439667 0.018000 0.020667
0 0.830750 0.443667 0.008500 0.026000
5 0.861000 0.435333 0.023000 0.034667
5 0.908250 0.409000 0.022500 0.020667
0 0.929750 0.452667 0.012500 0.020000
0 0.953500 0.405333 0.008000 0.017333
7 0.976250 0.416667 0.009500 0.020000
