1 0.291000 0.158000 0.013000 0.010667
1 0.249000 0.157000 0.012000 0.007333
1 0.232000 0.157667 0.014000 0.008667
1 0.432000 0.177667 0.018000 0.011333
1 0.455750 0.178333 0.018500 0.010000
1 0.543500 0.181000 0.019000 0.012667
1 0.697500 0.184333 0.016000 0.011333
1 0.896500 0.123000 0.012000 0.016667
1 0.017500 0.218333 0.017000 0.014000
3 0.021500 0.353000 0.031000 0.020667
1 0.068000 0.359000 0.017000 0.018000
1 0.090750 0.357000 0.025500 0.015333
1 0.123000 0.363333 0.014000 0.018667
0 0.098750 0.286667 0.006500 0.005333
0 0.106500 0.284667 0.006000 0.006667
1 0.137500 0.317333 0.022000 0.013333
1 0.139250 0.362000 0.017500 0.021333
1 0.163750 0.365333 0.018500 0.018667
1 0.196750 0.369667 0.024500 0.015333
1 0.225250 0.370000 0.022500 0.020000
0 0.226250 0.290333 0.008500 0.007333
1 0.249500 0.372000 0.017000 0.022667
1 0.272000 0.374333 0.014000 0.023333
1 0.288500 0.375333 0.016000 0.024000
1 0.304250 0.313667 0.020500 0.015333
1 0.317250 0.377000 0.024500 0.015333
1 0.350250 0.380667 0.025500 0.016000
1 0.390500 0.383667 0.026000 0.015333
1 0.394500 0.350333 0.024000 0.016667
1 0.404250 0.336333 0.022500 0.014000
6 0.411750 0.315667 0.056500 0.031333
1 0.386500 0.302667 0.021000 0.012000
1 0.518750 0.308000 0.022500 0.013333
1 0.549750 0.312000 0.023500 0.013333
3 0.698750 0.313000 0.034500 0.026000
2 0.766000 0.352333 0.025000 0.019333
3 0.949500 0.349333 0.063000 0.030667
1 0.949250 0.370667 0.033500 0.017333
1 0.987250 0.316000 0.020500 0.021333
3 0.976000 0.283333 0.039000 0.042667
1 0.935500 0.251667 0.016000 0.020667
1 0.981750 0.432333 0.036500 0.026000
1 0.950250 0.431667 0.030500 0.024667
1 0.868500 0.422333 0.030000 0.020667
2 0.730000 0.414667 0.024000 0.018667
1 0.696750 0.409333 0.023500 0.026667
2 0.666750 0.405333 0.022500 0.020000
1 0.562750 0.399333 0.023500 0.021333
1 0.523000 0.392000 0.019000 0.016000
7 0.519250 0.400667 0.011500 0.009333
7 0.508250 0.400333 0.009500 0.011333
2 0.484500 0.397000 0.016000 0.023333
1 0.480750 0.424333 0.013500 0.030000
2 0.475250 0.461667 0.010500 0.030000
3 0.505500 0.479333 0.035000 0.029333
2 0.468250 0.490333 0.016500 0.032667
1 0.459500 0.517667 0.018000 0.031333
1 0.432500 0.401667 0.027000 0.016667
2 0.425750 0.414000 0.024500 0.013333
2 0.425500 0.425333 0.024000 0.016000
2 0.423250 0.437000 0.021500 0.012667
3 0.417000 0.448667 0.030000 0.020000
1 0.440500 0.443333 0.014000 0.028000
1 0.383000 0.467000 0.017000 0.028667
2 0.412000 0.470667 0.025000 0.017333
1 0.406000 0.490667 0.029000 0.017333
1 0.401750 0.511333 0.027500 0.018667
2 0.390250 0.565667 0.034500 0.019333
2 0.447750 0.559333 0.019500 0.032000
2 0.460250 0.565333 0.022500 0.032000
0 0.425500 0.574000 0.004000 0.012000
7 0.386750 0.588000 0.007500 0.010667
7 0.405250 0.620000 0.006500 0.014667
2 0.445250 0.637333 0.031500 0.022667
2 0.463500 0.620333 0.029000 0.023333
2 0.486500 0.645667 0.031000 0.023333
2 0.535500 0.659667 0.029000 0.023333
2 0.563750 0.659000 0.014500 0.036667
2 0.498250 0.672667 0.033500 0.025333
2 0.528500 0.699000 0.031000 0.022000
2 0.531250 0.719667 0.043500 0.022000
3 0.499500 0.717667 0.017000 0.048667
3 0.463250 0.737667 0.030500 0.023333
4 0.475250 0.708667 0.011500 0.029333
7 0.590000 0.658000 0.004000 0.016000
2 0.010500 0.930333 0.021000 0.026000
2 0.037000 0.876333 0.025000 0.050000
7 0.695750 0.935000 0.005500 0.023333
5 0.559000 0.935333 0.008000 0.022667
0 0.570750 0.908667 0.005500 0.025333
7 0.525750 0.956333 0.008500 0.028667
7 0.493000 0.964000 0.014000 0.013333
1 0.472000 0.946667 0.047000 0.046667
1 0.409000 0.934333 0.050000 0.032667
7 0.331250 0.940333 0.015500 0.016667
0 0.362750 0.832667 0.007500 0.022667
3 0.499750 0.813333 0.017500 0.041333
1 0.476250 0.810000 0.015500 0.029333
2 0.450500 0.799333 0.024000 0.028000
2 0.321250 0.823000 0.041500 0.026000
2 0.281750 0.814333 0.038500 0.030000
3 0.250750 0.824333 0.027500 0.059333
4 0.275000 0.787667 0.026000 0.019333
2 0.231750 0.832667 0.026500 0.054667
7 0.212250 0.819667 0.009500 0.015333
7 0.297750 0.740667 0.008500 0.018667
7 0.288750 0.743667 0.008500 0.019333
7 0.278500 0.734333 0.008000 0.016667
7 0.271000 0.735667 0.007000 0.016667
7 0.264750 0.735333 0.007500 0.017333
7 0.257000 0.733000 0.008000 0.015333
7 0.254000 0.733333 0.008000 0.014667
7 0.243750 0.733000 0.008500 0.016667
7 0.256000 0.719667 0.015000 0.010000
0 0.233250 0.744000 0.006500 0.016000
7 0.220750 0.745333 0.008500 0.016000
4 0.279000 0.677000 0.012000 0.022000
4 0.298250 0.692667 0.011500 0.020000
4 0.265500 0.701667 0.022000 0.026000
7 0.255250 0.700667 0.010500 0.014667
7 0.243500 0.707667 0.008000 0.015333
4 0.246000 0.692000 0.017000 0.014667
4 0.258000 0.673000 0.015000 0.026000
7 0.234500 0.669667 0.007000 0.016667
4 0.210000 0.663333 0.011000 0.018667
7 0.188000 0.693333 0.013000 0.014667
7 0.226000 0.707667 0.004000 0.015333
7 0.236750 0.707333 0.012500 0.013333
7 0.213500 0.712000 0.013000 0.012000
