0 0.170714 0.272857 0.058571 0.084762
0 0.030714 0.695714 0.060000 0.170476
0 0.113929 0.474762 0.102143 0.141905
0 0.242143 0.124762 0.035714 0.068571
0 0.318571 0.090952 0.041429 0.065714
0 0.325714 0.054762 0.034286 0.046667
0 0.550357 0.812381 0.079286 0.215238
0 0.533214 0.571905 0.067857 0.151429
0 0.517857 0.397619 0.048571 0.098095
0 0.511071 0.286190 0.039286 0.082857
0 0.500000 0.204286 0.041429 0.082857
0 0.456071 0.124286 0.035000 0.052381
0 0.496071 0.143333 0.036429 0.060000
0 0.496786 0.089524 0.029286 0.051429
0 0.581429 0.018571 0.030000 0.037143
0 0.701429 0.460000 0.080000 0.123810
0 0.787857 0.904762 0.194286 0.188571
