0 0.519643 0.189721 0.027857 0.118020
0 0.691429 0.244289 0.025714 0.105330
0 0.693929 0.097716 0.027857 0.106599
0 0.696786 0.390863 0.026429 0.109137
0 0.687857 0.802030 0.025714 0.119289
0 0.687857 0.944797 0.030000 0.107868
0 0.382857 0.782995 0.054286 0.050761
0 0.387143 0.845812 0.064286 0.054569
0 0.381429 0.918782 0.058571 0.050761
0 0.290000 0.868020 0.061429 0.053299
0 0.295000 0.810914 0.061429 0.045685
0 0.298929 0.670685 0.067857 0.052030
0 0.390357 0.520939 0.063571 0.052030
0 0.392500 0.628807 0.059286 0.069797
0 0.390357 0.332487 0.065000 0.055838
0 0.385000 0.258249 0.058571 0.049492
0 0.385357 0.179569 0.059286 0.049492
0 0.386429 0.036168 0.058571 0.049492
0 0.301071 0.045685 0.069286 0.045685
0 0.293571 0.107234 0.057143 0.044416
0 0.295357 0.177030 0.062143 0.049492
0 0.295000 0.309010 0.058571 0.046954
0 0.291071 0.364213 0.057857 0.045685
0 0.298214 0.421320 0.057857 0.045685
0 0.230714 0.326777 0.041429 0.107868
0 0.186786 0.313452 0.030714 0.106599
0 0.190714 0.047589 0.050000 0.095178
0 0.226429 0.596447 0.031429 0.109137
0 0.301786 0.732868 0.062143 0.049492
2 0.219643 0.802030 0.027857 0.124365
2 0.298571 0.529822 0.084286 0.057107
0 0.379643 0.975254 0.066429 0.046954
0 0.297143 0.930838 0.065714 0.057107
0 0.299643 0.980330 0.063571 0.036802
