1 0.759286 0.447619 0.010000 0.007619
1 0.759643 0.443810 0.016429 0.009524
1 0.480357 0.543333 0.007857 0.014286
1 0.482500 0.493333 0.006429 0.007619
2 0.545357 0.680952 0.013571 0.024762
3 0.497143 0.540476 0.017143 0.046667
2 0.417500 0.512857 0.017857 0.040952
2 0.502857 0.424762 0.008571 0.019048
2 0.493571 0.410952 0.007143 0.020000
2 0.502857 0.405714 0.007143 0.013333
2 0.437500 0.417619 0.007857 0.018095
2 0.462500 0.406667 0.009286 0.017143
2 0.447143 0.418571 0.010000 0.020000
2 0.454286 0.427619 0.010000 0.019048
2 0.451071 0.389524 0.006429 0.009524
2 0.476071 0.370952 0.005000 0.008571
2 0.488571 0.360000 0.004286 0.007619
2 0.506071 0.364286 0.006429 0.010476
1 0.473929 0.397619 0.003571 0.004762
1 0.478929 0.380952 0.003571 0.003810
2 0.481786 0.362381 0.005000 0.006667
2 0.473571 0.365714 0.004286 0.009524
2 0.518214 0.341429 0.002143 0.006667
1 0.503214 0.353810 0.002143 0.002857
2 0.501071 0.339524 0.003571 0.006667
2 0.507857 0.334762 0.002857 0.004762
