3 0.076429 0.962381 0.150000 0.075238
7 0.983929 0.277619 0.013571 0.006667
1 0.732857 0.288571 0.022857 0.017143
1 0.744643 0.292381 0.017857 0.013333
1 0.758214 0.293810 0.023571 0.014286
1 0.733571 0.309524 0.021429 0.019048
1 0.777143 0.295238 0.021429 0.015238
1 0.791786 0.296667 0.023571 0.016190
1 0.809286 0.300952 0.021429 0.015238
1 0.827857 0.304286 0.024286 0.016190
1 0.856071 0.305714 0.027857 0.015238
1 0.684286 0.515714 0.047143 0.040952
2 0.608929 0.549524 0.056429 0.064762
1 0.502857 0.650000 0.075714 0.075238
7 0.502500 0.474286 0.010714 0.024762
1 0.547143 0.389524 0.022857 0.026667
1 0.431071 0.472857 0.053571 0.037143
1 0.569286 0.434286 0.032857 0.038095
1 0.649286 0.466667 0.050000 0.038095
1 0.420357 0.727619 0.092143 0.087619
