0 0.091336 0.755102 0.046973 0.085343
0 0.725731 0.915584 0.042276 0.098330
1 0.546973 0.346939 0.021921 0.074212
1 0.431889 0.208256 0.014092 0.049165
0 0.492954 0.263915 0.012004 0.025046
0 0.504436 0.236549 0.007829 0.016698
0 0.463727 0.166976 0.009916 0.018553
0 0.457203 0.143321 0.008351 0.019481
0 0.498434 0.153989 0.009395 0.014842
0 0.494781 0.102968 0.007307 0.011132
0 0.487735 0.067718 0.006785 0.011132
0 0.494781 0.060297 0.006263 0.011132
0 0.490605 0.034323 0.005219 0.009276
0 0.493476 0.009276 0.004697 0.007421
0 0.485908 0.006030 0.005219 0.008349
0 0.740866 0.727273 0.051670 0.040816
0 0.731994 0.677644 0.049582 0.039889
0 0.698852 0.547774 0.042797 0.032468
0 0.706159 0.621521 0.046973 0.037106
0 0.613257 0.506030 0.019833 0.043599
0 0.637787 0.497681 0.019833 0.034323
0 0.660230 0.434137 0.032359 0.025974
0 0.658142 0.418831 0.030271 0.023191
0 0.674843 0.377087 0.032359 0.026902
0 0.639614 0.374768 0.028706 0.025974
0 0.553497 0.131725 0.008873 0.014842
0 0.547495 0.112245 0.008351 0.011132
0 0.542276 0.089054 0.008351 0.011132
0 0.540449 0.083024 0.010960 0.008349
