1 0.603340 0.893321 0.049061 0.118738
1 0.516962 0.662801 0.030793 0.058442
1 0.557933 0.551020 0.026096 0.050093
1 0.539144 0.419759 0.022965 0.030612
2 0.400835 0.695269 0.031315 0.091837
2 0.527401 0.347403 0.015136 0.025046
1 0.467380 0.340909 0.014092 0.032468
1 0.442850 0.386364 0.017223 0.039889
3 0.444415 0.349258 0.019311 0.047310
1 0.451722 0.324212 0.014092 0.032468
3 0.439979 0.231447 0.029228 0.023191
4 0.401096 0.231447 0.022443 0.021336
1 0.402923 0.369666 0.024008 0.030612
7 0.357255 0.430891 0.010960 0.021336
5 0.349165 0.420223 0.024008 0.031540
4 0.405271 0.440167 0.027662 0.023191
4 0.384916 0.487013 0.025574 0.035250
0 0.382829 0.532931 0.018267 0.015770
4 0.347077 0.574675 0.019833 0.041744
7 0.281315 0.637755 0.018789 0.030612
7 0.352296 0.759740 0.031315 0.037106
4 0.346294 0.741187 0.042276 0.042672
5 0.361169 0.712430 0.033403 0.070501
5 0.337161 0.843692 0.043841 0.073284
5 0.488779 0.417440 0.020355 0.050093
5 0.506524 0.302876 0.009916 0.019481
3 0.524008 0.294527 0.016701 0.047310
3 0.534708 0.279685 0.018267 0.030612
7 0.509656 0.238868 0.004697 0.012059
4 0.485125 0.229128 0.004697 0.011132
5 0.463987 0.170686 0.013570 0.016698
2 0.452505 0.155844 0.012526 0.011132
5 0.483299 0.181818 0.005219 0.011132
1 0.485125 0.177180 0.005741 0.011132
7 0.493215 0.139147 0.002088 0.005566
5 0.656576 0.190167 0.009395 0.012987
1 0.600731 0.197588 0.007307 0.014842
