7 0.319286 0.686190 0.028571 0.044762
7 0.403929 0.310000 0.015000 0.033333
7 0.460000 0.322381 0.030000 0.027619
7 0.620000 0.360000 0.017143 0.047619
7 0.672143 0.301429 0.011429 0.033333
7 0.646429 0.268095 0.017143 0.031429
7 0.576786 0.177143 0.015000 0.026667
5 0.565357 0.192381 0.019286 0.045714
1 0.590000 0.142857 0.027143 0.047619
7 0.505000 0.127619 0.017143 0.019048
7 0.506071 0.121429 0.019286 0.018095
7 0.510357 0.116667 0.016429 0.018095
7 0.513571 0.111429 0.018571 0.019048
7 0.521071 0.100000 0.017857 0.019048
7 0.558571 0.140000 0.021429 0.020952
7 0.563571 0.133810 0.017143 0.018095
7 0.565714 0.125714 0.018571 0.017143
7 0.568214 0.116667 0.020714 0.018095
7 0.571071 0.111429 0.017857 0.017143
7 0.580357 0.097619 0.020714 0.018095
7 0.868571 0.264762 0.011429 0.028571
7 0.867500 0.301905 0.010714 0.028571
7 0.934286 0.268095 0.024286 0.025714
1 0.925000 0.212857 0.025714 0.046667
7 0.972143 0.251905 0.030000 0.023810
7 0.972500 0.267143 0.026429 0.016190
7 0.973214 0.274762 0.026429 0.016190
7 0.971786 0.283810 0.027857 0.020952
7 0.970714 0.314762 0.028571 0.021905
7 0.970357 0.321905 0.027857 0.019048
7 0.971071 0.328571 0.030714 0.019048
7 0.972143 0.336190 0.030000 0.019048
7 0.972143 0.344762 0.032857 0.024762
7 0.971786 0.350000 0.029286 0.018095
7 0.972500 0.359048 0.029286 0.019048
7 0.982143 0.376667 0.035714 0.020000
7 0.977857 0.393810 0.034286 0.029524
7 0.979643 0.572381 0.032143 0.040000
3 0.936786 0.395714 0.039286 0.080952
1 0.936429 0.335238 0.032857 0.053333
1 0.720714 0.248095 0.032857 0.058095
1 0.700357 0.303810 0.035000 0.064762
1 0.685000 0.374286 0.042857 0.078095
1 0.654643 0.461905 0.040714 0.072381
1 0.625714 0.576190 0.051429 0.097143
1 0.565357 0.591429 0.052143 0.104762
1 0.696786 0.718095 0.052143 0.116190
3 0.522500 0.273810 0.045000 0.067619
7 0.499286 0.248095 0.027143 0.027619
7 0.492143 0.260952 0.021429 0.024762
