0 0.116071 0.841429 0.145000 0.223810
0 0.795714 0.881905 0.247143 0.236190
0 0.750357 0.718095 0.177857 0.179048
0 0.633571 0.453810 0.105714 0.113333
0 0.646071 0.326190 0.080714 0.103810
0 0.404286 0.386190 0.130000 0.084762
0 0.203929 0.016667 0.047857 0.029524
0 0.185714 0.033333 0.064286 0.032381
0 0.187500 0.052857 0.045000 0.046667
0 0.205714 0.072381 0.065714 0.059048
0 0.216786 0.090476 0.066429 0.057143
0 0.238929 0.094762 0.072143 0.061905
0 0.291786 0.130952 0.079286 0.065714
0 0.277857 0.352857 0.091429 0.088571
0 0.126429 0.396190 0.085714 0.093333
0 0.191786 0.258571 0.073571 0.071429
0 0.091786 0.166667 0.057857 0.055238
0 0.050000 0.140952 0.058571 0.059048
0 0.024643 0.110000 0.049286 0.054286
