4 0.417015 0.703618 0.058455 0.123377
4 0.392223 0.850649 0.164405 0.294991
1 0.578027 0.720779 0.134134 0.205937
1 0.551931 0.587199 0.075678 0.102041
1 0.539927 0.550093 0.045407 0.063080
1 0.550626 0.518089 0.042797 0.039889
1 0.489301 0.523655 0.040188 0.058442
1 0.501305 0.500464 0.029749 0.039889
1 0.542276 0.508349 0.032359 0.042672
1 0.542015 0.493970 0.024530 0.026902
1 0.538100 0.484694 0.026096 0.032468
1 0.513831 0.472635 0.018267 0.026902
1 0.523486 0.445269 0.005219 0.009276
1 0.535752 0.455473 0.009916 0.014842
1 0.639092 0.934601 0.374217 0.128942
