1 0.312857 0.663810 0.071429 0.047619
1 0.406786 0.525714 0.055000 0.030476
1 0.458929 0.771429 0.110714 0.078095
1 0.476429 0.680952 0.085714 0.055238
1 0.544643 0.502857 0.045000 0.028571
1 0.042857 0.608095 0.071429 0.031429
1 0.130000 0.594286 0.058571 0.036190
1 0.081429 0.550952 0.062857 0.029524
5 0.150714 0.520476 0.037143 0.040952
1 0.239286 0.455238 0.015714 0.019048
1 0.297500 0.439524 0.023571 0.025714
1 0.321429 0.435714 0.030000 0.025714
1 0.340714 0.430952 0.027143 0.023810
1 0.420000 0.450952 0.032857 0.023810
1 0.452857 0.424286 0.021429 0.012381
1 0.457143 0.434286 0.030000 0.017143
1 0.462500 0.484286 0.039286 0.023810
1 0.472143 0.454286 0.028571 0.017143
1 0.485714 0.460952 0.032857 0.022857
1 0.527143 0.440476 0.025714 0.020000
1 0.557500 0.430476 0.022143 0.022857
1 0.537500 0.424762 0.025000 0.020952
1 0.594643 0.431905 0.027857 0.014286
1 0.651786 0.470000 0.015000 0.021905
1 0.713571 0.592381 0.064286 0.045714
1 0.846429 0.629048 0.071429 0.046667
7 0.602500 0.547619 0.012143 0.028571
7 0.190357 0.496667 0.020714 0.023810
1 0.494643 0.411905 0.026429 0.027619
6 0.280714 0.584286 0.164286 0.105714
6 0.065357 0.670000 0.129286 0.101905
2 0.210357 0.442381 0.027857 0.021905
3 0.127857 0.471905 0.050000 0.040952
1 0.133929 0.449524 0.037857 0.022857
1 0.176429 0.456190 0.035714 0.020952
1 0.628571 0.485238 0.024286 0.025714
1 0.591071 0.410952 0.022143 0.014286
1 0.516071 0.409048 0.016429 0.014286
1 0.270000 0.446667 0.020000 0.022857
2 0.248929 0.472381 0.050714 0.026667
