5 0.201071 0.722381 0.047857 0.035238
2 0.056786 0.768571 0.113571 0.074286
1 0.160714 0.720000 0.078571 0.041905
1 0.154643 0.704762 0.067857 0.036190
1 0.077500 0.711429 0.087857 0.045714
1 0.079286 0.685714 0.074286 0.034286
1 0.135714 0.680952 0.064286 0.032381
1 0.055000 0.682381 0.055714 0.031429
1 0.188929 0.674286 0.060714 0.036190
1 0.203214 0.654286 0.049286 0.026667
1 0.272857 0.651429 0.051429 0.030476
1 0.337143 0.649048 0.042857 0.025714
1 0.294643 0.636190 0.040714 0.022857
1 0.278929 0.629048 0.036429 0.023810
1 0.315357 0.625714 0.033571 0.020952
1 0.380714 0.616667 0.031429 0.020000
1 0.443571 0.615238 0.027143 0.017143
1 0.368214 0.613333 0.027857 0.020952
1 0.412143 0.604286 0.025714 0.020000
1 0.403214 0.597143 0.020714 0.015238
1 0.421786 0.600476 0.019286 0.012381
3 0.446786 0.596190 0.025000 0.017143
1 0.446786 0.590000 0.019286 0.014286
1 0.462143 0.590000 0.020000 0.014286
1 0.495000 0.598095 0.024286 0.015238
