0 0.033214 0.349619 0.023571 0.067259
0 0.152143 0.220812 0.047143 0.045685
0 0.062143 0.337563 0.027143 0.058376
0 0.256786 0.216371 0.043571 0.044416
0 0.340714 0.251904 0.047143 0.054569
0 0.435357 0.289340 0.042143 0.055838
0 0.473929 0.269036 0.043571 0.053299
0 0.540357 0.298223 0.045000 0.043147
0 0.559286 0.343909 0.045714 0.043147
0 0.625000 0.333756 0.041429 0.043147
0 0.746429 0.371827 0.050000 0.048223
0 0.753214 0.410533 0.035000 0.041878
0 0.858929 0.401650 0.053571 0.057107
0 0.872500 0.449873 0.053571 0.052030
0 0.947857 0.147208 0.017143 0.043147
0 0.934286 0.259518 0.021429 0.049492
0 0.924286 0.384518 0.034286 0.045685
0 0.935357 0.433376 0.046429 0.046954
0 0.763571 0.861041 0.065714 0.069797
0 0.831786 0.893401 0.059286 0.060914
0 0.851429 0.946701 0.061429 0.050761
0 0.782500 0.920051 0.073571 0.076142
0 0.770714 0.958122 0.068571 0.076142
0 0.838571 0.977792 0.068571 0.041878
0 0.832500 0.845812 0.069286 0.072335
2 0.816071 0.788706 0.095000 0.090102
0 0.718929 0.730964 0.027857 0.098985
0 0.750000 0.654188 0.022857 0.072335
0 0.725357 0.653553 0.025000 0.073604
0 0.696786 0.654822 0.030714 0.098985
0 0.627500 0.588198 0.025000 0.090102
1 0.660714 0.666878 0.054286 0.244924
0 0.748929 0.724619 0.029286 0.076142
0 0.936786 0.501269 0.060714 0.058376
