0 0.634643 0.011429 0.022143 0.022857
0 0.540000 0.036190 0.027143 0.053333
0 0.529643 0.095238 0.025000 0.059048
0 0.519286 0.155714 0.027143 0.061905
0 0.610714 0.260000 0.027143 0.066667
0 0.490357 0.318095 0.032143 0.072381
0 0.482500 0.401905 0.030714 0.080000
0 0.496429 0.577143 0.034286 0.087619
0 0.356429 0.473333 0.075714 0.051429
0 0.409286 0.553333 0.078571 0.049524
0 0.436786 0.644762 0.039286 0.102857
0 0.522857 0.682857 0.045714 0.110476
0 0.563571 0.742381 0.035714 0.096190
0 0.393214 0.906190 0.050714 0.132381
0 0.541786 0.944286 0.043571 0.111429
