0 0.600500 0.893000 0.073000 0.087333
0 0.620250 0.711000 0.062500 0.063333
0 0.677750 0.715333 0.064500 0.061333
0 0.678750 0.644333 0.057500 0.054000
0 0.649250 0.472667 0.047500 0.038667
0 0.759500 0.553000 0.053000 0.047333
0 0.735000 0.591000 0.052000 0.043333
0 0.719750 0.605333 0.061500 0.056000
0 0.697500 0.623333 0.062000 0.056000
0 0.840750 0.458667 0.041500 0.028000
0 0.847000 0.444333 0.045000 0.026000
0 0.869250 0.424000 0.047500 0.030667
0 0.889000 0.405000 0.044000 0.027333
0 0.866000 0.350333 0.026000 0.027333
0 0.896500 0.359667 0.024000 0.026000
0 0.834000 0.341333 0.027000 0.028000
0 0.815500 0.332667 0.023000 0.024000
0 0.796750 0.327333 0.024500 0.026667
0 0.776250 0.320333 0.024500 0.024667
0 0.739750 0.307333 0.025500 0.024000
0 0.727750 0.301000 0.023500 0.020667
0 0.710250 0.295000 0.025500 0.019333
0 0.593500 0.463667 0.043000 0.035333
0 0.577750 0.475667 0.046500 0.036667
0 0.631000 0.428667 0.042000 0.029333
0 0.666000 0.408667 0.039000 0.032000
0 0.706750 0.430333 0.042500 0.028667
0 0.713000 0.417000 0.043000 0.026000
0 0.728500 0.407000 0.041000 0.031333
0 0.738500 0.399333 0.036000 0.026667
0 0.752250 0.391000 0.043500 0.031333
0 0.759000 0.380000 0.034000 0.024000
0 0.770250 0.372333 0.039500 0.026000
0 0.783250 0.363667 0.039500 0.028667
0 0.685000 0.388667 0.037000 0.029333
0 0.697250 0.382333 0.037500 0.026000
0 0.710500 0.374000 0.041000 0.026667
0 0.720750 0.364333 0.033500 0.023333
0 0.728000 0.355667 0.037000 0.023333
0 0.741750 0.348000 0.038500 0.028000
0 0.755750 0.341667 0.037500 0.023333
0 0.531250 0.375333 0.038500 0.028000
0 0.548000 0.370000 0.036000 0.025333
0 0.561000 0.360333 0.036000 0.024667
0 0.576250 0.352333 0.035500 0.023333
0 0.601000 0.335667 0.032000 0.022000
0 0.608500 0.327333 0.032000 0.024000
0 0.620000 0.320333 0.036000 0.020667
0 0.628500 0.314667 0.027000 0.021333
0 0.646250 0.308333 0.029500 0.020667
0 0.655750 0.302000 0.034500 0.021333
0 0.665750 0.297000 0.032500 0.019333
0 0.534000 0.574333 0.050000 0.050000
0 0.423000 0.595333 0.048000 0.044000
0 0.367000 0.631333 0.054000 0.054667
0 0.316500 0.671333 0.051000 0.054667
0 0.132250 0.643667 0.045500 0.050000
0 0.092250 0.657333 0.052500 0.054667
0 0.168250 0.626000 0.040500 0.050667
0 0.224250 0.581333 0.043500 0.042667
0 0.252750 0.566000 0.042500 0.046667
0 0.277000 0.548667 0.039000 0.037333
0 0.302000 0.534667 0.045000 0.037333
0 0.306250 0.288667 0.028500 0.025333
0 0.395500 0.309333 0.029000 0.021333
0 0.382250 0.302667 0.025500 0.021333
0 0.370500 0.295667 0.024000 0.024667
0 0.351250 0.293333 0.028500 0.024000
0 0.340500 0.286667 0.021000 0.017333
0 0.333250 0.280000 0.020500 0.018667
0 0.300250 0.269667 0.028500 0.020667
0 0.287500 0.265000 0.028000 0.020667
0 0.276250 0.259667 0.027500 0.019333
0 0.269500 0.254667 0.026000 0.020000
0 0.262500 0.250333 0.024000 0.018000
0 0.242750 0.243333 0.027500 0.020000
0 0.230500 0.239667 0.025000 0.018000
0 0.221250 0.234333 0.025500 0.019333
0 0.216000 0.230000 0.022000 0.014667
0 0.201750 0.229333 0.026500 0.016000
0 0.193750 0.224667 0.024500 0.016000
0 0.182000 0.222333 0.024000 0.016667
0 0.161250 0.220667 0.024500 0.014667
0 0.136250 0.216667 0.019500 0.017333
0 0.089000 0.209667 0.029000 0.016667
0 0.104750 0.230667 0.016500 0.016000
0 0.321750 0.345000 0.032500 0.026000
0 0.304500 0.337333 0.032000 0.021333
0 0.283750 0.362333 0.037500 0.028667
0 0.270500 0.355667 0.036000 0.028667
0 0.259000 0.348000 0.035000 0.028000
0 0.249250 0.339667 0.033500 0.027333
0 0.236500 0.331000 0.035000 0.030000
0 0.223250 0.327333 0.031500 0.025333
0 0.213500 0.322333 0.035000 0.026000
0 0.201750 0.315000 0.031500 0.026000
0 0.193000 0.311333 0.028000 0.020000
0 0.179500 0.308333 0.035000 0.022000
0 0.159250 0.293000 0.029500 0.026000
0 0.151750 0.289667 0.028500 0.022000
0 0.143250 0.285333 0.031500 0.024000
0 0.105000 0.267333 0.031000 0.017333
0 0.131000 0.280000 0.031000 0.017333
0 0.117250 0.271000 0.030500 0.020667
0 0.099250 0.262667 0.024500 0.017333
0 0.076250 0.257000 0.020500 0.022000
0 0.090500 0.348667 0.037000 0.025333
0 0.083500 0.337333 0.037000 0.025333
0 0.074000 0.329333 0.034000 0.029333
0 0.062250 0.323667 0.033500 0.026000
0 0.056250 0.320333 0.033500 0.026000
0 0.050250 0.311000 0.036500 0.026000
0 0.040750 0.307000 0.030500 0.027333
0 0.032750 0.303000 0.035500 0.026000
0 0.029000 0.296000 0.031000 0.024000
0 0.281000 0.327000 0.032000 0.022000
0 0.271750 0.319333 0.034500 0.024000
0 0.258500 0.313000 0.032000 0.023333
0 0.247500 0.309667 0.030000 0.020667
0 0.233500 0.302333 0.030000 0.020667
0 0.223500 0.298000 0.033000 0.020000
0 0.215750 0.290333 0.033500 0.023333
0 0.206250 0.288333 0.030500 0.022000
0 0.197250 0.282333 0.029500 0.020667
0 0.188000 0.274333 0.030000 0.023333
0 0.174000 0.273000 0.027000 0.018000
0 0.167250 0.269667 0.033500 0.022000
0 0.158000 0.263667 0.030000 0.018000
0 0.154000 0.259000 0.030000 0.018000
0 0.143250 0.253667 0.029500 0.018000
0 0.115250 0.241667 0.025500 0.016667
0 0.124500 0.246000 0.029000 0.020000
0 0.130500 0.250333 0.033000 0.024667
