0 0.364286 0.786190 0.145714 0.084762
0 0.350000 0.969048 0.174286 0.060000
0 0.960714 0.944286 0.071429 0.103810
0 0.941429 0.813333 0.117143 0.123810
0 0.875714 0.611905 0.132857 0.079048
0 0.846071 0.548095 0.113571 0.075238
0 0.820000 0.489048 0.118571 0.065714
0 0.723929 0.263810 0.079286 0.047619
0 0.715714 0.221429 0.082857 0.052381
0 0.712857 0.194286 0.078571 0.034286
0 0.702143 0.166667 0.072857 0.043810
0 0.692500 0.135238 0.070714 0.043810
0 0.687500 0.112381 0.069286 0.034286
0 0.675000 0.090952 0.062857 0.035238
0 0.381429 0.054762 0.070000 0.042857
0 0.376429 0.213333 0.067143 0.043810
0 0.217500 0.342381 0.102143 0.058095
0 0.839286 0.192381 0.052857 0.060952
0 0.766786 0.075238 0.042143 0.060952
0 0.795714 0.128095 0.048571 0.065714
0 0.860357 0.400952 0.100714 0.074286
0 0.768571 0.353333 0.102857 0.059048
0 0.728214 0.088095 0.036429 0.063810
0 0.322500 0.151429 0.080714 0.038095
2 0.285000 0.236190 0.128571 0.097143
0 0.394643 0.028571 0.070714 0.030476
2 0.382857 0.016667 0.082857 0.033333
