0 0.436786 0.732868 0.020714 0.049492
0 0.487500 0.755076 0.019286 0.053299
0 0.473571 0.644036 0.017143 0.041878
0 0.432857 0.363579 0.008571 0.021574
0 0.466429 0.284264 0.008571 0.017766
0 0.497500 0.272843 0.006429 0.015228
0 0.505000 0.386421 0.011429 0.021574
0 0.423929 0.246193 0.005000 0.012690
0 0.436071 0.246827 0.006429 0.013959
0 0.425000 0.218274 0.005714 0.012690
0 0.458571 0.187183 0.004286 0.013959
0 0.448571 0.187817 0.004286 0.007614
0 0.460357 0.215102 0.006429 0.013959
0 0.432857 0.195431 0.005714 0.012690
0 0.461071 0.116751 0.005000 0.010152
0 0.451429 0.100254 0.004286 0.010152
0 0.445000 0.103426 0.004286 0.006345
0 0.434643 0.112310 0.005000 0.006345
0 0.448929 0.076777 0.005000 0.008883
1 0.454643 0.066624 0.005000 0.021574
1 0.436786 0.031726 0.035000 0.060914
0 0.446071 0.118020 0.003571 0.007614
0 0.568571 0.473350 0.022857 0.022843
0 0.568571 0.460660 0.025714 0.020305
0 0.561071 0.430838 0.022143 0.013959
1 0.398214 0.308376 0.013571 0.058376
1 0.359286 0.546320 0.037143 0.107868
