0 0.721250 0.946333 0.097500 0.107333
0 0.639750 0.830333 0.078500 0.102000
0 0.495250 0.854333 0.054500 0.102000
0 0.470500 0.767667 0.048000 0.078000
0 0.670000 0.615667 0.066000 0.035333
0 0.447500 0.691000 0.038000 0.052667
0 0.521250 0.636333 0.038500 0.043333
0 0.429500 0.640000 0.030000 0.048000
0 0.499750 0.595000 0.032500 0.034000
0 0.478750 0.564667 0.026500 0.028000
0 0.416250 0.599667 0.026500 0.039333
0 0.407500 0.567667 0.026000 0.034000
0 0.457750 0.515333 0.023500 0.028000
0 0.448750 0.474667 0.013500 0.017333
0 0.387750 0.504667 0.018500 0.026667
0 0.383000 0.491000 0.024000 0.022000
0 0.428750 0.477333 0.017500 0.021333
0 0.422000 0.465000 0.016000 0.016667
0 0.375500 0.477333 0.016000 0.021333
0 0.371500 0.463667 0.014000 0.016667
0 0.368000 0.452667 0.012000 0.017333
0 0.407250 0.443333 0.012500 0.016000
0 0.405000 0.435667 0.012000 0.014000
0 0.400250 0.427667 0.010500 0.014000
0 0.395000 0.421667 0.011000 0.012667
0 0.378500 0.428333 0.012000 0.014000
0 0.359250 0.422333 0.010500 0.012667
0 0.369750 0.408333 0.009500 0.010000
0 0.353250 0.403333 0.009500 0.012000
0 0.389250 0.411333 0.011500 0.010667
2 0.385500 0.404000 0.015000 0.014667
0 0.376250 0.391333 0.007500 0.009333
0 0.374500 0.386667 0.008000 0.008000
0 0.368250 0.376000 0.006500 0.008000
0 0.365750 0.373000 0.006500 0.007333
0 0.365250 0.369667 0.005500 0.006000
0 0.363250 0.367000 0.006500 0.006000
2 0.350500 0.391333 0.010000 0.013333
0 0.346500 0.382333 0.007000 0.007333
0 0.352500 0.367000 0.006000 0.007333
0 0.697250 0.443000 0.028500 0.018000
0 0.714250 0.450000 0.030500 0.016000
0 0.558750 0.395000 0.012500 0.010000
0 0.559500 0.362333 0.011000 0.008667
2 0.259750 0.340667 0.009500 0.008000
0 0.177750 0.351000 0.013500 0.006000
0 0.074000 0.394333 0.008000 0.011333
0 0.056750 0.395333 0.011500 0.013333
0 0.100500 0.377000 0.012000 0.006000
0 0.090000 0.377000 0.015000 0.007333
0 0.096000 0.388667 0.018000 0.008000
0 0.096000 0.385667 0.016000 0.007333
0 0.088750 0.385000 0.016500 0.008667
0 0.052000 0.380333 0.015000 0.007333
0 0.059500 0.382667 0.014000 0.008000
0 0.065000 0.383000 0.012000 0.007333
0 0.076250 0.384000 0.014500 0.008000
0 0.079750 0.384667 0.012500 0.006667
