0 0.377250 0.968000 0.062500 0.053333
0 0.408000 0.910667 0.059000 0.054667
0 0.451500 0.848333 0.063000 0.046000
0 0.498000 0.748333 0.062000 0.046000
0 0.529750 0.685000 0.061500 0.042000
0 0.602750 0.658333 0.052500 0.078000
0 0.574250 0.603000 0.063500 0.056667
0 0.619750 0.519667 0.060500 0.047333
0 0.653250 0.455333 0.059500 0.061333
0 0.688500 0.392333 0.061000 0.050000
0 0.807000 0.186333 0.071000 0.047333
0 0.886000 0.029667 0.053000 0.058000
0 0.979000 0.185000 0.038000 0.091333
0 0.935750 0.270000 0.047500 0.089333
0 0.876750 0.383667 0.061500 0.044667
0 0.977500 0.861333 0.045000 0.078667
0 0.677000 0.765667 0.053000 0.076667
0 0.728750 0.677000 0.049500 0.076667
0 0.579250 0.928000 0.065500 0.068000
