0 0.363214 0.483503 0.023571 0.088832
0 0.393929 0.484772 0.020714 0.088832
0 0.430714 0.484772 0.025714 0.096447
0 0.463929 0.466371 0.023571 0.082487
0 0.499286 0.476523 0.021429 0.074873
0 0.529643 0.471447 0.027857 0.090102
0 0.564286 0.463832 0.025714 0.092640
0 0.598214 0.467005 0.033571 0.098985
0 0.635714 0.466371 0.034286 0.097716
0 0.797857 0.463198 0.024286 0.093909
0 0.830000 0.456218 0.027143 0.087563
0 0.834643 0.697335 0.050714 0.085025
0 0.880000 0.668782 0.051429 0.083756
0 0.806429 0.754442 0.050000 0.082487
0 0.784286 0.793782 0.047143 0.079949
0 0.706071 0.653553 0.052143 0.040609
2 0.889286 0.407995 0.085714 0.054569
0 0.156071 0.475888 0.056429 0.043147
0 0.087857 0.484772 0.055714 0.040609
0 0.236429 0.379442 0.025714 0.101523
0 0.208929 0.383249 0.025000 0.098985
0 0.177500 0.373731 0.025000 0.092640
0 0.150714 0.387056 0.025714 0.098985
0 0.123214 0.394670 0.026429 0.104061
0 0.088929 0.394036 0.026429 0.110406
0 0.057857 0.404822 0.030000 0.093909
0 0.028929 0.402919 0.025000 0.079949
0 0.219643 0.190990 0.049286 0.049492
0 0.446071 0.241117 0.052143 0.043147
0 0.547143 0.319162 0.052857 0.036802
0 0.481786 0.151015 0.052143 0.045685
0 0.339286 0.073604 0.025714 0.078680
0 0.163929 0.106599 0.029286 0.081218
0 0.132500 0.110406 0.027857 0.101523
0 0.105357 0.123096 0.029286 0.106599
0 0.069286 0.122462 0.032857 0.100254
0 0.032143 0.140228 0.037143 0.097716
0 0.007857 0.407995 0.015714 0.100254
0 0.020357 0.703046 0.039286 0.055838
