1 0.548800 0.074212 0.038100 0.109462
1 0.562109 0.191095 0.037578 0.107607
2 0.034708 0.737941 0.069415 0.073284
4 0.207203 0.579777 0.077244 0.079777
4 0.419102 0.198052 0.042797 0.052876
5 0.405271 0.230983 0.049582 0.061224
5 0.452766 0.275510 0.032881 0.076067
5 0.542276 0.401206 0.029228 0.099258
5 0.525052 0.504174 0.032359 0.080705
4 0.587683 0.256957 0.034447 0.077922
4 0.574113 0.331169 0.043841 0.040816
4 0.579854 0.384972 0.027140 0.059369
4 0.435543 0.476345 0.043319 0.062152
4 0.472599 0.510668 0.028706 0.069573
4 0.448591 0.613636 0.051670 0.058442
4 0.303236 0.662338 0.036534 0.072356
5 0.608559 0.652134 0.057411 0.063080
5 0.670668 0.916512 0.070981 0.165121
7 0.590292 0.301020 0.024008 0.034323
7 0.616910 0.368275 0.032359 0.029685
7 0.597860 0.431354 0.033925 0.027829
0 0.587944 0.461039 0.022443 0.035250
4 0.609081 0.460111 0.019833 0.063080
0 0.614040 0.548237 0.019311 0.050093
5 0.336900 0.620130 0.032881 0.115955
7 0.503914 0.859462 0.016180 0.062152
7 0.543319 0.751855 0.016701 0.065863
0 0.469990 0.452226 0.009916 0.054731
0 0.462944 0.595547 0.029228 0.024119
4 0.063935 0.553803 0.051670 0.040816
4 0.030793 0.923933 0.055324 0.048237
