1 0.109286 0.736190 0.102857 0.062857
1 0.078929 0.700952 0.122143 0.064762
1 0.075357 0.664286 0.119286 0.054286
1 0.230000 0.687143 0.085714 0.050476
1 0.213929 0.654286 0.073571 0.051429
1 0.212857 0.624762 0.074286 0.038095
1 0.217857 0.595714 0.072857 0.039048
1 0.813929 0.956190 0.100714 0.087619
1 0.832857 0.856190 0.081429 0.087619
0 0.490357 0.705714 0.020714 0.045714
7 0.520357 0.682857 0.027857 0.040000
7 0.497143 0.656667 0.031429 0.035238
1 0.633214 0.599048 0.072143 0.062857
2 0.481429 0.507619 0.040000 0.053333
7 0.526429 0.467143 0.020000 0.023810
2 0.818214 0.955238 0.100714 0.089524
1 0.986429 0.475238 0.027143 0.026667
0 0.569286 0.717143 0.032857 0.041905
1 0.458571 0.442857 0.025714 0.020952
1 0.632143 0.448571 0.041429 0.024762
1 0.049643 0.351905 0.022143 0.010476
1 0.033214 0.365714 0.017857 0.013333
1 0.079286 0.371905 0.028571 0.012381
1 0.973214 0.364762 0.030714 0.017143
