0 0.653184 0.876160 0.029749 0.114100
0 0.552192 0.834879 0.030271 0.107607
0 0.656054 0.631262 0.027140 0.093692
0 0.758612 0.687848 0.026618 0.089981
0 0.561848 0.518553 0.052714 0.051948
0 0.348121 0.519481 0.034447 0.076067
0 0.324113 0.507421 0.034447 0.077922
0 0.233299 0.476809 0.035491 0.076067
0 0.156315 0.446660 0.037056 0.076994
0 0.069676 0.416512 0.044363 0.074212
0 0.034447 0.388683 0.044885 0.070501
0 0.015136 0.380798 0.030271 0.062152
0 0.440240 0.487477 0.054802 0.058442
0 0.455115 0.457328 0.046973 0.050093
0 0.464509 0.424861 0.043841 0.053803
0 0.493998 0.363636 0.042276 0.046382
0 0.503132 0.334416 0.035491 0.043599
0 0.518528 0.301948 0.036013 0.047310
0 0.545668 0.238404 0.039144 0.046382
0 0.554019 0.210575 0.038100 0.044527
0 0.646138 0.136364 0.016701 0.042672
0 0.625261 0.131262 0.017745 0.045455
0 0.709290 0.155844 0.020877 0.046382
0 0.625000 0.309369 0.038100 0.036178
0 0.641180 0.266234 0.026618 0.044527
0 0.781054 0.175788 0.028706 0.045455
0 0.483299 0.102505 0.025052 0.054731
