0 0.182500 0.429524 0.030714 0.026667
7 0.061429 0.441905 0.034286 0.040000
7 0.075000 0.431429 0.030000 0.026667
0 0.083214 0.443333 0.033571 0.029524
0 0.086429 0.443810 0.028571 0.026667
2 0.054643 0.355238 0.047857 0.020952
2 0.012857 0.348095 0.025714 0.021905
1 0.034286 0.347619 0.032857 0.022857
2 0.053929 0.345714 0.033571 0.026667
1 0.020357 0.345238 0.029286 0.021905
1 0.170714 0.350000 0.035714 0.020000
1 0.267857 0.350000 0.028571 0.020000
2 0.241429 0.345714 0.027143 0.020952
2 0.265357 0.339524 0.023571 0.020000
1 0.293214 0.345714 0.023571 0.015238
1 0.256786 0.344286 0.020714 0.016190
0 0.382500 0.381429 0.016429 0.018095
1 0.529643 0.353333 0.026429 0.015238
2 0.574286 0.360952 0.024286 0.017143
1 0.570357 0.357143 0.022143 0.017143
7 0.701786 0.369524 0.015000 0.013333
7 0.663929 0.372381 0.010714 0.009524
