0 0.892250 0.732000 0.041500 0.094667
0 0.737750 0.675667 0.034500 0.084667
0 0.700250 0.657667 0.032500 0.083333
0 0.658500 0.648333 0.033000 0.072667
0 0.605750 0.632333 0.038500 0.086000
0 0.591750 0.862667 0.069500 0.104000
0 0.105000 0.671000 0.061000 0.082000
0 0.025500 0.476000 0.051000 0.060000
0 0.111250 0.496000 0.029500 0.060000
0 0.147250 0.508000 0.044500 0.070667
0 0.232250 0.520333 0.037500 0.055333
0 0.261250 0.537333 0.037500 0.068000
0 0.321750 0.561000 0.037500 0.072667
0 0.292000 0.464333 0.064000 0.039333
0 0.403000 0.401333 0.034000 0.056000
0 0.530500 0.428667 0.032000 0.061333
0 0.496500 0.413333 0.035000 0.062667
