0 0.154489 0.654453 0.038622 0.052876
0 0.200678 0.605751 0.037056 0.048237
2 0.310021 0.469852 0.065762 0.084416
0 0.367954 0.401670 0.029228 0.029685
0 0.426931 0.339981 0.027140 0.028757
0 0.449374 0.326531 0.026096 0.029685
0 0.473382 0.381725 0.027140 0.038033
0 0.502088 0.351113 0.025052 0.032468
0 0.546451 0.244434 0.021921 0.025046
0 0.629175 0.282468 0.024530 0.028757
0 0.644572 0.345547 0.026096 0.030612
0 0.632046 0.336271 0.026096 0.030612
0 0.620042 0.326067 0.024008 0.028757
0 0.667015 0.255566 0.021921 0.026902
0 0.612213 0.065399 0.016701 0.017625
0 0.626827 0.046846 0.014614 0.015770
0 0.670929 0.005566 0.012004 0.011132
0 0.678497 0.026438 0.012526 0.013915
0 0.655793 0.024583 0.014092 0.017625
0 0.649008 0.019481 0.014092 0.016698
0 0.583507 0.060761 0.015658 0.017625
0 0.590292 0.066327 0.013570 0.015770
0 0.597077 0.054731 0.014614 0.014842
0 0.533142 0.079777 0.017223 0.018553
0 0.364823 0.133117 0.020877 0.021336
0 0.330637 0.155844 0.022443 0.020408
0 0.359342 0.127551 0.020355 0.019481
0 0.368998 0.112709 0.018789 0.017625
0 0.166493 0.185993 0.022965 0.021336
0 0.151357 0.286642 0.027140 0.025974
0 0.161534 0.272727 0.025574 0.027829
0 0.176148 0.261596 0.025574 0.025974
