1 0.532143 0.953810 0.027143 0.080952
1 0.388214 0.983810 0.057857 0.032381
1 0.386071 0.946667 0.062143 0.040000
1 0.383571 0.900952 0.052857 0.034286
1 0.386429 0.793810 0.060000 0.054286
2 0.327857 0.782381 0.024286 0.069524
7 0.303214 0.773810 0.019286 0.010476
7 0.302143 0.761429 0.021429 0.010476
1 0.382857 0.600476 0.062857 0.037143
1 0.387500 0.556667 0.063571 0.037143
1 0.387143 0.514286 0.061429 0.038095
2 0.393571 0.470476 0.067143 0.038095
7 0.519286 0.379524 0.008571 0.031429
7 0.541786 0.381429 0.007857 0.029524
5 0.576071 0.240000 0.017857 0.049524
7 0.606786 0.182381 0.010714 0.029524
2 0.388929 0.276667 0.047857 0.035238
2 0.377143 0.216190 0.055714 0.040000
1 0.387857 0.162381 0.054286 0.035238
1 0.387857 0.114762 0.055714 0.037143
1 0.386071 0.077143 0.056429 0.034286
1 0.386429 0.011429 0.054286 0.022857
7 0.615357 0.742381 0.010714 0.052381
0 0.733571 0.856190 0.020000 0.020952
4 0.730714 0.609524 0.038571 0.024762
1 0.831786 0.411905 0.030714 0.077143
1 0.841786 0.331429 0.060714 0.032381
2 0.856786 0.158571 0.055000 0.039048
1 0.834286 0.066667 0.052857 0.043810
1 0.825357 0.012857 0.046429 0.025714
