0 0.917500 0.235238 0.036429 0.026667
0 0.876786 0.230000 0.030714 0.023810
0 0.851429 0.241429 0.028571 0.023810
0 0.751786 0.277143 0.020714 0.028571
0 0.776071 0.270000 0.016429 0.023810
0 0.788929 0.230476 0.016429 0.019048
0 0.825000 0.219524 0.031429 0.021905
0 0.812857 0.209524 0.034286 0.015238
0 0.823929 0.186190 0.027857 0.016190
0 0.827500 0.175714 0.025000 0.014286
0 0.831786 0.168571 0.026429 0.015238
0 0.831429 0.161905 0.020000 0.015238
0 0.835000 0.154286 0.021429 0.013333
0 0.838214 0.146667 0.023571 0.015238
0 0.842857 0.140000 0.024286 0.015238
0 0.843571 0.132381 0.018571 0.013333
0 0.850000 0.127143 0.020000 0.012381
0 0.851786 0.121905 0.017857 0.013333
0 0.851429 0.116667 0.020000 0.014286
0 0.735000 0.216667 0.032857 0.021905
0 0.739286 0.213810 0.025714 0.023810
0 0.744286 0.207619 0.025714 0.017143
0 0.748929 0.197619 0.023571 0.020000
0 0.757500 0.190000 0.022143 0.020000
0 0.763571 0.177143 0.022857 0.019048
0 0.765000 0.170000 0.024286 0.016190
0 0.768571 0.163810 0.022857 0.019048
0 0.776429 0.158095 0.022857 0.017143
0 0.777500 0.153333 0.020714 0.017143
0 0.780357 0.149524 0.023571 0.019048
0 0.782857 0.143810 0.022857 0.017143
0 0.785714 0.140476 0.021429 0.016190
0 0.789643 0.136667 0.019286 0.016190
0 0.790000 0.133810 0.024286 0.012381
0 0.791786 0.130952 0.022143 0.016190
0 0.793571 0.126190 0.018571 0.016190
0 0.798214 0.122857 0.023571 0.013333
0 0.798571 0.120476 0.020000 0.014286
0 0.801429 0.117619 0.020000 0.018095
0 0.801429 0.111429 0.020000 0.015238
0 0.805000 0.110000 0.018571 0.014286
0 0.806071 0.108095 0.019286 0.016190
0 0.810357 0.103333 0.020714 0.018095
0 0.808214 0.099048 0.020714 0.017143
0 0.811786 0.094762 0.022143 0.014286
0 0.814286 0.092381 0.017143 0.013333
0 0.816071 0.087143 0.019286 0.016190
0 0.819643 0.085714 0.017857 0.015238
0 0.818214 0.081905 0.016429 0.013333
0 0.822143 0.080476 0.017143 0.014286
0 0.822857 0.078571 0.018571 0.012381
0 0.824643 0.074762 0.017857 0.010476
0 0.826786 0.073333 0.019286 0.011429
0 0.829286 0.070476 0.015714 0.011429
0 0.828929 0.069524 0.016429 0.013333
0 0.830357 0.067619 0.017857 0.013333
0 0.832143 0.064762 0.015714 0.009524
0 0.832857 0.063333 0.015714 0.012381
0 0.832857 0.060476 0.018571 0.012381
0 0.834643 0.057619 0.017857 0.012381
0 0.838571 0.054286 0.015714 0.011429
0 0.839643 0.051905 0.015000 0.010476
0 0.840714 0.048095 0.018571 0.012381
0 0.843214 0.043810 0.016429 0.011429
0 0.844286 0.044286 0.015714 0.012381
0 0.847500 0.040952 0.013571 0.009524
0 0.847143 0.036667 0.015714 0.018095
0 0.848214 0.037143 0.016429 0.015238
0 0.851071 0.035238 0.010714 0.015238
0 0.850714 0.035714 0.012857 0.006667
0 0.850714 0.030476 0.017143 0.009524
0 0.854286 0.029048 0.012857 0.010476
0 0.857143 0.029048 0.011429 0.008571
0 0.856429 0.026667 0.012857 0.011429
0 0.858214 0.023810 0.012143 0.011429
0 0.859643 0.022381 0.012143 0.010476
0 0.862857 0.016667 0.011429 0.008571
0 0.864643 0.014762 0.009286 0.008571
0 0.868571 0.013810 0.010000 0.012381
0 0.869286 0.010952 0.010000 0.008571
0 0.872500 0.007619 0.007857 0.005714
0 0.874286 0.006190 0.007143 0.006667
