1 0.172500 0.660476 0.026429 0.044762
1 0.538571 0.009048 0.007143 0.012381
1 0.537143 0.039524 0.008571 0.010476
1 0.536429 0.189048 0.015714 0.021905
1 0.483929 0.162381 0.029286 0.016190
1 0.448214 0.224762 0.026429 0.015238
1 0.537143 0.078571 0.010000 0.014286
1 0.536786 0.128571 0.012143 0.015238
1 0.536786 0.155714 0.009286 0.016190
6 0.536071 0.223810 0.012143 0.019048
6 0.536071 0.241429 0.013571 0.021905
7 0.547857 0.074762 0.004286 0.010476
7 0.552857 0.169524 0.004286 0.015238
7 0.558214 0.012857 0.010714 0.006667
1 0.483571 0.170000 0.028571 0.016190
1 0.483571 0.190952 0.031429 0.014286
1 0.449643 0.237143 0.029286 0.017143
1 0.536786 0.263810 0.015000 0.024762
1 0.467500 0.300952 0.037857 0.022857
1 0.453929 0.464762 0.007857 0.019048
1 0.462857 0.367619 0.008571 0.022857
7 0.553929 0.368571 0.005000 0.013333
1 0.551071 0.505238 0.017857 0.029524
1 0.543214 0.460952 0.015000 0.022857
1 0.600000 0.780476 0.045714 0.086667
1 0.681071 0.661429 0.033571 0.080952
1 0.664286 0.555238 0.025714 0.055238
1 0.652857 0.495238 0.024286 0.049524
1 0.643214 0.443810 0.023571 0.043810
1 0.686786 0.354286 0.022143 0.030476
1 0.635714 0.158571 0.012857 0.020000
2 0.733214 0.265238 0.019286 0.027619
1 0.709643 0.204762 0.016429 0.019048
1 0.718214 0.227143 0.015000 0.018095
1 0.703929 0.182857 0.013571 0.019048
2 0.671429 0.091429 0.010000 0.020952
1 0.653214 0.048095 0.007857 0.014286
1 0.647500 0.032381 0.010714 0.009524
1 0.641429 0.014762 0.008571 0.012381
7 0.641786 0.043333 0.003571 0.010476
1 0.701429 0.087619 0.012857 0.017143
2 0.793214 0.243810 0.029286 0.022857
