0 0.475500 0.664000 0.051000 0.052000
0 0.493250 0.632667 0.047500 0.045333
0 0.684500 0.743333 0.062000 0.056000
0 0.626000 0.694333 0.052000 0.060667
0 0.660750 0.763667 0.054500 0.052667
0 0.607000 0.719333 0.051000 0.054667
0 0.592500 0.749333 0.047000 0.049333
0 0.652000 0.799000 0.057000 0.055333
0 0.641000 0.831000 0.036000 0.035333
0 0.424250 0.697333 0.061500 0.058667
0 0.176000 0.432000 0.041000 0.032000
0 0.152750 0.409000 0.040500 0.034000
0 0.073250 0.555000 0.051500 0.048667
0 0.095250 0.587333 0.054500 0.049333
0 0.113250 0.610000 0.056500 0.054667
0 0.124750 0.636333 0.052500 0.051333
0 0.141500 0.691000 0.049000 0.052667
0 0.162250 0.704000 0.054500 0.062667
0 0.184500 0.730000 0.051000 0.058667
0 0.200750 0.748000 0.053500 0.057333
0 0.220500 0.779667 0.048000 0.060667
0 0.815750 0.358000 0.026500 0.033333
0 0.858750 0.391000 0.024500 0.040667
0 0.887500 0.408000 0.028000 0.041333
0 0.911500 0.413333 0.030000 0.034667
0 0.942750 0.428333 0.028500 0.035333
0 0.643000 0.621333 0.039000 0.060000
0 0.864000 0.931333 0.053000 0.052000
0 0.914750 0.978000 0.061500 0.044000
0 0.964250 0.444667 0.029500 0.038667
