0 0.139750 0.769667 0.240500 0.152667
0 0.148500 0.617333 0.220000 0.124000
0 0.778250 0.685667 0.227500 0.130000
0 0.761750 0.575667 0.203500 0.095333
0 0.576750 0.461000 0.071500 0.147333
0 0.212250 0.468667 0.171500 0.090667
0 0.285500 0.393667 0.161000 0.079333
0 0.295250 0.302667 0.134500 0.057333
0 0.671750 0.303667 0.126500 0.071333
0 0.511750 0.117000 0.041500 0.063333
0 0.487250 0.036333 0.035500 0.054000
0 0.890250 0.966333 0.186500 0.060667
2 0.704000 0.397333 0.162000 0.074667
0 0.283500 0.255000 0.110000 0.039333
0 0.310250 0.214000 0.115500 0.068000
0 0.658250 0.252000 0.116500 0.068000
0 0.641000 0.215333 0.104000 0.052000
0 0.623250 0.184667 0.104500 0.054667
0 0.607250 0.160667 0.109500 0.052000
0 0.606250 0.133000 0.072500 0.024667
0 0.610500 0.116667 0.065000 0.034667
0 0.603250 0.100667 0.067500 0.037333
0 0.597250 0.083667 0.083500 0.039333
0 0.589250 0.058667 0.059500 0.032000
0 0.575500 0.030333 0.068000 0.027333
0 0.577750 0.021667 0.059500 0.023333
0 0.565500 0.008000 0.057000 0.012000
2 0.374750 0.124333 0.122500 0.088667
0 0.397000 0.059333 0.067000 0.018667
0 0.403500 0.045333 0.066000 0.024000
0 0.406000 0.026333 0.062000 0.016667
0 0.409750 0.011333 0.057500 0.022667
