1 0.611786 0.517143 0.053571 0.142857
2 0.313929 0.100000 0.053571 0.110476
2 0.403929 0.146667 0.045000 0.140952
1 0.459643 0.216190 0.040714 0.123810
1 0.400714 0.741429 0.054286 0.149524
7 0.160000 0.969048 0.031429 0.061905
0 0.192857 0.572381 0.020000 0.055238
7 0.260714 0.140952 0.015714 0.047619
1 0.416786 0.040000 0.059286 0.080000
1 0.515714 0.100000 0.042857 0.116190
1 0.686429 0.073810 0.044286 0.105714
3 0.647143 0.173810 0.060000 0.174286
7 0.564643 0.111905 0.015000 0.063810
7 0.600000 0.136190 0.025714 0.060952
1 0.758214 0.045714 0.093571 0.070476
1 0.951071 0.020952 0.097857 0.041905
2 0.743214 0.741905 0.057857 0.154286
0 0.672500 0.756667 0.013571 0.061905
1 0.953214 0.571905 0.093571 0.067619
5 0.716429 0.277143 0.025714 0.072381
