0 0.472500 0.907143 0.037857 0.117143
0 0.430000 0.822857 0.037143 0.112381
0 0.360714 0.699048 0.068571 0.049524
0 0.370714 0.594286 0.070000 0.043810
0 0.412500 0.511429 0.027857 0.076190
0 0.408929 0.436667 0.026429 0.063810
0 0.412500 0.350952 0.035000 0.067619
0 0.404643 0.287143 0.025000 0.063810
0 0.437143 0.268095 0.025714 0.065714
2 0.397500 0.091905 0.019286 0.040952
0 0.840357 0.944762 0.060714 0.110476
2 0.775714 0.796190 0.062857 0.121905
2 0.767500 0.659048 0.053571 0.102857
0 0.733571 0.543333 0.047143 0.084762
0 0.668929 0.470952 0.035000 0.077143
0 0.712500 0.449048 0.043571 0.077143
0 0.667143 0.366190 0.038571 0.069524
0 0.683571 0.316190 0.035714 0.064762
0 0.625000 0.233810 0.032857 0.058095
0 0.571071 0.063810 0.033571 0.041905
0 0.608571 0.036667 0.022857 0.039048
0 0.582143 0.011429 0.021429 0.022857
