1 0.390357 0.878571 0.032143 0.084762
1 0.482857 0.910952 0.034286 0.084762
2 0.485357 0.825238 0.025000 0.065714
1 0.051071 0.948095 0.055000 0.090476
1 0.107143 0.650952 0.038571 0.056190
1 0.401786 0.747619 0.027857 0.064762
1 0.448571 0.660476 0.024286 0.058095
2 0.492500 0.648571 0.022143 0.051429
1 0.491429 0.593810 0.021429 0.046667
4 0.560357 0.639048 0.012143 0.038095
7 0.557143 0.609048 0.015714 0.025714
1 0.428571 0.551905 0.021429 0.042857
1 0.496429 0.530476 0.020000 0.041905
1 0.444643 0.435238 0.017857 0.040000
1 0.497500 0.448095 0.017857 0.035238
1 0.500714 0.417143 0.017143 0.030476
1 0.453214 0.365238 0.016429 0.027619
1 0.457857 0.337143 0.015714 0.026667
1 0.503571 0.337619 0.015714 0.025714
1 0.505357 0.309524 0.013571 0.022857
1 0.463214 0.297619 0.015000 0.027619
1 0.539643 0.260476 0.012143 0.020000
1 0.465714 0.260000 0.012857 0.022857
1 0.468571 0.242381 0.012857 0.018095
1 0.471071 0.225714 0.012143 0.020952
1 0.474643 0.192381 0.010714 0.019048
1 0.477857 0.176190 0.011429 0.017143
7 0.501071 0.182381 0.005000 0.012381
1 0.510714 0.173333 0.010000 0.017143
4 0.542143 0.159048 0.007143 0.015238
1 0.512143 0.159048 0.010000 0.017143
1 0.511071 0.138571 0.012143 0.018095
2 0.512500 0.125714 0.009286 0.013333
1 0.527500 0.116667 0.010714 0.014286
2 0.531786 0.096190 0.016429 0.013333
3 0.485000 0.116190 0.012857 0.030476
1 0.499286 0.090952 0.008571 0.014286
1 0.487857 0.048571 0.014286 0.011429
1 0.172500 0.513333 0.029286 0.040000
1 0.191071 0.470952 0.026429 0.039048
1 0.256071 0.325714 0.020714 0.028571
