1 0.687750 0.889333 0.120500 0.221333
1 0.417000 0.933667 0.096000 0.132667
1 0.308250 0.909667 0.136500 0.180667
1 0.672250 0.673667 0.062500 0.139333
2 0.670750 0.549667 0.040500 0.082000
1 0.493500 0.517333 0.052000 0.098667
2 0.666750 0.446000 0.046500 0.108000
1 0.659750 0.374000 0.040500 0.060000
1 0.546000 0.349333 0.033000 0.061333
1 0.657500 0.318000 0.032000 0.048000
1 0.655250 0.270333 0.027500 0.040667
1 0.651000 0.234667 0.026000 0.037333
1 0.651500 0.204333 0.024000 0.034000
1 0.651500 0.181000 0.020000 0.026000
1 0.553750 0.295000 0.030500 0.052667
1 0.563750 0.253667 0.030500 0.044667
2 0.568750 0.212000 0.024500 0.041333
2 0.572500 0.190000 0.019000 0.026667
1 0.580750 0.169333 0.022500 0.038667
1 0.583750 0.152000 0.017500 0.025333
1 0.585000 0.134000 0.016000 0.020000
1 0.650000 0.145667 0.017000 0.026000
1 0.646000 0.116000 0.015000 0.022667
1 0.641500 0.092667 0.025000 0.017333
1 0.570000 0.103333 0.035000 0.024000
2 0.492500 0.127667 0.039000 0.028667
1 0.435500 0.213000 0.060000 0.032667
1 0.678250 0.075667 0.029500 0.018000
1 0.805500 0.087333 0.033000 0.017333
1 0.768000 0.052667 0.021000 0.013333
1 0.756750 0.048000 0.021500 0.012000
1 0.739750 0.039000 0.018500 0.011333
2 0.750250 0.069000 0.029500 0.019333
2 0.239250 0.345000 0.066500 0.058000
0 0.251000 0.223667 0.016000 0.019333
7 0.599750 0.572667 0.025500 0.062667
