3 0.062500 0.066667 0.085000 0.133333
1 0.188214 0.132381 0.056429 0.091429
1 0.200714 0.381905 0.060000 0.097143
1 0.305714 0.310000 0.058571 0.098095
1 0.261071 0.206667 0.057857 0.091429
1 0.322857 0.225238 0.057143 0.100000
1 0.341786 0.422381 0.059286 0.105714
1 0.175357 0.016190 0.042143 0.032381
2 0.212143 0.076667 0.047143 0.079048
1 0.386071 0.525714 0.062143 0.104762
0 0.151071 0.123810 0.017857 0.038095
0 0.185714 0.210476 0.018571 0.036190
0 0.219286 0.244286 0.022857 0.037143
1 0.330357 0.820952 0.072143 0.125714
3 0.251429 0.932381 0.091429 0.135238
1 0.949286 0.917143 0.084286 0.139048
1 0.716429 0.701429 0.085714 0.086667
1 0.552857 0.808571 0.101429 0.095238
2 0.773929 0.943333 0.096429 0.096190
3 0.512143 0.490000 0.045714 0.138095
0 0.406786 0.456190 0.029286 0.022857
