0 0.446503 0.625696 0.021399 0.023191
1 0.450939 0.242579 0.035491 0.021336
1 0.507829 0.298237 0.013570 0.036178
5 0.500783 0.366883 0.010960 0.038033
4 0.559499 0.460575 0.012526 0.041744
2 0.597599 0.504174 0.024008 0.062152
4 0.613257 0.623840 0.013570 0.060297
5 0.629436 0.695269 0.018789 0.069573
1 0.680585 0.580705 0.043841 0.044527
7 0.672234 0.495362 0.007307 0.024119
7 0.441284 0.359462 0.020355 0.013915
7 0.441806 0.345083 0.021399 0.014842
7 0.444937 0.383117 0.009916 0.022263
7 0.452244 0.398423 0.010960 0.023191
7 0.499217 0.499536 0.008873 0.026902
4 0.493737 0.943878 0.011482 0.064007
7 0.605950 0.851113 0.009395 0.043599
5 0.659186 0.937848 0.037578 0.074212
7 0.637526 0.532931 0.017223 0.023191
7 0.647182 0.522263 0.017745 0.027829
7 0.634134 0.502783 0.015658 0.020408
7 0.620564 0.490724 0.013570 0.020408
7 0.663622 0.431354 0.015136 0.018553
7 0.661273 0.429035 0.016701 0.017625
5 0.536013 0.166976 0.008351 0.022263
0 0.489040 0.172078 0.003132 0.015770
5 0.519050 0.029685 0.004697 0.014842
2 0.526096 0.016234 0.008351 0.019481
1 0.460334 0.148423 0.029228 0.018553
4 0.521138 0.064007 0.004697 0.016698
