0 0.766071 0.337619 0.010714 0.006667
0 0.763214 0.333810 0.009286 0.006667
0 0.405357 0.759048 0.022143 0.053333
0 0.444286 0.753333 0.020000 0.047619
0 0.402143 0.610952 0.017143 0.033333
0 0.459286 0.422381 0.008571 0.014286
0 0.441071 0.410952 0.009286 0.012381
0 0.451071 0.373810 0.006429 0.010476
0 0.488214 0.342381 0.005000 0.006667
0 0.441786 0.444762 0.009286 0.017143
0 0.472500 0.313333 0.003571 0.005714
0 0.501429 0.272857 0.002857 0.006667
0 0.503571 0.290476 0.002857 0.007619
0 0.503571 0.265714 0.004286 0.003810
0 0.499643 0.263810 0.003571 0.003810
0 0.505000 0.250476 0.002857 0.003810
0 0.510357 0.247619 0.003571 0.005714
0 0.521071 0.233810 0.003571 0.002857
0 0.516429 0.233333 0.002857 0.003810
0 0.513571 0.225714 0.002857 0.005714
0 0.521071 0.222857 0.003571 0.005714
0 0.528571 0.215238 0.001429 0.001905
0 0.533214 0.212381 0.002143 0.003810
