1 0.039643 0.757619 0.077857 0.094286
7 0.598571 0.561429 0.012857 0.035238
1 0.520000 0.469524 0.085714 0.060952
1 0.198571 0.448095 0.065714 0.061905
1 0.385714 0.382857 0.054286 0.038095
1 0.267143 0.307619 0.032857 0.024762
1 0.065714 0.243810 0.024286 0.022857
1 0.012143 0.225714 0.021429 0.020952
1 0.072857 0.271429 0.025714 0.028571
1 0.200357 0.280952 0.022143 0.024762
1 0.217857 0.179524 0.021429 0.012381
3 0.225714 0.304762 0.041429 0.036190
0 0.788571 0.478571 0.008571 0.029524
1 0.277857 0.353333 0.050000 0.036190
1 0.222143 0.355238 0.035714 0.032381
