1 0.525357 0.635714 0.025000 0.061905
1 0.486786 0.485714 0.020714 0.047619
1 0.483571 0.417143 0.018571 0.040000
1 0.466071 0.288571 0.016429 0.030476
7 0.571071 0.787143 0.010714 0.039048
1 0.402500 0.774286 0.030714 0.076190
1 0.401429 0.698571 0.031429 0.067619
1 0.401071 0.615714 0.032143 0.075238
1 0.400357 0.536667 0.027857 0.061905
1 0.398571 0.476667 0.024286 0.050476
1 0.402143 0.418571 0.020000 0.050476
1 0.522500 0.454762 0.020714 0.044762
1 0.517143 0.409048 0.020000 0.040952
1 0.505714 0.332381 0.018571 0.036190
1 0.402857 0.340952 0.017143 0.040000
1 0.403929 0.379524 0.017857 0.033333
1 0.405357 0.282381 0.016429 0.037143
1 0.406786 0.247619 0.016429 0.032381
1 0.490357 0.231905 0.013571 0.025714
1 0.406071 0.224762 0.016429 0.020952
1 0.407143 0.158095 0.011429 0.026667
1 0.370000 0.138095 0.027143 0.020952
1 0.481071 0.161429 0.012143 0.018095
1 0.477857 0.142381 0.010000 0.016190
1 0.472857 0.121905 0.010000 0.017143
1 0.472143 0.109048 0.010000 0.012381
1 0.470000 0.094286 0.010000 0.017143
1 0.468929 0.080476 0.010714 0.016190
1 0.406786 0.105238 0.010714 0.016190
1 0.406071 0.087143 0.010714 0.016190
1 0.464643 0.054762 0.009286 0.014286
1 0.462500 0.042857 0.009286 0.011429
1 0.461786 0.025238 0.010714 0.012381
1 0.406786 0.049524 0.007857 0.011429
1 0.408214 0.041429 0.009286 0.010476
1 0.407143 0.030952 0.007143 0.010476
1 0.406429 0.022857 0.008571 0.011429
1 0.406071 0.015714 0.007857 0.010476
1 0.407500 0.006667 0.006429 0.011429
1 0.388214 0.004286 0.010714 0.008571
1 0.387143 0.017619 0.011429 0.010476
1 0.425714 0.003810 0.008571 0.007619
1 0.458214 0.003333 0.009286 0.004762
1 0.405000 0.122381 0.010000 0.016190
1 0.432143 0.169048 0.012857 0.027619
1 0.465357 0.204286 0.013571 0.020000
1 0.431786 0.214286 0.013571 0.026667
1 0.484286 0.195714 0.011429 0.021905
7 0.423571 0.089048 0.004286 0.014286
1 0.408214 0.060952 0.007857 0.013333
1 0.518571 0.131905 0.002857 0.010476
1 0.505714 0.199048 0.015714 0.015238
7 0.384643 0.945714 0.009286 0.053333
7 0.384643 0.945714 0.009286 0.053333
1 0.386071 0.149524 0.033571 0.026667
1 0.465357 0.068095 0.012143 0.014286
1 0.408571 0.072857 0.010000 0.010476
7 0.475714 0.230952 0.005714 0.014286
1 0.516071 0.259524 0.013571 0.016190
1 0.566429 0.631905 0.035714 0.071429
1 0.702857 0.626190 0.040000 0.029524
