2 0.111786 0.372381 0.097857 0.123810
7 0.178929 0.433333 0.047857 0.041905
7 0.344643 0.204762 0.036429 0.049524
1 0.398929 0.422381 0.106429 0.155238
0 0.242500 0.635238 0.026429 0.055238
7 0.127500 0.505714 0.045000 0.053333
7 0.158214 0.463333 0.043571 0.046667
7 0.200000 0.395714 0.034286 0.054286
7 0.102143 0.540952 0.045714 0.045714
7 0.072857 0.565238 0.047143 0.061905
7 0.046786 0.599524 0.039286 0.056190
7 0.028571 0.612381 0.037143 0.053333
7 0.010714 0.773810 0.021429 0.040952
7 0.012143 0.639048 0.024286 0.047619
7 0.225357 0.344762 0.045000 0.055238
7 0.687857 0.276667 0.040000 0.067619
7 0.402500 0.952381 0.047857 0.051429
7 0.391786 0.976190 0.045000 0.047619
7 0.432143 0.926190 0.045714 0.061905
0 0.548571 0.554762 0.027143 0.042857
1 0.884643 0.127143 0.102143 0.092381
1 0.481786 0.033810 0.083571 0.067619
1 0.056429 0.322857 0.110000 0.148571
