7 0.158214 0.253333 0.030714 0.059048
2 0.233929 0.841905 0.113571 0.110476
2 0.290714 0.620000 0.111429 0.099048
1 0.334643 0.526667 0.116429 0.093333
2 0.347857 0.440000 0.092857 0.081905
7 0.294643 0.330952 0.023571 0.063810
1 0.728571 0.102381 0.105714 0.082857
2 0.597857 0.133333 0.100000 0.100952
0 0.742143 0.036667 0.027143 0.039048
7 0.756071 0.327619 0.030714 0.059048
7 0.837143 0.532857 0.034286 0.033333
0 0.681786 0.795714 0.012143 0.060000
1 0.567500 0.847143 0.070714 0.162857
1 0.476429 0.203333 0.074286 0.075238
0 0.443929 0.283333 0.037857 0.027619
7 0.368214 0.353333 0.022143 0.057143
7 0.334286 0.342381 0.030000 0.050476
7 0.395357 0.365238 0.022143 0.052381
7 0.428929 0.380000 0.026429 0.062857
7 0.458929 0.396667 0.019286 0.056190
7 0.482500 0.414286 0.030714 0.053333
7 0.551071 0.466190 0.023571 0.050476
7 0.530357 0.453333 0.023571 0.053333
7 0.514286 0.433333 0.028571 0.053333
1 0.433571 0.025714 0.104286 0.051429
1 0.840714 0.040476 0.087143 0.080952
2 0.966429 0.290000 0.067143 0.065714
2 0.191429 0.960000 0.135714 0.080000
2 0.046071 0.438571 0.092143 0.090476
1 0.354286 0.963810 0.114286 0.072381
