2 0.483214 0.624762 0.075000 0.064762
2 0.704643 0.757619 0.072143 0.063810
2 0.209643 0.463810 0.072143 0.066667
2 0.291071 0.536667 0.072143 0.060000
0 0.570357 0.616667 0.037857 0.033333
0 0.527143 0.589048 0.025714 0.037143
2 0.434286 0.501429 0.031429 0.025714
0 0.276429 0.503333 0.027143 0.021905
0 0.422143 0.598571 0.032857 0.027619
0 0.382500 0.572381 0.032143 0.030476
0 0.343214 0.549048 0.030714 0.031429
0 0.311786 0.524762 0.027857 0.022857
1 0.565714 0.674762 0.061429 0.058095
0 0.230357 0.270476 0.017857 0.013333
0 0.130357 0.408095 0.022143 0.016190
0 0.150714 0.266667 0.010000 0.015238
0 0.162500 0.262381 0.009286 0.014286
0 0.174286 0.261905 0.011429 0.011429
0 0.201071 0.252857 0.012143 0.010476
0 0.137857 0.270952 0.008571 0.012381
0 0.124286 0.274286 0.008571 0.013333
0 0.188214 0.270000 0.019286 0.016190
0 0.122500 0.314286 0.017857 0.017143
2 0.198571 0.286667 0.021429 0.022857
2 0.187500 0.282857 0.025000 0.017143
1 0.163214 0.304286 0.036429 0.033333
0 0.212143 0.247619 0.008571 0.015238
0 0.151071 0.252381 0.015000 0.013333
0 0.160357 0.249524 0.015000 0.011429
0 0.170357 0.245238 0.015000 0.010476
0 0.178571 0.240000 0.014286 0.009524
0 0.206071 0.230952 0.013571 0.010476
0 0.040000 0.300476 0.025714 0.012381
0 0.060357 0.283333 0.016429 0.012381
0 0.839643 0.842857 0.062143 0.049524
0 0.926786 0.901905 0.066429 0.051429
0 0.773214 0.780952 0.052143 0.040000
0 0.724286 0.500476 0.018571 0.031429
0 0.732857 0.572381 0.020000 0.030476
0 0.722500 0.602381 0.017857 0.031429
