1 0.571786 0.883249 0.103571 0.230964
0 0.599286 0.651015 0.038571 0.096447
0 0.737143 0.746827 0.042857 0.112944
0 0.770000 0.645305 0.055714 0.097716
2 0.835357 0.534898 0.085000 0.173858
2 0.936071 0.450508 0.127857 0.246193
2 0.920000 0.351523 0.128571 0.218274
2 0.889643 0.284264 0.097857 0.190355
0 0.963214 0.068528 0.056429 0.083756
0 0.979286 0.029822 0.041429 0.059645
0 0.751429 0.196701 0.044286 0.098985
0 0.780000 0.237310 0.051429 0.106599
0 0.718571 0.440990 0.048571 0.107868
0 0.677500 0.420685 0.040714 0.097716
