1 0.496071 0.512690 0.017857 0.058376
1 0.410357 0.781726 0.022143 0.076142
1 0.380357 0.784264 0.019286 0.065990
1 0.404643 0.926396 0.022143 0.088832
1 0.431786 0.161168 0.012143 0.030457
1 0.502857 0.079315 0.011429 0.029188
1 0.454286 0.060279 0.007143 0.021574
1 0.454643 0.124365 0.009286 0.027919
2 0.498214 0.276650 0.012143 0.045685
1 0.436786 0.412437 0.016429 0.043147
2 0.518929 0.421320 0.013571 0.055838
1 0.476071 0.087563 0.012143 0.027919
1 0.463214 0.023477 0.010714 0.021574
1 0.446786 0.005076 0.009286 0.010152
