1 0.645750 0.526667 0.019500 0.048000
1 0.694250 0.529333 0.018500 0.045333
0 0.477500 0.725000 0.019000 0.015333
0 0.551000 0.793000 0.021000 0.015333
0 0.551750 0.783000 0.021500 0.014000
0 0.553000 0.753333 0.020000 0.013333
0 0.554500 0.725333 0.020000 0.012000
0 0.557500 0.718667 0.020000 0.012000
0 0.555750 0.709667 0.018500 0.011333
0 0.555250 0.698333 0.016500 0.008667
0 0.559750 0.688667 0.017500 0.010667
0 0.495750 0.678667 0.019500 0.009333
0 0.485000 0.667667 0.017000 0.014000
0 0.488500 0.660667 0.016000 0.017333
0 0.487750 0.652333 0.017500 0.011333
0 0.491250 0.647333 0.019500 0.013333
0 0.490000 0.635667 0.017000 0.014000
