0 0.156315 0.167904 0.038100 0.040816
0 0.173800 0.145640 0.036534 0.037106
0 0.227035 0.088126 0.034447 0.035250
0 0.243998 0.069109 0.032881 0.034323
0 0.277662 0.028757 0.020877 0.042672
0 0.296190 0.032468 0.015136 0.046382
0 0.310021 0.172542 0.033403 0.027829
2 0.394833 0.252783 0.027662 0.141929
2 0.523747 0.264378 0.048539 0.048237
2 0.526357 0.387755 0.031837 0.094620
0 0.654489 0.377087 0.046973 0.041744
0 0.556889 0.685529 0.057411 0.051948
0 0.558716 0.752319 0.060021 0.051948
0 0.729906 0.714750 0.057933 0.041744
0 0.688674 0.577458 0.053758 0.045455
0 0.683455 0.535250 0.055846 0.044527
0 0.904489 0.095547 0.036534 0.038961
0 0.891701 0.187848 0.023486 0.052876
0 0.928758 0.039425 0.018267 0.039889
0 0.909708 0.030148 0.015658 0.038033
0 0.903967 0.153989 0.021921 0.038961
0 0.985647 0.195269 0.019311 0.045455
0 0.566545 0.914193 0.068372 0.060297
2 0.382307 0.673933 0.032881 0.156772
