1 0.745042 0.034787 0.021399 0.017625
1 0.754175 0.024583 0.022965 0.017625
2 0.762787 0.011132 0.021399 0.018553
1 0.717380 0.072356 0.024530 0.018553
1 0.721555 0.064007 0.023486 0.016698
1 0.728340 0.059369 0.022443 0.020408
2 0.742171 0.209184 0.029228 0.034323
2 0.750522 0.198516 0.029228 0.035250
3 0.776096 0.192486 0.042797 0.049165
1 0.648747 0.374768 0.041754 0.048237
1 0.586900 0.476345 0.043319 0.060297
1 0.602296 0.437848 0.037578 0.064935
1 0.622912 0.423469 0.043319 0.047310
1 0.517484 0.571892 0.045407 0.065863
1 0.493476 0.596475 0.041232 0.072356
5 0.375522 0.528757 0.041232 0.055659
2 0.957724 0.820965 0.072025 0.081633
3 0.956942 0.752319 0.082985 0.083488
0 0.966075 0.991651 0.031315 0.014842
4 0.811848 0.832560 0.026618 0.032468
2 0.858820 0.620130 0.023486 0.076994
4 0.859603 0.576067 0.014614 0.031540
1 0.879436 0.505566 0.026096 0.061224
2 0.888309 0.454082 0.021921 0.062152
1 0.978340 0.602041 0.031837 0.068646
1 0.976775 0.500928 0.043319 0.059369
4 0.931106 0.388683 0.012526 0.025974
1 0.924061 0.235158 0.039144 0.028757
2 0.929541 0.161410 0.015658 0.029685
1 0.939196 0.123377 0.014092 0.027829
2 0.945981 0.102505 0.014092 0.021336
7 0.940501 0.094620 0.006263 0.014842
7 0.947286 0.066790 0.008351 0.011132
7 0.953288 0.049165 0.005741 0.016698
1 0.961639 0.028293 0.012004 0.021336
1 0.954593 0.009276 0.028184 0.014842
1 0.708768 0.103896 0.015658 0.018553
7 0.125783 0.024119 0.005219 0.012987
