3 0.201071 0.260000 0.023571 0.030476
3 0.555714 0.358571 0.032857 0.048571
7 0.605714 0.619048 0.028571 0.060952
7 0.515357 0.432857 0.015000 0.037143
0 0.561071 0.319048 0.007857 0.017143
7 0.550357 0.320000 0.007857 0.011429
7 0.567500 0.308095 0.006429 0.014286
7 0.558571 0.301429 0.007143 0.010476
7 0.571786 0.300476 0.006429 0.012381
7 0.552857 0.287143 0.004286 0.008571
7 0.557500 0.287619 0.005000 0.007619
4 0.547857 0.324286 0.015714 0.018095
1 0.577143 0.292857 0.012857 0.016190
1 0.571071 0.283810 0.013571 0.013333
1 0.567857 0.279048 0.012857 0.013333
1 0.588571 0.270000 0.010000 0.012381
1 0.608214 0.291905 0.015000 0.014286
1 0.627857 0.340952 0.021429 0.026667
1 0.645000 0.301429 0.021429 0.020000
1 0.626429 0.320476 0.018571 0.021905
1 0.631071 0.281429 0.013571 0.012381
1 0.608929 0.281905 0.013571 0.013333
1 0.674286 0.324762 0.021429 0.022857
1 0.665357 0.304762 0.016429 0.017143
1 0.700714 0.350000 0.030000 0.033333
1 0.681071 0.390952 0.036429 0.040952
1 0.643929 0.263333 0.007857 0.008571
1 0.635357 0.271905 0.009286 0.010476
1 0.660357 0.284762 0.015000 0.013333
1 0.655714 0.275714 0.011429 0.010476
1 0.692500 0.299524 0.016429 0.016190
1 0.690714 0.291429 0.015714 0.013333
1 0.602143 0.248571 0.005714 0.007619
1 0.590357 0.245714 0.005000 0.007619
1 0.597143 0.247143 0.004286 0.004762
1 0.683214 0.259524 0.009286 0.008571
1 0.720714 0.314286 0.020000 0.020952
1 0.725357 0.308095 0.020714 0.016190
1 0.753929 0.411905 0.046429 0.042857
1 0.781786 0.348095 0.032143 0.025714
1 0.777857 0.317143 0.024286 0.020952
1 0.722500 0.297143 0.015000 0.013333
1 0.847857 0.337143 0.031429 0.026667
6 0.744643 0.300000 0.037857 0.032381
1 0.795000 0.336667 0.034286 0.025714
7 0.867857 0.333810 0.010000 0.014286
1 0.864643 0.678571 0.139286 0.151429
1 0.885714 0.467619 0.070000 0.066667
1 0.964643 0.535238 0.070714 0.085714
2 0.917143 0.565238 0.120000 0.132381
1 0.980357 0.432857 0.039286 0.040952
