0 0.600000 0.534762 0.020000 0.027619
2 0.602857 0.614762 0.028571 0.042857
2 0.522143 0.410476 0.015714 0.028571
2 0.497143 0.356667 0.021429 0.033333
2 0.451786 0.293810 0.025000 0.035238
2 0.405000 0.236667 0.012857 0.020000
2 0.388214 0.220000 0.013571 0.020952
0 0.326429 0.439048 0.010000 0.017143
0 0.312143 0.442381 0.012857 0.016190
0 0.305357 0.273333 0.013571 0.007619
0 0.307143 0.299524 0.017143 0.008571
0 0.278571 0.284762 0.007143 0.009524
0 0.304286 0.288571 0.015714 0.007619
0 0.308929 0.292857 0.015000 0.008571
0 0.304286 0.270000 0.014286 0.004762
0 0.302500 0.265714 0.013571 0.005714
0 0.301429 0.261429 0.012857 0.006667
0 0.308214 0.311905 0.016429 0.008571
0 0.288929 0.230952 0.013571 0.006667
0 0.380357 0.200952 0.005000 0.005714
0 0.335357 0.184286 0.003571 0.004762
2 0.392857 0.171905 0.004286 0.006667
0 0.798214 0.427619 0.012143 0.015238
0 0.825714 0.461905 0.014286 0.019048
0 0.901071 0.560476 0.036429 0.020000
0 0.835714 0.478095 0.015714 0.020952
0 0.891786 0.542857 0.030714 0.020952
0 0.855714 0.510000 0.027143 0.016190
0 0.920357 0.576667 0.032143 0.020000
2 0.808214 0.621905 0.112143 0.085714
1 0.446786 0.340476 0.015000 0.029524
0 0.418571 0.256667 0.007143 0.006667
2 0.500714 0.295714 0.011429 0.018095
2 0.617500 0.319524 0.045000 0.025714
