0 0.805714 0.869524 0.110000 0.226667
0 0.848571 0.630952 0.111429 0.197143
0 0.045714 0.882381 0.091429 0.100000
0 0.411071 0.979524 0.127857 0.039048
0 0.385714 0.899524 0.157143 0.115238
0 0.372857 0.792381 0.168571 0.118095
0 0.369286 0.692857 0.140000 0.090476
0 0.357143 0.594286 0.141429 0.104762
0 0.356786 0.513810 0.132143 0.084762
0 0.354643 0.438571 0.126429 0.075238
0 0.345714 0.305238 0.097143 0.060000
0 0.336071 0.251905 0.112143 0.061905
0 0.326071 0.103810 0.103571 0.055238
0 0.321429 0.060952 0.092857 0.049524
0 0.320714 0.027143 0.097143 0.054286
0 0.330714 0.153333 0.105714 0.066667
0 0.912143 0.021429 0.058571 0.042857
