0 0.471071 0.729524 0.039286 0.064762
0 0.375714 0.674286 0.040000 0.070476
0 0.502500 0.663333 0.037857 0.063810
0 0.411429 0.597619 0.040000 0.071429
0 0.441429 0.526190 0.038571 0.071429
0 0.537857 0.606190 0.038571 0.067619
0 0.621786 0.421905 0.037857 0.066667
0 0.531429 0.384762 0.050000 0.055238
0 0.631786 0.331429 0.036429 0.064762
0 0.395357 0.327619 0.050714 0.055238
0 0.316071 0.332857 0.046429 0.048571
0 0.319643 0.290476 0.050714 0.060952
0 0.244286 0.273810 0.048571 0.050476
0 0.201429 0.120476 0.051429 0.056190
0 0.043571 0.088571 0.058571 0.059048
0 0.145000 0.070476 0.054286 0.057143
0 0.100714 0.031905 0.048571 0.052381
0 0.010357 0.053810 0.020714 0.042857
0 0.830714 0.740952 0.055714 0.055238
2 0.191429 0.193333 0.062857 0.064762
2 0.411071 0.413810 0.055000 0.060000
2 0.583571 0.508095 0.047143 0.077143
