0 0.782143 0.194286 0.021429 0.015238
0 0.874286 0.070476 0.058571 0.022857
0 0.704643 0.847619 0.077857 0.091429
2 0.581429 0.649048 0.110000 0.153333
2 0.534643 0.667619 0.120714 0.160000
2 0.479286 0.708571 0.090000 0.140952
2 0.436786 0.600952 0.066429 0.095238
1 0.427857 0.726667 0.108571 0.179048
0 0.356429 0.758095 0.058571 0.083810
0 0.461071 0.445238 0.027857 0.035238
0 0.113571 0.453810 0.058571 0.025714
2 0.042500 0.523333 0.085000 0.065714
2 0.033571 0.474286 0.067143 0.043810
2 0.041429 0.457143 0.082857 0.034286
