1 0.365357 0.539048 0.136429 0.093333
1 0.368571 0.152857 0.090000 0.054286
1 0.066429 0.058095 0.051429 0.049524
1 0.567143 0.669048 0.154286 0.109524
1 0.281786 0.062857 0.039286 0.040000
1 0.368929 0.121905 0.076429 0.040000
1 0.379286 0.102857 0.072857 0.032381
1 0.395000 0.076190 0.067143 0.032381
1 0.402857 0.059048 0.051429 0.041905
1 0.418571 0.024286 0.062857 0.037143
1 0.564286 0.093810 0.067143 0.044762
1 0.566429 0.070476 0.058571 0.036190
1 0.557143 0.052381 0.057143 0.032381
1 0.546786 0.036667 0.062143 0.035238
1 0.690000 0.210000 0.087143 0.067619
1 0.804643 0.186190 0.082143 0.056190
1 0.846786 0.320476 0.120714 0.067619
1 0.809643 0.526667 0.137857 0.078095
1 0.248571 0.938095 0.114286 0.123810
1 0.368571 0.930952 0.107143 0.138095
1 0.500357 0.945238 0.095000 0.109524
1 0.664643 0.939048 0.086429 0.121905
1 0.925357 0.942857 0.119286 0.114286
1 0.976429 0.323810 0.047143 0.064762
1 0.974286 0.200000 0.051429 0.068571
6 0.639286 0.398095 0.335714 0.146667
6 0.553571 0.314762 0.285714 0.140000
2 0.301429 0.021905 0.040000 0.043810
1 0.026786 0.052381 0.049286 0.047619
