0 0.433194 0.275510 0.056367 0.050093
0 0.428236 0.227273 0.056889 0.048237
0 0.420929 0.184601 0.055846 0.051948
0 0.413622 0.102505 0.054802 0.039889
0 0.405793 0.028757 0.050626 0.037106
0 0.503392 0.114564 0.026618 0.078850
0 0.446503 0.319109 0.054802 0.053803
0 0.527662 0.269017 0.030271 0.085343
0 0.581942 0.251855 0.030271 0.091837
0 0.554541 0.436456 0.033925 0.099258
0 0.463205 0.532004 0.063152 0.062152
0 0.476775 0.602041 0.067328 0.064935
0 0.486430 0.662338 0.063674 0.066790
0 0.581681 0.626160 0.039144 0.109462
0 0.500783 0.826531 0.060021 0.064935
0 0.506002 0.893785 0.079854 0.069573
0 0.514353 0.968460 0.078810 0.061224
0 0.700678 0.861781 0.046451 0.131725
1 0.662317 0.627087 0.101253 0.285714
0 0.611691 0.420223 0.035491 0.102041
2 0.551931 0.101113 0.033925 0.098330
0 0.413361 0.067718 0.052192 0.046382
