2 0.082143 0.567619 0.070000 0.106667
1 0.051786 0.623810 0.070714 0.133333
2 0.109286 0.182857 0.047143 0.055238
2 0.104286 0.151905 0.032857 0.037143
2 0.052143 0.129048 0.035714 0.040952
0 0.027143 0.096190 0.011429 0.009524
2 0.028929 0.431905 0.057857 0.096190
0 0.008214 0.471429 0.016429 0.036190
0 0.425714 0.040952 0.005714 0.007619
0 0.523929 0.051905 0.006429 0.010476
0 0.541786 0.100000 0.006429 0.009524
1 0.543214 0.007619 0.009286 0.015238
2 0.486786 0.810952 0.030714 0.042857
0 0.417143 0.293810 0.014286 0.023810
0 0.431429 0.299524 0.014286 0.033333
0 0.221071 0.262381 0.016429 0.020000
