0 0.395714 0.762381 0.110000 0.212381
0 0.463214 0.529524 0.079286 0.135238
0 0.429643 0.396667 0.092143 0.077143
0 0.560714 0.882381 0.095714 0.235238
0 0.596786 0.620952 0.089286 0.180952
0 0.687500 0.741429 0.077857 0.187619
0 0.870357 0.629524 0.087857 0.179048
0 0.692143 0.539524 0.057143 0.134286
0 0.851429 0.498571 0.070000 0.113333
0 0.692857 0.419048 0.054286 0.102857
0 0.819286 0.401429 0.071429 0.094286
0 0.628929 0.377143 0.050714 0.100952
0 0.635714 0.294762 0.044286 0.086667
0 0.701429 0.280476 0.044286 0.086667
0 0.803214 0.234286 0.059286 0.068571
0 0.856786 0.202381 0.083571 0.048571
0 0.834643 0.161429 0.079286 0.046667
0 0.451071 0.355238 0.099286 0.070476
0 0.458929 0.314762 0.073571 0.058095
0 0.525714 0.203810 0.085714 0.059048
0 0.546786 0.151905 0.067857 0.048571
0 0.589643 0.115714 0.036429 0.054286
0 0.690357 0.223810 0.033571 0.053333
0 0.697500 0.179048 0.045000 0.053333
0 0.649643 0.158571 0.035000 0.052381
0 0.693571 0.122381 0.032857 0.054286
0 0.657143 0.121429 0.027143 0.040952
0 0.660000 0.088095 0.025714 0.035238
0 0.693571 0.073333 0.028571 0.038095
0 0.821071 0.143333 0.080714 0.040952
0 0.813571 0.116190 0.061429 0.036190
0 0.812500 0.103810 0.063571 0.034286
0 0.765357 0.079048 0.032143 0.041905
0 0.598214 0.074286 0.029286 0.036190
0 0.611786 0.040952 0.025000 0.038095
0 0.666786 0.026190 0.025000 0.040952
0 0.695357 0.031905 0.026429 0.039048
