3 0.688929 0.725714 0.139286 0.308571
2 0.563571 0.662857 0.062857 0.118095
2 0.496786 0.559048 0.062143 0.118095
1 0.591429 0.285238 0.048571 0.077143
1 0.806429 0.184286 0.035714 0.061905
1 0.675000 0.120000 0.037143 0.060952
1 0.610357 0.099524 0.036429 0.048571
1 0.582857 0.149048 0.040000 0.048571
1 0.529643 0.243333 0.047857 0.067619
1 0.791071 0.101905 0.030714 0.040000
0 0.579643 0.207143 0.012143 0.029524
0 0.586429 0.213333 0.011429 0.028571
0 0.860714 0.461429 0.018571 0.039048
7 0.819643 0.154762 0.025000 0.029524
1 0.780357 0.029524 0.049286 0.036190
2 0.722143 0.021429 0.028571 0.042857
7 0.687143 0.012857 0.012857 0.023810
1 0.955714 0.957619 0.088571 0.084762
1 0.978214 0.762857 0.043571 0.129524
3 0.185357 0.851905 0.187857 0.288571
5 0.302500 0.788095 0.053571 0.113333
