1 0.344286 0.831905 0.114286 0.126667
1 0.188214 0.766190 0.142143 0.090476
1 0.850357 0.429048 0.033571 0.035238
1 0.942857 0.430952 0.038571 0.033333
1 0.914286 0.407619 0.028571 0.026667
1 0.751071 0.412857 0.025000 0.029524
1 0.702143 0.295714 0.014286 0.014286
1 0.695357 0.273810 0.010714 0.012381
1 0.894643 0.386190 0.025000 0.025714
1 0.878571 0.370000 0.027143 0.023810
1 0.865357 0.357619 0.023571 0.023810
1 0.852143 0.340952 0.018571 0.024762
1 0.833214 0.324762 0.019286 0.019048
1 0.823929 0.315714 0.019286 0.018095
1 0.815714 0.308571 0.017143 0.019048
1 0.785000 0.283810 0.011429 0.017143
1 0.738214 0.390000 0.019286 0.033333
1 0.734643 0.370476 0.019286 0.022857
1 0.723571 0.356667 0.017143 0.020000
1 0.721429 0.341905 0.017143 0.022857
3 0.534286 0.443333 0.064286 0.046667
3 0.486786 0.221429 0.017857 0.021905
3 0.558571 0.221429 0.024286 0.020000
3 0.536429 0.246667 0.018571 0.026667
2 0.549286 0.259524 0.011429 0.018095
3 0.826071 0.288095 0.037857 0.027619
1 0.871786 0.336667 0.023571 0.016190
1 0.896786 0.353810 0.026429 0.016190
1 0.912143 0.360476 0.032857 0.016190
1 0.930357 0.372857 0.032143 0.023810
1 0.947143 0.385714 0.034286 0.022857
1 0.968571 0.401429 0.050000 0.029524
