1 0.622143 0.728095 0.075714 0.128571
1 0.533571 0.791429 0.090000 0.200000
2 0.546071 0.637143 0.060714 0.121905
1 0.313214 0.624762 0.137857 0.070476
1 0.258571 0.748571 0.151429 0.112381
1 0.282857 0.810476 0.174286 0.146667
1 0.613929 0.597619 0.056429 0.080952
1 0.841786 0.728571 0.112143 0.121905
1 0.888571 0.631429 0.151429 0.083810
1 0.867500 0.586190 0.132143 0.067619
1 0.832143 0.561429 0.117143 0.063810
1 0.794286 0.535714 0.120000 0.054286
1 0.785357 0.510952 0.105000 0.061905
1 0.723571 0.440476 0.085714 0.037143
1 0.582143 0.468571 0.047143 0.049524
1 0.542143 0.557619 0.051429 0.069524
1 0.543214 0.482381 0.040714 0.060000
1 0.446786 0.524762 0.049286 0.066667
1 0.452500 0.480000 0.035000 0.043810
1 0.453214 0.442857 0.033571 0.045714
2 0.460714 0.404286 0.022857 0.056190
1 0.464643 0.365238 0.026429 0.037143
1 0.526786 0.390000 0.026429 0.037143
1 0.522857 0.334286 0.022857 0.030476
1 0.710000 0.423333 0.071429 0.037143
1 0.673929 0.389048 0.066429 0.033333
1 0.656786 0.374286 0.057857 0.030476
1 0.635000 0.347143 0.044286 0.027619
1 0.619286 0.330476 0.042857 0.022857
1 0.604643 0.324762 0.037857 0.022857
1 0.535714 0.311905 0.025714 0.023810
1 0.080000 0.958571 0.154286 0.082857
