0 0.653214 0.853810 0.143571 0.292381
0 0.363571 0.647143 0.162857 0.240952
0 0.463929 0.453333 0.110714 0.150476
0 0.535000 0.338095 0.081429 0.102857
0 0.581071 0.262857 0.057857 0.078095
0 0.677857 0.326190 0.064286 0.103810
0 0.607500 0.198571 0.060714 0.073333
0 0.717143 0.171429 0.040000 0.062857
0 0.770357 0.173333 0.043571 0.068571
0 0.627143 0.146667 0.044286 0.055238
0 0.733571 0.119524 0.037143 0.056190
0 0.897143 0.261905 0.057143 0.085714
0 0.892857 0.202381 0.054286 0.067619
0 0.877143 0.154286 0.047143 0.049524
0 0.868214 0.122857 0.045000 0.053333
0 0.775714 0.126190 0.041429 0.054286
0 0.780714 0.093810 0.038571 0.039048
0 0.735357 0.086667 0.032143 0.034286
0 0.740000 0.062381 0.027143 0.035238
0 0.748214 0.046667 0.029286 0.038095
0 0.858929 0.090476 0.039286 0.045714
0 0.854643 0.054762 0.035000 0.042857
0 0.842857 0.030476 0.031429 0.034286
0 0.743214 0.016190 0.025000 0.030476
0 0.772857 0.010476 0.027143 0.020952
0 0.970357 0.646667 0.059286 0.184762
