1 0.405714 0.595812 0.031429 0.115482
0 0.242857 0.578046 0.018571 0.036802
0 0.062143 0.571701 0.022857 0.036802
0 0.096071 0.574873 0.022143 0.038071
0 0.113571 0.576142 0.020000 0.035533
0 0.176429 0.579315 0.024286 0.039340
0 0.131071 0.575508 0.012143 0.031726
0 0.145000 0.578046 0.014286 0.036802
0 0.162857 0.578046 0.017143 0.034264
0 0.456071 0.397208 0.009286 0.027919
0 0.468214 0.378807 0.007857 0.021574
0 0.516429 0.482868 0.024286 0.024112
0 0.557143 0.483503 0.027143 0.020305
1 0.411429 0.153553 0.021429 0.050761
1 0.248214 0.052665 0.017857 0.019036
1 0.233214 0.046320 0.015000 0.013959
0 0.326429 0.042513 0.008571 0.011421
0 0.336071 0.028553 0.006429 0.008883
0 0.330357 0.052030 0.010714 0.010152
