1 0.455000 0.905000 0.111000 0.128667
1 0.418500 0.843333 0.104000 0.116000
1 0.329750 0.757000 0.097500 0.100667
1 0.308000 0.943333 0.128000 0.112000
1 0.259750 0.877667 0.112500 0.119333
1 0.266000 0.727667 0.097000 0.091333
1 0.209500 0.707333 0.091000 0.074667
1 0.200000 0.669333 0.095000 0.074667
1 0.536250 0.610000 0.062500 0.070667
1 0.577250 0.635667 0.060500 0.064667
1 0.890500 0.261000 0.024000 0.020667
1 0.810750 0.490000 0.069500 0.042667
1 0.930000 0.269667 0.024000 0.020667
1 0.955250 0.275000 0.022500 0.022000
7 0.914500 0.778667 0.016000 0.045333
1 0.785500 0.650333 0.058000 0.070000
1 0.173000 0.590000 0.070000 0.045333
1 0.169750 0.628667 0.065500 0.038667
1 0.993500 0.284000 0.013000 0.022667
1 0.836750 0.350000 0.029500 0.029333
0 0.791750 0.431667 0.020500 0.018000
0 0.816750 0.431667 0.017500 0.019333
0 0.811000 0.442333 0.019000 0.018000
0 0.825500 0.446667 0.021000 0.020000
1 0.770500 0.523333 0.066000 0.041333
