1 0.075714 0.942857 0.055714 0.114286
1 0.740357 0.962857 0.095000 0.074286
2 0.713571 0.905714 0.084286 0.078095
1 0.692857 0.832857 0.090000 0.084762
1 0.669286 0.770476 0.088571 0.081905
1 0.896071 0.803333 0.095000 0.096190
1 0.626429 0.637619 0.092857 0.080952
1 0.610714 0.576190 0.078571 0.083810
2 0.582143 0.519524 0.070000 0.063810
1 0.477143 0.540952 0.094286 0.076190
1 0.560000 0.460476 0.084286 0.061905
1 0.540357 0.398571 0.080714 0.060000
1 0.531071 0.351905 0.082143 0.065714
1 0.733929 0.382857 0.079286 0.085714
1 0.655714 0.216667 0.077143 0.069524
1 0.473571 0.147619 0.074286 0.070476
1 0.461786 0.098095 0.076429 0.064762
0 0.510357 0.067619 0.013571 0.049524
0 0.589643 0.047143 0.020714 0.031429
7 0.580000 0.025714 0.027143 0.030476
1 0.449286 0.053333 0.071429 0.053333
1 0.435714 0.020952 0.074286 0.041905
7 0.343214 0.425238 0.025000 0.056190
