1 0.141786 0.813810 0.067857 0.153333
6 0.179643 0.948571 0.070714 0.102857
1 0.115000 0.008571 0.035714 0.017143
1 0.016786 0.369048 0.033571 0.080952
1 0.212500 0.008095 0.022143 0.016190
1 0.115357 0.027619 0.037857 0.020952
1 0.078929 0.190952 0.042143 0.056190
1 0.030357 0.302857 0.046429 0.068571
1 0.196429 0.423810 0.034286 0.064762
6 0.183929 0.649048 0.087857 0.166667
1 0.224643 0.076667 0.027857 0.033333
1 0.212500 0.025714 0.022143 0.022857
3 0.124286 0.073333 0.027143 0.032381
1 0.097857 0.137619 0.032857 0.048571
1 0.059286 0.236667 0.034286 0.056190
6 0.495000 0.017143 0.014286 0.024762
6 0.556786 0.972857 0.012143 0.046667
6 0.542500 0.934286 0.015000 0.049524
