1 0.566000 0.887000 0.193000 0.118000
7 0.029000 0.594000 0.043000 0.040000
7 0.077250 0.555000 0.040500 0.032667
7 0.098500 0.544667 0.039000 0.029333
7 0.107000 0.517000 0.044000 0.035333
0 0.484000 0.368667 0.020000 0.020000
2 0.193500 0.450333 0.067000 0.103333
2 0.406250 0.439000 0.084500 0.123333
2 0.255500 0.463333 0.086000 0.133333
2 0.692750 0.421667 0.085500 0.083333
1 0.403750 0.037000 0.030500 0.018000
2 0.418500 0.090333 0.020000 0.031333
4 0.437000 0.089667 0.010000 0.018000
1 0.424500 0.015000 0.008000 0.008667
1 0.406250 0.029667 0.019500 0.014000
1 0.409500 0.026667 0.024000 0.014667
1 0.409750 0.021667 0.021500 0.010000
0 0.681250 0.529000 0.016500 0.044667
