0 0.108214 0.975254 0.015000 0.046954
0 0.188571 0.623096 0.010000 0.035533
0 0.293214 0.613579 0.009286 0.039340
0 0.898929 0.809010 0.019286 0.044416
0 0.878929 0.745558 0.016429 0.039340
1 0.908571 0.744924 0.032857 0.111675
0 0.915714 0.073604 0.017143 0.020305
0 0.805000 0.007614 0.015714 0.015228
0 0.779643 0.008249 0.016429 0.016497
1 0.789643 0.585025 0.059286 0.073604
0 0.721786 0.521574 0.020714 0.027919
0 0.694643 0.490482 0.020714 0.029188
0 0.665714 0.454315 0.018571 0.027919
0 0.642143 0.422589 0.020000 0.030457
0 0.619643 0.396574 0.019286 0.029188
0 0.627143 0.835025 0.018571 0.045685
0 0.524643 0.529822 0.017857 0.031726
1 0.386071 0.643401 0.022143 0.101523
2 0.412857 0.477157 0.014286 0.032995
2 0.389286 0.530457 0.018571 0.053299
0 0.434286 0.378807 0.014286 0.029188
0 0.420000 0.310914 0.014286 0.030457
0 0.363571 0.434645 0.011429 0.031726
1 0.349643 0.303299 0.010714 0.027919
0 0.370000 0.356599 0.011429 0.022843
0 0.357143 0.388959 0.011429 0.026650
0 0.336071 0.316624 0.010714 0.026650
2 0.280714 0.503807 0.015714 0.088832
2 0.276429 0.421320 0.014286 0.060914
0 0.312143 0.421320 0.018571 0.025381
0 0.307500 0.326142 0.017857 0.022843
1 0.316786 0.243655 0.020714 0.065990
0 0.326429 0.229695 0.011429 0.025381
0 0.305714 0.206853 0.008571 0.022843
0 0.306071 0.311548 0.017857 0.021574
0 0.302500 0.271574 0.015000 0.020305
0 0.296429 0.260787 0.018571 0.021574
0 0.290000 0.237310 0.018571 0.020305
0 0.448571 0.140863 0.014286 0.025381
0 0.471429 0.138325 0.014286 0.025381
0 0.310357 0.176396 0.007857 0.020305
0 0.276071 0.104061 0.007857 0.022843
0 0.326429 0.093274 0.007143 0.019036
0 0.278571 0.067893 0.007143 0.019036
0 0.296429 0.126269 0.010000 0.024112
2 0.274643 0.161168 0.016429 0.045685
2 0.261429 0.161168 0.014286 0.055838
2 0.246786 0.157360 0.017857 0.063452
2 0.255000 0.116751 0.014286 0.045685
0 0.249643 0.078046 0.010714 0.021574
0 0.255000 0.096447 0.007143 0.025381
0 0.139643 0.045051 0.010714 0.019036
