2 0.018214 0.018571 0.017857 0.020000
1 0.170714 0.122857 0.041429 0.026667
1 0.148571 0.115714 0.028571 0.023810
2 0.117500 0.111429 0.037857 0.032381
1 0.085714 0.111905 0.032857 0.027619
1 0.044286 0.105714 0.040000 0.024762
1 0.018929 0.097619 0.030714 0.025714
1 0.162500 0.093333 0.032143 0.020952
1 0.130714 0.088095 0.032857 0.021905
1 0.108929 0.088095 0.029286 0.021905
1 0.088214 0.084286 0.025000 0.023810
1 0.062857 0.081429 0.027143 0.025714
1 0.040714 0.076190 0.024286 0.019048
1 0.018929 0.073810 0.026429 0.023810
1 0.199643 0.100000 0.029286 0.028571
1 0.225000 0.100952 0.032857 0.020952
1 0.240000 0.129048 0.034286 0.027619
1 0.252500 0.104762 0.027857 0.024762
1 0.275000 0.132857 0.028571 0.023810
1 0.320000 0.115714 0.021429 0.021905
1 0.294286 0.105238 0.027143 0.029524
1 0.089286 0.047143 0.020000 0.018095
2 0.114643 0.044762 0.032143 0.030476
1 0.133214 0.052857 0.023571 0.023810
1 0.152143 0.053810 0.024286 0.020000
1 0.173571 0.058095 0.020000 0.019048
1 0.192143 0.057619 0.024286 0.027619
1 0.218214 0.060476 0.026429 0.025714
1 0.256071 0.067619 0.020714 0.022857
1 0.276071 0.070952 0.020714 0.023810
2 0.294643 0.070476 0.023571 0.026667
1 0.319286 0.074762 0.027143 0.023810
1 0.356429 0.082381 0.024286 0.023810
1 0.379286 0.085238 0.018571 0.023810
1 0.400357 0.089048 0.025000 0.027619
2 0.425000 0.085238 0.021429 0.031429
1 0.461429 0.093810 0.022857 0.025714
1 0.340357 0.117143 0.029286 0.026667
1 0.323571 0.144762 0.032857 0.026667
1 0.373929 0.125238 0.026429 0.029524
1 0.408214 0.129048 0.025000 0.025714
1 0.435000 0.129048 0.027143 0.029524
1 0.436071 0.162381 0.027857 0.029524
2 0.463571 0.163333 0.025714 0.040952
2 0.492500 0.164762 0.029286 0.047619
2 0.380000 0.150000 0.035714 0.040952
1 0.482500 0.138571 0.023571 0.025714
1 0.457857 0.135714 0.022857 0.029524
1 0.477143 0.080000 0.017143 0.022857
1 0.452500 0.076190 0.017857 0.022857
1 0.485000 0.059048 0.015714 0.022857
2 0.466786 0.060952 0.025000 0.022857
1 0.450714 0.053333 0.020000 0.022857
1 0.430357 0.070476 0.020714 0.015238
1 0.421429 0.050952 0.024286 0.018095
1 0.391071 0.067143 0.017857 0.018095
1 0.397857 0.048095 0.020000 0.016190
1 0.381429 0.042381 0.014286 0.023810
1 0.371071 0.066667 0.019286 0.017143
1 0.365000 0.043333 0.017143 0.021905
1 0.345000 0.043333 0.018571 0.018095
1 0.348929 0.065238 0.022143 0.018095
1 0.332857 0.063333 0.017143 0.020000
2 0.327143 0.033810 0.021429 0.021905
1 0.316786 0.056667 0.016429 0.014286
2 0.306429 0.033810 0.022857 0.023810
1 0.300714 0.054286 0.017143 0.013333
1 0.288214 0.033333 0.016429 0.017143
1 0.270714 0.029524 0.017143 0.020952
1 0.251071 0.029048 0.020714 0.018095
1 0.219643 0.047143 0.020714 0.020000
1 0.230000 0.026667 0.022857 0.017143
1 0.200357 0.022381 0.022143 0.020000
1 0.199643 0.042857 0.023571 0.013333
2 0.175714 0.016667 0.021429 0.023810
1 0.155357 0.017143 0.013571 0.017143
1 0.141071 0.014286 0.020714 0.017143
1 0.151786 0.037143 0.020714 0.015238
1 0.128214 0.032857 0.023571 0.016190
3 0.025714 0.192381 0.051429 0.047619
2 0.069643 0.165238 0.050714 0.044762
1 0.114286 0.173810 0.045714 0.031429
1 0.172143 0.189524 0.027143 0.030476
3 0.212143 0.180476 0.067143 0.054286
3 0.213929 0.225238 0.070714 0.060000
1 0.297500 0.202381 0.040714 0.035238
3 0.337143 0.223810 0.064286 0.085714
3 0.385357 0.248571 0.047857 0.045714
1 0.408571 0.219048 0.032857 0.038095
2 0.540000 0.129524 0.022857 0.028571
3 0.556786 0.155238 0.029286 0.040000
3 0.565357 0.208095 0.043571 0.056190
2 0.581429 0.123333 0.037143 0.031429
3 0.586071 0.031905 0.036429 0.027619
3 0.562500 0.014762 0.032143 0.023810
3 0.625000 0.016190 0.050000 0.020952
7 0.536429 0.032857 0.015714 0.010476
7 0.529643 0.044762 0.013571 0.009524
0 0.518571 0.060000 0.005714 0.017143
2 0.669286 0.010952 0.012857 0.021905
3 0.698929 0.023810 0.016429 0.045714
1 0.717500 0.082381 0.015000 0.025714
3 0.744643 0.093810 0.016429 0.040952
1 0.671786 0.121429 0.016429 0.031429
3 0.665357 0.187619 0.026429 0.070476
1 0.761071 0.251905 0.043571 0.035238
1 0.753929 0.226190 0.045000 0.029524
4 0.664286 0.241429 0.037143 0.025714
2 0.656786 0.274762 0.026429 0.050476
2 0.665357 0.333333 0.039286 0.087619
1 0.789286 0.342381 0.040000 0.052381
1 0.763214 0.456190 0.046429 0.068571
1 0.697500 0.459524 0.037857 0.077143
7 0.748571 0.531429 0.024286 0.040000
2 0.939286 0.595714 0.102857 0.096190
2 0.938571 0.856667 0.120000 0.105714
1 0.411429 0.074286 0.024286 0.022857
