3 0.563929 0.856190 0.109286 0.139048
3 0.316786 0.956667 0.105000 0.086667
7 0.201786 0.919048 0.025000 0.068571
7 0.229643 0.890000 0.029286 0.060000
7 0.435000 0.814762 0.038571 0.033333
7 0.421786 0.779048 0.040714 0.028571
3 0.403571 0.550952 0.078571 0.100000
2 0.360357 0.508571 0.076429 0.083810
1 0.322143 0.480000 0.072857 0.080000
7 0.514643 0.518571 0.022143 0.031429
1 0.105000 0.434286 0.032857 0.076190
1 0.286429 0.431905 0.077143 0.069524
1 0.255714 0.405714 0.071429 0.074286
1 0.244286 0.365714 0.072857 0.062857
1 0.266071 0.268095 0.070714 0.067619
1 0.217857 0.216190 0.067143 0.055238
7 0.101429 0.130000 0.012857 0.029524
7 0.197500 0.130000 0.023571 0.031429
1 0.225357 0.057619 0.029286 0.050476
4 0.136071 0.048571 0.022143 0.045714
1 0.013214 0.098571 0.026429 0.037143
1 0.031786 0.055714 0.049286 0.039048
7 0.358929 0.369524 0.020714 0.034286
7 0.405000 0.381429 0.018571 0.035238
7 0.399286 0.422381 0.020000 0.033333
7 0.428929 0.390952 0.010714 0.035238
7 0.438929 0.395714 0.013571 0.039048
7 0.628929 0.434286 0.019286 0.032381
7 0.691429 0.389524 0.011429 0.034286
1 0.740000 0.383333 0.062857 0.067619
7 0.721071 0.254286 0.032143 0.020952
7 0.758571 0.290000 0.021429 0.037143
7 0.779286 0.282381 0.017143 0.029524
1 0.858929 0.269524 0.059286 0.057143
7 0.850000 0.220952 0.018571 0.032381
1 0.912500 0.226667 0.055000 0.057143
2 0.972143 0.172381 0.055714 0.060952
7 0.957857 0.125714 0.025714 0.026667
