1 0.223750 0.807000 0.154500 0.094000
1 0.344750 0.595667 0.043500 0.068667
1 0.198500 0.680333 0.092000 0.059333
1 0.975000 0.952667 0.050000 0.082667
2 0.920500 0.838333 0.111000 0.124667
1 0.833750 0.721333 0.079500 0.109333
2 0.920250 0.639667 0.119500 0.063333
1 0.707750 0.521333 0.052500 0.057333
1 0.681500 0.473667 0.030000 0.039333
1 0.665000 0.441333 0.036000 0.037333
1 0.640500 0.406000 0.037000 0.036000
1 0.599750 0.410667 0.033500 0.036000
1 0.445250 0.490333 0.033500 0.060667
1 0.365500 0.516333 0.049000 0.050000
1 0.374000 0.466333 0.062000 0.046000
1 0.368500 0.428000 0.026000 0.037333
1 0.392250 0.321667 0.023500 0.027333
1 0.394250 0.302000 0.019500 0.022667
1 0.405250 0.260667 0.013500 0.017333
2 0.295500 0.261667 0.034000 0.026000
1 0.622500 0.367667 0.026000 0.035333
2 0.608000 0.342333 0.022000 0.035333
2 0.584500 0.291667 0.019000 0.026000
1 0.577250 0.278000 0.016500 0.022667
1 0.233250 0.214667 0.019500 0.017333
7 0.197750 0.236000 0.013500 0.012000
7 0.204500 0.233333 0.013000 0.012000
1 0.268500 0.249000 0.036000 0.019333
1 0.277000 0.240333 0.035000 0.016667
1 0.280500 0.232333 0.031000 0.014000
1 0.285500 0.219333 0.024000 0.010667
3 0.261000 0.179000 0.033000 0.020667
3 0.305250 0.181333 0.045500 0.025333
0 0.422500 0.303333 0.008000 0.013333
4 0.568250 0.253667 0.017500 0.023333
1 0.563750 0.239000 0.013500 0.016667
1 0.563000 0.224000 0.013000 0.020000
1 0.560750 0.209000 0.014500 0.014000
1 0.562000 0.193000 0.017000 0.012667
1 0.561000 0.175333 0.008000 0.010667
1 0.561750 0.163667 0.007500 0.010000
1 0.528500 0.166000 0.009000 0.010667
1 0.502500 0.141000 0.008000 0.010000
1 0.507500 0.139000 0.006000 0.008667
1 0.534500 0.139000 0.009000 0.007333
1 0.559250 0.135000 0.007500 0.010000
3 0.571500 0.107333 0.008000 0.010667
1 0.583000 0.111000 0.005000 0.006000
1 0.672000 0.099000 0.004000 0.003333
1 0.663000 0.094667 0.006000 0.005333
