1 0.456250 0.935333 0.058500 0.129333
1 0.512250 0.838333 0.051500 0.163333
1 0.439000 0.767333 0.050000 0.126667
1 0.356500 0.870333 0.103000 0.146000
1 0.378250 0.697333 0.046500 0.122667
1 0.505750 0.695000 0.039500 0.103333
1 0.433000 0.611000 0.038000 0.094000
1 0.489750 0.585667 0.062500 0.092667
7 0.265000 0.554667 0.030000 0.014667
7 0.284250 0.469667 0.026500 0.020667
1 0.359000 0.102000 0.016000 0.025333
3 0.387000 0.143000 0.021000 0.050000
1 0.441250 0.015000 0.010500 0.015333
1 0.441750 0.026333 0.010500 0.012667
1 0.439250 0.034333 0.007500 0.008667
1 0.438750 0.043333 0.009500 0.012000
1 0.438750 0.052333 0.008500 0.011333
1 0.438250 0.075333 0.010500 0.018667
2 0.444000 0.116667 0.013000 0.028000
1 0.424000 0.134000 0.016000 0.025333
1 0.419750 0.168667 0.015500 0.024000
1 0.445250 0.148333 0.024500 0.024667
1 0.459000 0.170333 0.018000 0.027333
1 0.482750 0.165667 0.017500 0.022000
1 0.464500 0.204667 0.018000 0.029333
1 0.487000 0.215667 0.021000 0.032667
1 0.492250 0.246000 0.020500 0.029333
1 0.466500 0.253333 0.022000 0.030667
1 0.467500 0.299000 0.025000 0.038000
2 0.493250 0.297000 0.022500 0.052667
3 0.504500 0.365667 0.031000 0.076667
1 0.475750 0.395667 0.030500 0.046000
2 0.444500 0.399000 0.031000 0.075333
1 0.441000 0.345667 0.025000 0.043333
1 0.412000 0.346000 0.026000 0.045333
7 0.408250 0.310333 0.012500 0.023333
1 0.558750 0.071333 0.027500 0.017333
1 0.532750 0.134333 0.015500 0.023333
1 0.610500 0.140667 0.038000 0.024000
3 0.543500 0.371667 0.030000 0.066000
4 0.498500 0.418333 0.014000 0.026000
7 0.503250 0.495333 0.015500 0.033333
1 0.580500 0.472333 0.066000 0.042000
0 0.530250 0.445000 0.024500 0.020667
1 0.412500 0.398333 0.031000 0.060667
1 0.395000 0.450667 0.057000 0.046667
7 0.337500 0.529000 0.028000 0.015333
7 0.375000 0.537333 0.023000 0.024000
1 0.389750 0.492000 0.060500 0.056000
7 0.392000 0.551000 0.029000 0.016667
4 0.429750 0.540000 0.039500 0.028000
7 0.416750 0.522333 0.022500 0.030000
2 0.605750 0.689667 0.042500 0.106000
7 0.476250 0.528333 0.019500 0.031333
1 0.460750 0.495667 0.043500 0.068667
1 0.559500 0.522000 0.073000 0.054667
2 0.677750 0.484667 0.048500 0.033333
3 0.633000 0.437333 0.075000 0.048000
3 0.812250 0.411667 0.096500 0.067333
3 0.804000 0.591000 0.116000 0.120667
2 0.826250 0.553000 0.078500 0.059333
