1 0.365357 0.493655 0.015000 0.032995
1 0.377500 0.532360 0.015000 0.031726
1 0.387143 0.588198 0.012857 0.039340
1 0.455357 0.564086 0.012143 0.039340
1 0.422143 0.511421 0.011429 0.035533
2 0.458214 0.503173 0.012143 0.039340
1 0.425000 0.467005 0.011429 0.032995
1 0.445357 0.458756 0.012143 0.034264
1 0.461429 0.455584 0.011429 0.032995
1 0.525357 0.485406 0.015000 0.039340
1 0.574643 0.404822 0.025000 0.025381
1 0.383929 0.128807 0.017857 0.016497
1 0.410714 0.145939 0.021429 0.017766
1 0.429286 0.097081 0.021429 0.016497
1 0.535357 0.115482 0.022143 0.017766
