3 0.137857 0.723810 0.177143 0.080000
1 0.683571 0.503333 0.044286 0.033333
1 0.651786 0.423333 0.029286 0.040952
1 0.608929 0.439048 0.020714 0.032381
1 0.466786 0.401429 0.016429 0.035238
7 0.384286 0.487143 0.008571 0.023810
4 0.400000 0.292857 0.012857 0.027619
1 0.457857 0.160476 0.011429 0.016190
3 0.443929 0.076667 0.010714 0.023810
3 0.440714 0.031905 0.012857 0.037143
1 0.442857 0.054762 0.008571 0.012381
1 0.453571 0.042857 0.005714 0.015238
1 0.452143 0.025714 0.007143 0.011429
1 0.490714 0.025238 0.015714 0.012381
1 0.497500 0.052381 0.013571 0.009524
0 0.463214 0.120000 0.005000 0.013333
