1 0.038929 0.163333 0.077857 0.067619
1 0.095714 0.838571 0.045714 0.128571
1 0.191429 0.766190 0.070000 0.113333
1 0.236786 0.724286 0.066429 0.100000
5 0.178214 0.554762 0.060714 0.065714
7 0.303929 0.529048 0.039286 0.033333
3 0.321429 0.616190 0.095714 0.165714
1 0.398571 0.571429 0.067143 0.099048
1 0.457500 0.516190 0.047857 0.083810
3 0.486786 0.482381 0.060714 0.111429
7 0.349643 0.416190 0.025000 0.038095
7 0.378571 0.422857 0.027143 0.024762
7 0.358929 0.400000 0.029286 0.026667
7 0.391786 0.404286 0.029286 0.021905
7 0.381786 0.381905 0.029286 0.019048
7 0.363929 0.358571 0.023571 0.027619
7 0.417857 0.358571 0.024286 0.031429
7 0.420714 0.341905 0.021429 0.032381
7 0.436071 0.356190 0.012143 0.038095
7 0.463929 0.353333 0.027857 0.026667
7 0.458929 0.341429 0.027857 0.023810
7 0.452500 0.314286 0.027857 0.028571
7 0.522143 0.470952 0.021429 0.044762
7 0.600714 0.370000 0.021429 0.042857
7 0.610714 0.252381 0.025714 0.030476
7 0.885357 0.108095 0.022143 0.035238
7 0.955357 0.081429 0.022143 0.037143
7 0.962500 0.069048 0.025000 0.027619
7 0.965714 0.060952 0.022857 0.022857
7 0.946071 0.039048 0.025000 0.038095
1 0.927143 0.080000 0.060000 0.060952
1 0.875714 0.131429 0.060000 0.062857
1 0.831429 0.170952 0.062857 0.069524
1 0.797857 0.192381 0.061429 0.066667
1 0.784286 0.225238 0.047143 0.060000
2 0.710714 0.270952 0.055714 0.077143
3 0.598214 0.142857 0.067857 0.070476
1 0.676071 0.159048 0.059286 0.066667
1 0.750714 0.085714 0.054286 0.062857
