0 0.327143 0.590952 0.051429 0.029524
0 0.376429 0.682857 0.021429 0.060952
0 0.381429 0.744286 0.048571 0.033333
0 0.367500 0.775238 0.049286 0.034286
0 0.350714 0.838571 0.047143 0.031429
0 0.341429 0.892857 0.044286 0.029524
0 0.343214 0.925238 0.049286 0.033333
2 0.342857 0.964286 0.064286 0.037143
0 0.330357 0.992381 0.053571 0.015238
0 0.413929 0.460000 0.020714 0.055238
0 0.281786 0.193810 0.043571 0.031429
0 0.278571 0.166190 0.042857 0.033333
0 0.311071 0.118571 0.025000 0.052381
0 0.270714 0.112857 0.044286 0.033333
0 0.268214 0.089524 0.043571 0.032381
0 0.305357 0.056190 0.020714 0.051429
0 0.266786 0.062857 0.037857 0.030476
0 0.265357 0.035238 0.042143 0.028571
0 0.261071 0.012381 0.037857 0.024762
0 0.298571 0.015238 0.021429 0.030476
0 0.466786 0.602857 0.023571 0.066667
2 0.483929 0.545238 0.046429 0.048571
0 0.448214 0.465238 0.023571 0.056190
0 0.635000 0.273333 0.030000 0.055238
0 0.530000 0.164762 0.028571 0.049524
0 0.634286 0.827619 0.045714 0.030476
0 0.633929 0.799048 0.046429 0.030476
0 0.744286 0.713810 0.027143 0.065714
0 0.783571 0.576190 0.025714 0.057143
1 0.733929 0.558571 0.050714 0.113333
0 0.777857 0.379048 0.022857 0.055238
0 0.738571 0.307619 0.027143 0.051429
0 0.807857 0.269524 0.030000 0.051429
0 0.783214 0.194286 0.029286 0.053333
0 0.836071 0.192381 0.029286 0.053333
0 0.883571 0.140000 0.024286 0.051429
0 0.931786 0.106190 0.033571 0.052381
0 0.848929 0.023333 0.029286 0.046667
