0 0.397143 0.984762 0.051429 0.030476
0 0.386071 0.955238 0.042143 0.040000
0 0.560000 0.818571 0.025714 0.077143
0 0.645357 0.789524 0.042143 0.095238
0 0.552143 0.616190 0.025714 0.066667
0 0.595714 0.616667 0.034286 0.071429
0 0.565714 0.485714 0.031429 0.066667
0 0.495000 0.343333 0.032857 0.067619
0 0.522143 0.278095 0.028571 0.060952
0 0.486786 0.145238 0.022143 0.052381
0 0.961429 0.091429 0.035714 0.036190
0 0.689643 0.110476 0.033571 0.032381
0 0.657143 0.072857 0.031429 0.027619
0 0.330714 0.503333 0.045714 0.031429
0 0.327500 0.472857 0.046429 0.031429
0 0.323214 0.445714 0.052143 0.040000
0 0.390714 0.805238 0.044286 0.094286
0 0.392857 0.895714 0.061429 0.088571
0 0.418214 0.023810 0.022143 0.041905
