1 0.161786 0.250952 0.032143 0.040952
1 0.145000 0.214762 0.034286 0.042857
7 0.233571 0.346667 0.021429 0.028571
7 0.359643 0.299048 0.016429 0.026667
1 0.325357 0.338571 0.042143 0.052381
1 0.300000 0.358095 0.042857 0.051429
7 0.151786 0.438571 0.022143 0.021905
7 0.033571 0.585714 0.020000 0.020952
7 0.027143 0.604286 0.022857 0.027619
2 0.155357 0.464762 0.072143 0.057143
1 0.165714 0.496190 0.067143 0.059048
1 0.217143 0.504762 0.064286 0.062857
1 0.198214 0.556667 0.070714 0.073333
1 0.207857 0.588095 0.068571 0.073333
1 0.227500 0.618095 0.066429 0.080000
1 0.342500 0.523810 0.056429 0.060952
1 0.361786 0.552381 0.062143 0.064762
1 0.242143 0.664762 0.072857 0.081905
2 0.258929 0.702381 0.077857 0.082857
7 0.019286 0.695238 0.032857 0.034286
7 0.147143 0.713333 0.030000 0.032381
1 0.113929 0.803810 0.049286 0.099048
2 0.297143 0.790000 0.071429 0.082857
2 0.262500 0.914286 0.059286 0.104762
7 0.424643 0.241429 0.015000 0.025714
1 0.401786 0.274286 0.043571 0.047619
2 0.381786 0.294286 0.042143 0.055238
1 0.442857 0.272857 0.042857 0.044762
1 0.471786 0.422857 0.050714 0.053333
1 0.496429 0.402857 0.047143 0.053333
1 0.913214 0.119524 0.042143 0.027619
1 0.834286 0.009524 0.035714 0.019048
1 0.813571 0.172857 0.041429 0.040952
1 0.750000 0.244286 0.037143 0.048571
1 0.693214 0.095238 0.032143 0.028571
1 0.712143 0.198571 0.048571 0.040952
1 0.698571 0.212857 0.045714 0.035238
1 0.683214 0.227143 0.046429 0.040952
1 0.727857 0.260000 0.048571 0.041905
7 0.761071 0.224286 0.017857 0.029524
7 0.754643 0.195714 0.010714 0.025714
7 0.815000 0.270952 0.011429 0.027619
1 0.709286 0.275238 0.052857 0.049524
1 0.669286 0.240952 0.045714 0.038095
1 0.650357 0.256667 0.043571 0.040952
1 0.681429 0.309048 0.048571 0.050476
1 0.697143 0.292857 0.045714 0.046667
1 0.659643 0.324286 0.050714 0.052381
1 0.642143 0.343333 0.048571 0.052381
1 0.633929 0.272857 0.045000 0.039048
1 0.597857 0.306190 0.044286 0.044762
1 0.616786 0.288095 0.049286 0.046667
1 0.623571 0.360952 0.048571 0.051429
1 0.580357 0.324762 0.040714 0.043810
1 0.558571 0.341905 0.051429 0.051429
1 0.538214 0.360476 0.049286 0.050476
1 0.513929 0.380476 0.045000 0.048571
1 0.606786 0.381905 0.050714 0.059048
1 0.583214 0.399048 0.052143 0.059048
1 0.566071 0.426190 0.050714 0.056190
1 0.520357 0.465714 0.052143 0.064762
1 0.495000 0.493810 0.055714 0.065714
1 0.540000 0.445238 0.052857 0.060000
1 0.774286 0.381429 0.054286 0.052381
1 0.758929 0.405238 0.060714 0.050476
1 0.738929 0.428571 0.059286 0.057143
2 0.716429 0.450476 0.061429 0.060952
2 0.772500 0.474762 0.047857 0.065714
1 0.804286 0.513333 0.042857 0.074286
1 0.590000 0.577143 0.057143 0.078095
1 0.615714 0.612381 0.061429 0.076190
1 0.665714 0.547143 0.052857 0.065714
1 0.631786 0.521429 0.050714 0.061905
1 0.381429 0.581429 0.064286 0.069524
2 0.400714 0.613810 0.055714 0.067619
1 0.427857 0.644762 0.060000 0.074286
7 0.506786 0.894286 0.023571 0.038095
1 0.503571 0.771429 0.064286 0.087619
1 0.530000 0.814762 0.067143 0.103810
2 0.757143 0.935714 0.064286 0.115238
7 0.935357 0.612381 0.029286 0.047619
7 0.750357 0.081429 0.017857 0.014286
7 0.746429 0.063810 0.014286 0.011429
7 0.670714 0.006667 0.015714 0.013333
7 0.688571 0.010952 0.014286 0.012381
7 0.690000 0.006190 0.015714 0.008571
7 0.672143 0.011429 0.014286 0.013333
7 0.708929 0.014762 0.015000 0.014286
7 0.708571 0.007143 0.017143 0.014286
7 0.743214 0.024762 0.015000 0.009524
7 0.744286 0.016190 0.017143 0.011429
7 0.742857 0.046190 0.012857 0.014286
7 0.745357 0.056667 0.017857 0.014286
7 0.743214 0.034286 0.015000 0.015238
5 0.760357 0.050952 0.009286 0.033333
