0 0.218929 0.130000 0.007857 0.012381
0 0.229643 0.185714 0.006429 0.013333
0 0.293571 0.040476 0.011429 0.008571
0 0.311429 0.035238 0.010000 0.009524
0 0.313571 0.015714 0.005714 0.012381
0 0.302500 0.024286 0.012143 0.008571
0 0.230714 0.200476 0.007143 0.016190
0 0.366429 0.100952 0.014286 0.009524
0 0.008214 0.799048 0.016429 0.038095
0 0.025357 0.840000 0.035000 0.028571
0 0.153571 0.800476 0.030000 0.025714
0 0.306786 0.771905 0.016429 0.044762
0 0.065000 0.844286 0.034286 0.025714
0 0.111429 0.823333 0.037143 0.027619
2 0.268214 0.989048 0.043571 0.020000
0 0.313214 0.982381 0.035000 0.029524
0 0.372500 0.948095 0.035000 0.031429
0 0.424286 0.924286 0.031429 0.031429
0 0.391429 0.700476 0.030000 0.023810
0 0.429643 0.686190 0.026429 0.018095
0 0.467857 0.672381 0.021429 0.022857
0 0.473929 0.895238 0.032143 0.030476
0 0.668929 0.968571 0.035000 0.034286
0 0.720000 0.905238 0.032857 0.031429
0 0.734643 0.971429 0.030714 0.032381
0 0.722143 0.940476 0.035714 0.035238
0 0.500714 0.659524 0.027143 0.023810
0 0.531786 0.644762 0.027857 0.022857
0 0.540357 0.698095 0.016429 0.034286
0 0.556786 0.691905 0.016429 0.035238
0 0.573214 0.687143 0.016429 0.035238
0 0.586429 0.680476 0.017143 0.031429
0 0.600714 0.673810 0.017143 0.035238
0 0.616786 0.667619 0.019286 0.034286
0 0.630000 0.662381 0.018571 0.037143
0 0.643929 0.653810 0.020714 0.035238
0 0.670000 0.642857 0.018571 0.030476
0 0.613214 0.610000 0.027857 0.025714
0 0.617143 0.561429 0.025714 0.021905
0 0.590357 0.554762 0.016429 0.033333
1 0.528929 0.008571 0.017857 0.017143
0 0.536429 0.025714 0.007143 0.011429
1 0.548214 0.037143 0.019286 0.030476
0 0.584286 0.197619 0.014286 0.018095
0 0.580357 0.313333 0.012143 0.022857
0 0.561071 0.319048 0.010714 0.020952
0 0.962500 0.892381 0.039286 0.045714
0 0.946071 0.755238 0.032143 0.041905
0 0.983929 0.880476 0.032143 0.046667
0 0.990357 0.651429 0.019286 0.017143
0 0.907143 0.688571 0.025714 0.036190
0 0.928571 0.587143 0.022857 0.033333
0 0.903571 0.650000 0.027143 0.033333
0 0.867143 0.625238 0.025714 0.035238
0 0.789286 0.566667 0.022857 0.034286
0 0.817857 0.615714 0.025714 0.035238
0 0.851071 0.654762 0.019286 0.035238
0 0.821071 0.493810 0.019286 0.027619
0 0.844286 0.494286 0.020000 0.024762
0 0.819286 0.583333 0.024286 0.033333
0 0.825000 0.557143 0.021429 0.028571
0 0.794286 0.536667 0.020000 0.027619
0 0.605714 0.465238 0.015714 0.025714
0 0.801071 0.490952 0.020714 0.027619
0 0.766429 0.491905 0.018571 0.029524
0 0.775000 0.474762 0.018571 0.025714
0 0.781786 0.457619 0.020714 0.025714
0 0.791071 0.448571 0.020714 0.026667
0 0.586786 0.496667 0.025000 0.016190
0 0.584286 0.488095 0.020000 0.014286
0 0.582143 0.472857 0.014286 0.012381
0 0.593214 0.511905 0.020714 0.018095
0 0.760357 0.426667 0.017857 0.024762
0 0.747857 0.459048 0.017143 0.024762
0 0.730000 0.456667 0.017143 0.025714
0 0.736429 0.411905 0.017143 0.021905
0 0.728929 0.430952 0.016429 0.025714
0 0.710714 0.425714 0.018571 0.020952
0 0.743929 0.399048 0.016429 0.024762
0 0.696429 0.398571 0.014286 0.027619
0 0.679286 0.369524 0.012857 0.022857
0 0.732857 0.371429 0.018571 0.022857
2 0.697857 0.368571 0.022857 0.043810
1 0.751429 0.372857 0.038571 0.054286
0 0.757500 0.365714 0.015000 0.022857
0 0.739286 0.338095 0.017143 0.019048
0 0.691429 0.334762 0.015714 0.020000
0 0.656071 0.317619 0.015000 0.021905
0 0.646071 0.261429 0.015000 0.018095
0 0.667500 0.299524 0.015000 0.020000
0 0.685357 0.308095 0.015000 0.018095
0 0.703571 0.304762 0.015714 0.017143
0 0.724643 0.319048 0.015000 0.019048
0 0.711071 0.290952 0.016429 0.018095
0 0.685000 0.278571 0.012857 0.018095
0 0.690714 0.261429 0.011429 0.018095
0 0.849286 0.316190 0.017143 0.017143
0 0.838571 0.318571 0.014286 0.018095
0 0.828929 0.324762 0.017857 0.017143
0 0.828571 0.343810 0.012857 0.019048
0 0.796429 0.338095 0.017143 0.011429
0 0.803571 0.346667 0.020000 0.017143
0 0.809286 0.356667 0.015714 0.021905
0 0.853929 0.279524 0.015000 0.021905
0 0.887500 0.279048 0.016429 0.015238
0 0.886071 0.270476 0.020714 0.017143
0 0.875714 0.264286 0.018571 0.012381
0 0.654286 0.204762 0.012857 0.015238
0 0.642500 0.187619 0.013571 0.017143
0 0.630357 0.170000 0.013571 0.014286
0 0.700000 0.202857 0.011429 0.015238
0 0.671786 0.195238 0.007857 0.015238
1 0.657857 0.231905 0.034286 0.046667
0 0.842143 0.281429 0.017143 0.020000
0 0.806071 0.229048 0.016429 0.016190
0 0.800000 0.211429 0.010000 0.015238
0 0.804643 0.180952 0.016429 0.017143
0 0.888214 0.145238 0.016429 0.012381
0 0.906429 0.140000 0.015714 0.013333
0 0.918214 0.127143 0.007857 0.018095
0 0.891786 0.168571 0.016429 0.015238
0 0.743929 0.200952 0.017857 0.011429
0 0.766429 0.195238 0.018571 0.013333
0 0.783571 0.188095 0.017143 0.014286
0 0.762143 0.286190 0.018571 0.010476
0 0.778214 0.312381 0.017857 0.013333
0 0.773214 0.303333 0.020714 0.016190
0 0.767143 0.296190 0.017143 0.013333
0 0.783929 0.320952 0.017857 0.015238
0 0.818571 0.196667 0.018571 0.012381
0 0.901071 0.164762 0.012143 0.009524
0 0.908929 0.165714 0.016429 0.013333
0 0.918571 0.163810 0.008571 0.015238
0 0.907143 0.111429 0.017143 0.017143
0 0.938571 0.154286 0.014286 0.017143
0 0.947500 0.151905 0.010714 0.012381
0 0.953929 0.149048 0.016429 0.014286
0 0.959286 0.143810 0.018571 0.015238
0 0.939643 0.105714 0.013571 0.013333
0 0.928571 0.155238 0.018571 0.015238
0 0.935714 0.098571 0.017143 0.010476
0 0.922857 0.092857 0.012857 0.016190
0 0.928214 0.096190 0.016429 0.011429
0 0.917143 0.085714 0.015714 0.011429
0 0.910357 0.080952 0.009286 0.009524
0 0.908214 0.075714 0.012143 0.010476
0 0.901071 0.101905 0.013571 0.013333
0 0.697857 0.186667 0.014286 0.015238
0 0.692857 0.180476 0.012857 0.012381
0 0.688571 0.174762 0.015714 0.014286
0 0.685357 0.168095 0.019286 0.012381
0 0.680714 0.162857 0.015714 0.015238
0 0.675357 0.154286 0.012143 0.013333
0 0.670714 0.148571 0.011429 0.011429
0 0.667857 0.143333 0.015714 0.012381
0 0.663571 0.137619 0.014286 0.012381
0 0.656429 0.130476 0.014286 0.011429
0 0.653214 0.126667 0.013571 0.011429
0 0.650000 0.115714 0.012857 0.010476
0 0.645000 0.111905 0.017143 0.010476
0 0.632143 0.105714 0.012857 0.009524
0 0.618571 0.092381 0.012857 0.009524
0 0.615714 0.085714 0.010000 0.011429
0 0.611429 0.082857 0.011429 0.015238
0 0.608571 0.075714 0.011429 0.012381
0 0.606071 0.072857 0.010714 0.010476
0 0.602500 0.067619 0.010714 0.007619
0 0.600714 0.064762 0.014286 0.009524
0 0.598571 0.057619 0.011429 0.008571
0 0.594643 0.049524 0.012143 0.013333
0 0.594286 0.040476 0.014286 0.012381
0 0.591071 0.035238 0.013571 0.013333
0 0.584286 0.031429 0.010000 0.015238
0 0.582500 0.027619 0.012143 0.011429
0 0.577500 0.020476 0.009286 0.010476
0 0.573571 0.017619 0.011429 0.012381
0 0.570714 0.012857 0.011429 0.008571
0 0.570000 0.006190 0.010000 0.012381
