0 0.248214 0.958095 0.089286 0.083810
0 0.531071 0.964286 0.057857 0.071429
0 0.907500 0.586667 0.085000 0.051429
0 0.505000 0.735714 0.112857 0.109524
0 0.471429 0.538571 0.081429 0.075238
1 0.686071 0.473333 0.146429 0.093333
0 0.659643 0.423810 0.072143 0.051429
0 0.732143 0.404286 0.068571 0.046667
0 0.857500 0.517619 0.042143 0.088571
0 0.896429 0.510476 0.037143 0.081905
0 0.778571 0.515238 0.045714 0.093333
0 0.500357 0.360476 0.070714 0.058095
0 0.385714 0.264286 0.057143 0.060000
0 0.325714 0.312381 0.051429 0.051429
0 0.306786 0.192857 0.056429 0.048571
0 0.261429 0.482857 0.074286 0.080000
0 0.201786 0.162381 0.052143 0.060000
0 0.280357 0.135238 0.057857 0.038095
0 0.290357 0.100000 0.059286 0.034286
0 0.271786 0.078571 0.060714 0.040952
0 0.071071 0.069048 0.045000 0.040952
0 0.085000 0.046667 0.034286 0.038095
0 0.041071 0.030000 0.042143 0.039048
0 0.055000 0.011429 0.031429 0.022857
