0 0.546071 0.600000 0.032143 0.085714
0 0.579643 0.752857 0.032143 0.111429
0 0.457143 0.665238 0.034286 0.098095
0 0.429286 0.856667 0.035714 0.122857
0 0.422857 0.445714 0.031429 0.078095
0 0.474643 0.305238 0.025000 0.069524
0 0.406071 0.284286 0.025000 0.073333
0 0.369643 0.254286 0.019286 0.062857
0 0.399643 0.170952 0.025000 0.061905
0 0.361786 0.156667 0.022143 0.056190
0 0.449286 0.070952 0.024286 0.052381
0 0.377857 0.025714 0.021429 0.047619
0 0.296071 0.971429 0.033571 0.057143
0 0.489286 0.979524 0.030000 0.040952
0 0.777857 0.532381 0.060000 0.038095
0 0.832143 0.328095 0.051429 0.029524
0 0.987500 0.442381 0.025000 0.063810
0 0.875357 0.517619 0.055000 0.037143
