3 0.504286 0.892381 0.032857 0.095238
1 0.464286 0.813810 0.021429 0.061905
1 0.862857 0.884762 0.064286 0.043810
3 0.459643 0.509048 0.015000 0.033333
3 0.667857 0.612857 0.038571 0.031429
1 0.468214 0.381905 0.007857 0.011429
2 0.452857 0.353810 0.007143 0.016190
6 0.461071 0.310476 0.009286 0.026667
1 0.463214 0.288571 0.005000 0.007619
1 0.474286 0.239524 0.004286 0.002857
1 0.478571 0.224762 0.004286 0.003810
3 0.470357 0.251429 0.006429 0.015238
1 0.744643 0.586190 0.026429 0.031429
1 0.723571 0.598571 0.025714 0.033333
6 0.896429 0.550476 0.082857 0.038095
6 0.909643 0.576190 0.092143 0.043810
3 0.129286 0.496667 0.034286 0.014286
1 0.937143 0.381905 0.020000 0.013333
1 0.968571 0.381429 0.018571 0.010476
1 0.988214 0.380476 0.017857 0.012381
3 0.376786 0.396667 0.040714 0.023810
7 0.940714 0.885238 0.025714 0.023810
7 0.931071 0.859048 0.026429 0.022857
7 0.480714 0.364762 0.004286 0.009524
