1 0.810543 0.850649 0.140919 0.142857
3 0.515919 0.656772 0.085073 0.311688
1 0.465292 0.316790 0.084029 0.067718
2 0.438152 0.482839 0.110125 0.121521
4 0.046451 0.219388 0.043841 0.043599
7 0.056367 0.195269 0.014614 0.025046
7 0.085073 0.166976 0.013570 0.033395
4 0.069676 0.275974 0.043319 0.043599
4 0.107777 0.255566 0.036013 0.039889
3 0.353079 0.376160 0.082985 0.082560
1 0.297234 0.063080 0.039144 0.027829
1 0.432150 0.072356 0.029228 0.037106
7 0.521921 0.166976 0.016701 0.024119
6 0.533403 0.128942 0.087683 0.068646
1 0.514353 0.094156 0.020355 0.026902
7 0.739823 0.518553 0.020355 0.037106
