1 0.566071 0.831218 0.027857 0.098985
1 0.431429 0.777919 0.031429 0.091371
1 0.433929 0.937817 0.039286 0.106599
1 0.376786 0.755711 0.032143 0.087563
1 0.340357 0.814721 0.035000 0.060914
1 0.308929 0.881345 0.030714 0.100254
1 0.397500 0.550127 0.030714 0.059645
1 0.403214 0.493655 0.037857 0.040609
1 0.462857 0.522208 0.024286 0.069797
1 0.472143 0.440355 0.017143 0.060914
1 0.498214 0.385787 0.016429 0.060914
1 0.590714 0.381980 0.018571 0.058376
1 0.473929 0.355330 0.023571 0.063452
1 0.593571 0.307107 0.020000 0.058376
1 0.486071 0.282360 0.025000 0.054569
1 0.501786 0.234772 0.016429 0.045685
1 0.599286 0.244924 0.018571 0.050761
1 0.599643 0.189086 0.017857 0.045685
1 0.562500 0.104061 0.019286 0.048223
1 0.518929 0.116751 0.025000 0.040609
1 0.441429 0.267132 0.040000 0.036802
1 0.390714 0.289340 0.035714 0.035533
1 0.312857 0.461294 0.044286 0.041878
1 0.300357 0.497462 0.047857 0.038071
1 0.250714 0.595178 0.045714 0.043147
1 0.234643 0.674492 0.053571 0.044416
1 0.322143 0.401650 0.041429 0.036802
1 0.337143 0.321701 0.041429 0.034264
1 0.347500 0.269670 0.042143 0.034264
2 0.353571 0.192893 0.025714 0.050761
1 0.336786 0.294416 0.045000 0.025381
1 0.317500 0.376904 0.042143 0.030457
2 0.449286 0.222081 0.031429 0.035533
2 0.455714 0.152284 0.014286 0.038071
1 0.493214 0.092640 0.013571 0.045685
1 0.469286 0.078046 0.028571 0.031726
1 0.458571 0.064086 0.031429 0.036802
1 0.446786 0.044416 0.023571 0.040609
1 0.430357 0.032995 0.023571 0.035533
1 0.411071 0.020939 0.026429 0.034264
1 0.393929 0.016497 0.029286 0.032995
1 0.632500 0.175761 0.039286 0.026650
1 0.630000 0.154822 0.035714 0.025381
1 0.633571 0.137056 0.035714 0.025381
1 0.635000 0.115482 0.032857 0.025381
1 0.639643 0.074239 0.037857 0.029188
1 0.637857 0.051396 0.028571 0.029188
1 0.637143 0.036802 0.030000 0.022843
1 0.640714 0.015863 0.030000 0.029188
2 0.371071 0.945431 0.036429 0.106599
2 0.203571 0.841371 0.041429 0.086294
7 0.267143 0.360406 0.007143 0.025381
7 0.229286 0.480330 0.010000 0.029188
7 0.283929 0.564721 0.010714 0.027919
0 0.827143 0.430203 0.015714 0.015228
0 0.832500 0.412437 0.016429 0.015228
0 0.837500 0.328046 0.016429 0.016497
0 0.497143 0.186548 0.005714 0.025381
3 0.425000 0.630711 0.045714 0.129442
1 0.792500 0.051396 0.039286 0.029188
1 0.796071 0.087563 0.035000 0.025381
1 0.796071 0.109772 0.037857 0.029188
1 0.722143 0.063452 0.014286 0.035533
1 0.722143 0.104061 0.014286 0.045685
1 0.726786 0.151650 0.015000 0.049492
1 0.750000 0.161802 0.018571 0.049492
