6 0.051786 0.267132 0.050714 0.120558
2 0.107500 0.079949 0.022143 0.038071
6 0.190357 0.116751 0.043571 0.119289
6 0.132857 0.369924 0.041429 0.138325
3 0.213929 0.343274 0.025000 0.069797
2 0.210714 0.475888 0.020000 0.053299
2 0.338571 0.491751 0.015714 0.054569
2 0.317500 0.051396 0.016429 0.039340
2 0.361429 0.206853 0.014286 0.045685
2 0.389286 0.234137 0.012857 0.052030
6 0.182500 0.717640 0.025000 0.100254
6 0.050714 0.972081 0.065714 0.053299
1 0.402143 0.916878 0.041429 0.044416
1 0.251786 0.790609 0.016429 0.058376
2 0.307143 0.856599 0.044286 0.045685
1 0.540000 0.747462 0.040000 0.038071
1 0.686786 0.685914 0.039286 0.036802
2 0.568214 0.840102 0.040714 0.045685
1 0.827857 0.707487 0.041429 0.041878
1 0.824286 0.622462 0.037143 0.034264
6 0.866786 0.647208 0.056429 0.055838
2 0.908571 0.563452 0.037143 0.050761
2 0.951429 0.421954 0.020000 0.052030
3 0.879286 0.404188 0.037143 0.072335
1 0.923571 0.277284 0.022857 0.049492
2 0.910000 0.204315 0.025714 0.048223
1 0.716429 0.098985 0.017143 0.040609
1 0.516786 0.501904 0.017857 0.054569
2 0.541786 0.628807 0.017857 0.054569
1 0.479286 0.459391 0.017143 0.053299
6 0.528929 0.398477 0.026429 0.088832
7 0.434643 0.255711 0.006429 0.021574
6 0.499286 0.044416 0.025714 0.088832
6 0.593929 0.045685 0.036429 0.091371
