1 0.207463 0.603432 0.032881 0.075139
1 0.275313 0.609462 0.030793 0.092764
1 0.305324 0.617347 0.029228 0.093692
1 0.401096 0.622913 0.027662 0.095547
1 0.433977 0.623840 0.027662 0.099258
2 0.467380 0.624768 0.024530 0.108534
7 0.424061 0.381725 0.005741 0.030612
1 0.465031 0.399351 0.021921 0.073284
1 0.500000 0.394249 0.022965 0.070501
1 0.576461 0.392393 0.022443 0.064935
1 0.618737 0.608071 0.026618 0.091837
1 0.616649 0.389147 0.022443 0.075139
1 0.650313 0.391466 0.021921 0.072356
7 0.707463 0.384045 0.008873 0.044527
1 0.740605 0.610390 0.032359 0.090909
1 0.772965 0.615492 0.032359 0.088126
1 0.609864 0.886827 0.028706 0.083488
4 0.650574 0.921150 0.025574 0.066790
3 0.688674 0.948980 0.029749 0.089054
3 0.721816 0.945733 0.038622 0.099258
1 0.802453 0.940167 0.044363 0.115955
4 0.841858 0.910019 0.037578 0.107607
1 0.849687 0.773191 0.063674 0.056586
1 0.887004 0.628479 0.034969 0.082560
1 0.872651 0.550093 0.027140 0.076067
5 0.862213 0.268553 0.025052 0.045455
3 0.882046 0.327922 0.053236 0.088126
1 0.930846 0.359926 0.031837 0.074212
1 0.960595 0.369666 0.029749 0.062152
1 0.457203 0.937848 0.030271 0.111317
1 0.416754 0.944341 0.030793 0.102041
1 0.342380 0.948516 0.034447 0.099258
