1 0.081786 0.695431 0.053571 0.043147
1 0.057143 0.651015 0.052857 0.032995
3 0.167857 0.615482 0.112857 0.076142
1 0.232857 0.657995 0.050000 0.044416
1 0.309286 0.638325 0.041429 0.038071
1 0.380000 0.619289 0.047143 0.040609
1 0.392857 0.560914 0.042857 0.038071
1 0.466786 0.595178 0.040714 0.035533
1 0.475000 0.546954 0.045714 0.040609
1 0.536071 0.574873 0.039286 0.038071
1 0.566071 0.520305 0.043571 0.038071
1 0.617143 0.559645 0.044286 0.035533
2 0.651429 0.506345 0.040000 0.035533
2 0.708214 0.529822 0.043571 0.041878
1 0.745714 0.480964 0.041429 0.038071
7 0.778571 0.494924 0.017143 0.017766
1 0.815000 0.505076 0.044286 0.035533
1 0.814643 0.464467 0.040714 0.035533
1 0.869643 0.460025 0.035000 0.034264
1 0.899286 0.490482 0.040000 0.034264
1 0.925714 0.434645 0.042857 0.036802
1 0.971786 0.469543 0.042143 0.038071
1 0.937143 0.564086 0.057143 0.044416
1 0.067500 0.484772 0.047857 0.050761
1 0.891429 0.093274 0.041429 0.049492
