1 0.845714 0.821905 0.135714 0.198095
1 0.746786 0.550952 0.102143 0.143810
1 0.592143 0.539524 0.087143 0.145714
1 0.673929 0.297619 0.057857 0.096190
1 0.752500 0.228095 0.063571 0.082857
1 0.518929 0.317619 0.046429 0.090476
1 0.471071 0.231429 0.062143 0.091429
1 0.587857 0.232381 0.055714 0.089524
1 0.610000 0.137619 0.052857 0.075238
1 0.432143 0.119048 0.045714 0.066667
1 0.531071 0.096667 0.052143 0.058095
1 0.573571 0.075238 0.052857 0.053333
1 0.458571 0.071429 0.042857 0.055238
1 0.405357 0.060476 0.037857 0.050476
1 0.932500 0.177143 0.083571 0.097143
1 0.787500 0.041429 0.062143 0.077143
1 0.716786 0.057619 0.063571 0.073333
2 0.558929 0.157143 0.056429 0.074286
2 0.493214 0.030952 0.053571 0.060000
2 0.437143 0.020952 0.040000 0.041905
1 0.541429 0.024762 0.045714 0.049524
1 0.576786 0.018571 0.047857 0.037143
1 0.229643 0.366190 0.063571 0.113333
1 0.128571 0.173810 0.102857 0.052381
3 0.918929 0.044286 0.075000 0.065714
3 0.816429 0.147143 0.097143 0.128571
7 0.871786 0.179048 0.026429 0.038095
1 0.128214 0.549524 0.117857 0.100952
1 0.081071 0.638571 0.129286 0.134286
1 0.101071 0.412381 0.112143 0.099048
1 0.116786 0.337619 0.109286 0.079048
1 0.045000 0.817143 0.084286 0.198095
0 0.173929 0.637619 0.039286 0.071429
1 0.139286 0.135238 0.094286 0.051429
1 0.129286 0.108571 0.092857 0.043810
1 0.133214 0.080952 0.080714 0.043810
1 0.131429 0.051905 0.080000 0.048571
