0 0.544000 0.790333 0.047000 0.131333
0 0.520500 0.478667 0.030000 0.061333
0 0.506250 0.396667 0.024500 0.045333
0 0.600000 0.376333 0.032000 0.039333
0 0.588250 0.333667 0.024500 0.031333
0 0.578750 0.305667 0.023500 0.027333
0 0.568500 0.279000 0.020000 0.024667
0 0.638250 0.197667 0.031500 0.018000
0 0.522000 0.153000 0.011000 0.012667
0 0.501000 0.096667 0.007000 0.009333
0 0.474250 0.094667 0.007500 0.009333
0 0.459250 0.091667 0.007500 0.008667
0 0.672000 0.129333 0.024000 0.012000
0 0.696250 0.142000 0.025500 0.014667
0 0.737250 0.171333 0.029500 0.016000
0 0.808500 0.183333 0.020000 0.017333
0 0.832250 0.217667 0.026500 0.023333
0 0.857500 0.225333 0.024000 0.022667
0 0.879500 0.194333 0.022000 0.018000
0 0.902000 0.198000 0.020000 0.018667
0 0.072500 0.750333 0.027000 0.039333
0 0.105750 0.736333 0.023500 0.040667
2 0.462500 0.213000 0.016000 0.036667
2 0.416000 0.214333 0.033000 0.024667
2 0.462250 0.112667 0.012500 0.032000
2 0.514000 0.127667 0.014000 0.027333
2 0.509250 0.116333 0.010500 0.012667
2 0.385500 0.108000 0.021000 0.013333
2 0.357000 0.087667 0.018000 0.011333
0 0.445500 0.037000 0.007000 0.004667
0 0.492750 0.037333 0.003500 0.004000
0 0.480750 0.035333 0.007500 0.004000
0 0.507000 0.043667 0.010000 0.006000
0 0.511750 0.045000 0.009500 0.007333
0 0.521750 0.041333 0.009500 0.005333
0 0.534250 0.044000 0.009500 0.005333
0 0.556250 0.052333 0.012500 0.006000
0 0.559500 0.054000 0.011000 0.006667
0 0.521500 0.050667 0.011000 0.006667
0 0.535250 0.045333 0.009500 0.006667
0 0.538500 0.057667 0.011000 0.007333
0 0.548500 0.062667 0.014000 0.006667
0 0.562250 0.076667 0.010500 0.008000
0 0.581750 0.065667 0.012500 0.007333
0 0.579000 0.063333 0.011000 0.006667
0 0.578250 0.062333 0.011500 0.007333
0 0.572750 0.060000 0.012500 0.006667
0 0.524250 0.041333 0.009500 0.006667
0 0.594000 0.062667 0.009000 0.008000
0 0.618000 0.065000 0.013000 0.007333
0 0.596000 0.074000 0.012000 0.008000
0 0.598250 0.074667 0.012500 0.008000
0 0.603000 0.075667 0.017000 0.006000
0 0.604000 0.078333 0.016000 0.007333
0 0.609250 0.082667 0.016500 0.008000
0 0.616750 0.086667 0.016500 0.008000
0 0.623250 0.091333 0.018500 0.009333
0 0.589250 0.097667 0.010500 0.010000
0 0.597250 0.108000 0.020500 0.009333
0 0.603000 0.114333 0.019000 0.010000
0 0.613750 0.123333 0.022500 0.010667
0 0.624000 0.130000 0.023000 0.013333
0 0.630250 0.136667 0.024500 0.012000
0 0.634500 0.100667 0.017000 0.009333
0 0.641750 0.104667 0.021500 0.012000
0 0.654000 0.113000 0.020000 0.010000
0 0.664250 0.121333 0.020500 0.010667
0 0.670000 0.123000 0.024000 0.012667
0 0.647750 0.153000 0.025500 0.014000
0 0.659750 0.163667 0.028500 0.014000
0 0.666250 0.171667 0.028500 0.018000
0 0.720250 0.159667 0.027500 0.014000
0 0.788750 0.179667 0.018500 0.016667
0 0.929750 0.209333 0.022500 0.022667
0 0.643500 0.235333 0.032000 0.020000
0 0.462750 0.193333 0.014500 0.017333
