0 0.149286 0.927143 0.077143 0.145714
0 0.381071 0.961905 0.053571 0.076190
0 0.250357 0.048095 0.049286 0.096190
0 0.374643 0.123333 0.049286 0.124762
0 0.233929 0.173333 0.055000 0.127619
0 0.217500 0.328571 0.060714 0.150476
0 0.202500 0.500000 0.063571 0.150476
0 0.023214 0.304286 0.046429 0.065714
0 0.533929 0.185238 0.043571 0.115238
0 0.672143 0.268571 0.047143 0.123810
0 0.663929 0.122857 0.045000 0.108571
0 0.657500 0.028095 0.042143 0.056190
0 0.717143 0.060000 0.045714 0.116190
0 0.754643 0.382381 0.057857 0.143810
0 0.692500 0.822857 0.059286 0.175238
0 0.671429 0.615714 0.055714 0.168571
0 0.782857 0.577143 0.061429 0.144762
0 0.173571 0.714762 0.062857 0.126667
0 0.886786 0.391905 0.073571 0.138095
