0 0.051071 0.176190 0.102143 0.087619
0 0.344643 0.023810 0.029286 0.045714
0 0.334286 0.134762 0.084286 0.130476
0 0.263571 0.188571 0.091429 0.144762
0 0.140357 0.465714 0.157857 0.104762
0 0.293214 0.601429 0.147857 0.143810
0 0.022857 0.444286 0.045714 0.080952
0 0.512143 0.055714 0.051429 0.111429
0 0.650714 0.012857 0.052857 0.025714
0 0.739286 0.229524 0.060000 0.150476
0 0.837857 0.054286 0.054286 0.100952
0 0.843571 0.255714 0.070000 0.141905
0 0.872500 0.615714 0.156429 0.160952
0 0.792857 0.890952 0.187143 0.094286
