7 0.489562 0.978664 0.014614 0.038961
4 0.561065 0.869202 0.020877 0.074212
5 0.468946 0.663729 0.016180 0.065863
4 0.436848 0.559833 0.022965 0.056586
5 0.472077 0.531540 0.020355 0.048237
4 0.400835 0.467996 0.029228 0.038033
4 0.449896 0.422542 0.017745 0.038033
1 0.499217 0.450371 0.023486 0.056586
1 0.566023 0.512059 0.030793 0.053803
3 0.511482 0.408627 0.026096 0.049165
5 0.591597 0.525974 0.020355 0.044527
1 0.628653 0.738404 0.065240 0.072356
7 0.631524 0.857607 0.018789 0.045455
7 0.631002 0.893321 0.025052 0.029685
7 0.639092 0.961503 0.025574 0.026902
4 0.590814 0.865492 0.017745 0.066790
1 0.534708 0.241187 0.027662 0.018553
1 0.570459 0.211039 0.013570 0.026902
5 0.592902 0.185529 0.008351 0.020408
7 0.609603 0.331169 0.008351 0.022263
7 0.618215 0.338126 0.005741 0.019481
7 0.632046 0.347866 0.007307 0.018553
7 0.639092 0.350186 0.006785 0.019481
0 0.639875 0.326994 0.006263 0.015770
5 0.621347 0.303803 0.010960 0.030612
5 0.624217 0.268089 0.010438 0.029685
4 0.596816 0.279221 0.013048 0.029685
7 0.601775 0.308905 0.006263 0.018553
7 0.573591 0.266234 0.006263 0.016698
7 0.620042 0.178571 0.004175 0.013915
7 0.527140 0.224490 0.009395 0.012987
7 0.528967 0.218924 0.008873 0.012987
7 0.536534 0.198980 0.008351 0.012059
7 0.573852 0.191095 0.006785 0.012987
7 0.563152 0.185993 0.009395 0.012059
4 0.547495 0.179963 0.018789 0.014842
4 0.557411 0.148887 0.014614 0.015770
4 0.551409 0.136827 0.008873 0.017625
3 0.569415 0.140074 0.012526 0.022263
5 0.578288 0.138219 0.007307 0.020408
3 0.581681 0.128015 0.010960 0.025974
7 0.591336 0.118738 0.003132 0.009276
7 0.611430 0.098794 0.003653 0.010204
7 0.635438 0.230519 0.005741 0.015770
5 0.641441 0.137291 0.007307 0.018553
5 0.624739 0.085807 0.010438 0.017625
5 0.634916 0.091373 0.005741 0.017625
5 0.640397 0.097866 0.008351 0.017625
5 0.643789 0.092764 0.005741 0.024119
4 0.639092 0.074212 0.004697 0.014842
7 0.652923 0.080705 0.005219 0.009276
7 0.649008 0.102968 0.005741 0.009276
7 0.679802 0.099722 0.004697 0.010204
4 0.647965 0.060297 0.003653 0.009276
5 0.649269 0.069109 0.005219 0.012059
5 0.654228 0.069573 0.005741 0.012987
7 0.654228 0.049629 0.002610 0.008349
2 0.632307 0.038033 0.006785 0.014842
1 0.621086 0.050557 0.008351 0.012059
5 0.611691 0.044063 0.006263 0.013915
3 0.604123 0.041280 0.008873 0.017625
2 0.630219 0.026438 0.006785 0.013915
4 0.643267 0.028757 0.004697 0.012987
6 0.611691 0.024119 0.026096 0.025974
7 0.647965 0.026902 0.002610 0.007421
7 0.638048 0.020408 0.002610 0.005566
7 0.638570 0.025974 0.002610 0.007421
4 0.634395 0.011596 0.003653 0.006494
1 0.642223 0.010668 0.006785 0.008349
4 0.652923 0.005566 0.006263 0.011132
2 0.612996 0.006957 0.007829 0.010204
