0 0.563000 0.679333 0.040000 0.030667
0 0.580500 0.672000 0.035000 0.025333
0 0.592250 0.662333 0.035500 0.024667
0 0.608750 0.654333 0.036500 0.023333
0 0.633250 0.638333 0.033500 0.022000
0 0.640750 0.625667 0.033500 0.018000
0 0.651500 0.621667 0.035000 0.020667
0 0.661750 0.613667 0.027500 0.018000
0 0.677250 0.608667 0.031500 0.018667
0 0.687750 0.602333 0.035500 0.016667
0 0.698000 0.596667 0.032000 0.017333
0 0.633750 0.773000 0.047500 0.035333
0 0.754750 0.721667 0.044500 0.027333
0 0.771250 0.711333 0.044500 0.030667
0 0.780750 0.703000 0.037500 0.026000
0 0.793750 0.692667 0.045500 0.030667
0 0.800750 0.681000 0.038500 0.020667
0 0.812000 0.673667 0.042000 0.023333
0 0.823250 0.665667 0.043500 0.027333
0 0.793500 0.642000 0.039000 0.021333
0 0.778750 0.648333 0.039500 0.024667
0 0.764250 0.657000 0.037500 0.020667
0 0.757250 0.664667 0.035500 0.018667
0 0.748750 0.675667 0.041500 0.028667
0 0.735500 0.685000 0.038000 0.027333
0 0.900000 0.751667 0.051000 0.027333
0 0.796500 0.922333 0.062000 0.048667
0 0.064750 0.591667 0.016500 0.007333
0 0.067000 0.599333 0.025000 0.010667
0 0.073250 0.606333 0.033500 0.015333
0 0.080750 0.614333 0.029500 0.020667
0 0.087250 0.618667 0.037500 0.024000
0 0.094250 0.626333 0.035500 0.019333
0 0.100250 0.630000 0.034500 0.020000
0 0.117750 0.644333 0.031500 0.022000
0 0.119250 0.654000 0.026500 0.021333
0 0.118750 0.562667 0.019500 0.016000
0 0.132250 0.563667 0.029500 0.016667
0 0.141250 0.569333 0.024500 0.012000
0 0.150250 0.573333 0.024500 0.012000
0 0.156000 0.577667 0.030000 0.018000
0 0.167250 0.587667 0.027500 0.016667
0 0.180750 0.591333 0.030500 0.021333
0 0.189000 0.596333 0.028000 0.019333
0 0.198500 0.600667 0.029000 0.025333
0 0.214750 0.612667 0.031500 0.020000
0 0.225750 0.617333 0.025500 0.020000
0 0.236750 0.620000 0.029500 0.022667
0 0.246750 0.627000 0.033500 0.024667
0 0.255000 0.631667 0.029000 0.023333
0 0.269500 0.638333 0.034000 0.032667
0 0.280250 0.645000 0.031500 0.027333
0 0.289500 0.652667 0.032000 0.025333
0 0.301500 0.661667 0.037000 0.031333
0 0.312500 0.668333 0.028000 0.028667
0 0.354500 0.647000 0.028000 0.022000
0 0.337750 0.641000 0.031500 0.022000
0 0.313500 0.630667 0.032000 0.017333
0 0.303500 0.621333 0.035000 0.016000
0 0.293250 0.615000 0.028500 0.015333
0 0.278750 0.612667 0.023500 0.014667
0 0.268250 0.605333 0.028500 0.013333
0 0.258750 0.600333 0.031500 0.011333
0 0.251750 0.594333 0.035500 0.016667
0 0.243000 0.591000 0.032000 0.014000
0 0.234250 0.587000 0.027500 0.012667
0 0.225000 0.579000 0.029000 0.016667
0 0.209750 0.579667 0.020500 0.014000
0 0.208250 0.573000 0.031500 0.010000
0 0.197500 0.569667 0.030000 0.011333
0 0.194000 0.564667 0.028000 0.010667
0 0.198500 0.548667 0.021000 0.013333
0 0.184750 0.558667 0.029500 0.010667
0 0.174000 0.556000 0.034000 0.010667
0 0.169250 0.551667 0.032500 0.011333
0 0.158000 0.549667 0.026000 0.015333
0 0.149500 0.538000 0.014000 0.012000
0 0.222250 0.528333 0.020500 0.012667
0 0.233500 0.533000 0.018000 0.014000
0 0.240500 0.537000 0.021000 0.014000
0 0.252250 0.537333 0.011500 0.010667
0 0.257500 0.541333 0.017000 0.017333
0 0.265750 0.545333 0.018500 0.014667
0 0.274500 0.550000 0.013000 0.016000
0 0.302000 0.558667 0.020000 0.014667
0 0.311000 0.563667 0.030000 0.018000
0 0.323000 0.570667 0.025000 0.014667
0 0.334250 0.573333 0.026500 0.017333
0 0.355500 0.579333 0.024000 0.022667
0 0.366500 0.583333 0.020000 0.016000
0 0.372750 0.589667 0.019500 0.015333
0 0.383000 0.595333 0.028000 0.017333
0 0.403250 0.596333 0.022500 0.018000
0 0.414250 0.603333 0.023500 0.014667
0 0.427500 0.609667 0.027000 0.016667
0 0.088250 0.984333 0.046500 0.031333
0 0.136500 0.977333 0.052000 0.045333
0 0.239250 0.910333 0.046500 0.044667
0 0.270500 0.891333 0.041000 0.045333
0 0.296750 0.873667 0.040500 0.046000
0 0.324750 0.856667 0.047500 0.045333
0 0.390750 0.969000 0.060500 0.062000
0 0.451750 0.929667 0.054500 0.052667
0 0.573750 0.905000 0.056500 0.056667
0 0.720250 0.827000 0.058500 0.038000
0 0.693250 0.785000 0.052500 0.040667
0 0.670500 0.735000 0.046000 0.032667
0 0.705000 0.714333 0.041000 0.032667
0 0.749500 0.738333 0.046000 0.031333
0 0.723250 0.693667 0.040500 0.031333
0 0.616750 0.789667 0.053500 0.043333
0 0.819750 0.877333 0.061500 0.053333
0 0.781750 0.943000 0.070500 0.067333
0 0.761250 0.964667 0.074500 0.066667
0 0.739750 0.976000 0.066500 0.042667
0 0.897000 0.770667 0.047000 0.032000
0 0.965750 0.671000 0.019500 0.034000
0 0.941750 0.661667 0.023500 0.032667
0 0.909000 0.653000 0.028000 0.031333
0 0.872250 0.642667 0.026500 0.029333
0 0.852750 0.635667 0.020500 0.028667
0 0.832000 0.628333 0.023000 0.027333
0 0.810500 0.622333 0.023000 0.026000
0 0.739250 0.596667 0.022500 0.024000
0 0.772000 0.609000 0.025000 0.022000
0 0.758000 0.601333 0.021000 0.021333
0 0.392500 0.615667 0.035000 0.028667
0 0.338750 0.594333 0.028500 0.023333
0 0.138500 0.520000 0.027000 0.012000
0 0.180000 0.525667 0.018000 0.015333
0 0.204000 0.530667 0.022000 0.014667
0 0.107750 0.514667 0.020500 0.016000
