0 0.240714 0.694286 0.034286 0.053333
0 0.220357 0.684762 0.037857 0.055238
0 0.195714 0.681429 0.038571 0.052381
2 0.564643 0.623810 0.020714 0.055238
2 0.801429 0.592857 0.034286 0.065714
0 0.818929 0.590000 0.020714 0.039048
0 0.838214 0.593333 0.027857 0.038095
0 0.561071 0.474286 0.012143 0.022857
0 0.585357 0.582857 0.016429 0.032381
0 0.613214 0.632857 0.039286 0.033333
0 0.612857 0.659524 0.042857 0.033333
0 0.696071 0.254762 0.016429 0.012381
0 0.833214 0.513810 0.029286 0.027619
0 0.936429 0.609048 0.035714 0.044762
0 0.989643 0.593333 0.020714 0.036190
0 0.979643 0.604762 0.035000 0.041905
0 0.903214 0.521905 0.037857 0.019048
0 0.545357 0.195714 0.006429 0.008571
2 0.555714 0.138571 0.005714 0.012381
2 0.559286 0.169524 0.005714 0.013333
1 0.560000 0.163810 0.005714 0.013333
