0 0.404643 0.877538 0.035000 0.107868
0 0.557857 0.021574 0.020000 0.043147
0 0.453571 0.043782 0.018571 0.036802
2 0.407500 0.050761 0.025000 0.073604
0 0.970357 0.784264 0.049286 0.106599
2 0.849643 0.513325 0.060714 0.158629
2 0.867143 0.444162 0.048571 0.121827
2 0.920000 0.309010 0.061429 0.072335
0 0.871429 0.312817 0.041429 0.031726
2 0.917857 0.276650 0.067143 0.063452
0 0.789286 0.217640 0.020000 0.052030
2 0.777857 0.147208 0.027143 0.073604
0 0.890714 0.233503 0.024286 0.030457
0 0.755000 0.378173 0.025714 0.060914
0 0.752143 0.443528 0.022857 0.049492
0 0.801071 0.531091 0.023571 0.072335
0 0.880357 0.215102 0.042143 0.031726
