0 0.337000 0.943667 0.138000 0.112667
0 0.929250 0.862000 0.138500 0.118667
0 0.386250 0.502000 0.075500 0.044000
0 0.212000 0.458333 0.067000 0.042000
0 0.109500 0.417333 0.058000 0.037333
0 0.010500 0.221667 0.021000 0.018000
0 0.031250 0.221667 0.028500 0.022000
0 0.052000 0.228000 0.033000 0.020000
0 0.102000 0.224333 0.025000 0.019333
0 0.169000 0.186667 0.026000 0.014667
0 0.207750 0.256333 0.036500 0.018000
0 0.176000 0.275000 0.036000 0.019333
0 0.142250 0.267667 0.034500 0.020667
0 0.121500 0.264333 0.034000 0.018000
0 0.285750 0.292667 0.037500 0.025333
0 0.296000 0.271000 0.034000 0.018000
0 0.261500 0.256667 0.034000 0.021333
0 0.325750 0.255667 0.034500 0.019333
0 0.380500 0.252000 0.034000 0.022667
0 0.394000 0.248667 0.029000 0.017333
0 0.461250 0.217000 0.023500 0.011333
