1 0.007500 0.825714 0.015000 0.026667
2 0.023214 0.814762 0.016429 0.031429
1 0.026071 0.898095 0.019286 0.030476
1 0.041429 0.887619 0.014286 0.032381
2 0.072143 0.880000 0.015714 0.032381
1 0.039643 0.809524 0.015000 0.032381
1 0.053214 0.795714 0.013571 0.025714
1 0.067500 0.791429 0.013571 0.030476
1 0.082857 0.789524 0.015714 0.030476
1 0.092500 0.865238 0.016429 0.031429
1 0.112500 0.858571 0.016429 0.031429
1 0.126071 0.851905 0.016429 0.031429
1 0.597857 0.657619 0.021429 0.029524
1 0.551786 0.570952 0.016429 0.027619
1 0.541071 0.548571 0.016429 0.026667
2 0.529286 0.519524 0.018571 0.021905
1 0.512143 0.510000 0.020000 0.023810
2 0.507500 0.494762 0.020714 0.023810
1 0.495000 0.481429 0.020000 0.025714
1 0.488214 0.471429 0.017857 0.024762
1 0.473571 0.453810 0.017143 0.027619
1 0.462500 0.433333 0.019286 0.024762
1 0.456071 0.420952 0.019286 0.024762
3 0.447500 0.407619 0.019286 0.022857
1 0.441071 0.393333 0.022143 0.022857
1 0.483929 0.309524 0.019286 0.022857
1 0.502143 0.344762 0.020000 0.024762
1 0.516429 0.359524 0.020000 0.020000
1 0.328214 0.352857 0.022143 0.027619
1 0.353571 0.332857 0.024286 0.020000
3 0.304286 0.237143 0.017143 0.024762
7 0.690357 0.655238 0.009286 0.007619
7 0.934643 0.890000 0.009286 0.008571
7 0.882857 0.710000 0.007143 0.012381
1 0.761786 0.304762 0.013571 0.026667
