0 0.160357 0.618571 0.115000 0.252381
1 0.550357 0.495238 0.112143 0.504762
0 0.381071 0.143333 0.049286 0.100000
0 0.312500 0.151429 0.057857 0.102857
0 0.132500 0.294762 0.086429 0.138095
0 0.181786 0.174762 0.067857 0.092381
0 0.220714 0.080000 0.060000 0.087619
0 0.049643 0.282857 0.099286 0.102857
0 0.171429 0.066190 0.062857 0.077143
0 0.044643 0.026190 0.080714 0.050476
0 0.637143 0.033810 0.045714 0.067619
0 0.691071 0.028571 0.042143 0.057143
0 0.646786 0.112381 0.045000 0.080000
0 0.702857 0.114286 0.051429 0.095238
0 0.658214 0.232381 0.059286 0.104762
0 0.672857 0.360000 0.070000 0.139048
0 0.941786 0.849048 0.115000 0.155238
0 0.945000 0.420000 0.110000 0.135238
0 0.855000 0.216190 0.074286 0.104762
0 0.839286 0.110476 0.061429 0.095238
0 0.821429 0.039048 0.045714 0.072381
