1 0.293058 0.120130 0.022443 0.015770
5 0.403706 0.112245 0.008873 0.012987
1 0.339509 0.832096 0.105950 0.122449
3 0.462944 0.806122 0.111691 0.126160
1 0.564196 0.345083 0.021921 0.029685
1 0.558716 0.392393 0.031837 0.037106
5 0.585073 0.374768 0.022965 0.035250
1 0.593946 0.362709 0.020877 0.029685
1 0.618476 0.320965 0.026096 0.025974
1 0.633351 0.304267 0.017223 0.024119
4 0.666232 0.260204 0.018267 0.019481
7 0.719729 0.269944 0.011482 0.009276
7 0.659447 0.246289 0.007829 0.012059
7 0.650052 0.243970 0.003653 0.012987
