3 0.079286 0.821066 0.080000 0.065990
1 0.167500 0.797589 0.039286 0.039340
3 0.058571 0.640228 0.061429 0.054569
1 0.298929 0.669416 0.036429 0.034264
1 0.322857 0.846447 0.047143 0.045685
3 0.688214 0.026650 0.012143 0.040609
1 0.680000 0.088832 0.008571 0.017766
1 0.686429 0.145939 0.010000 0.020305
1 0.670714 0.288706 0.011429 0.019036
3 0.649286 0.298858 0.015714 0.036802
1 0.686071 0.430838 0.012143 0.034264
1 0.676429 0.564721 0.015714 0.045685
6 0.706786 0.524112 0.023571 0.124365
1 0.760000 0.843909 0.041429 0.045685
2 0.841071 0.957487 0.050714 0.049492
1 0.825000 0.859137 0.038571 0.040609
3 0.829286 0.777919 0.058571 0.060914
1 0.901786 0.635787 0.023571 0.050761
1 0.921429 0.625635 0.025714 0.053299
