0 0.279643 0.474762 0.022143 0.048571
0 0.276429 0.417619 0.020000 0.050476
0 0.272500 0.369524 0.017857 0.049524
0 0.290357 0.359048 0.019286 0.043810
0 0.309643 0.282857 0.040714 0.028571
0 0.276786 0.250000 0.020714 0.044762
0 0.182143 0.254286 0.034286 0.032381
0 0.201786 0.196190 0.035000 0.036190
0 0.216786 0.134762 0.019286 0.039048
0 0.255714 0.102381 0.021429 0.048571
0 0.206071 0.074286 0.023571 0.045714
0 0.245357 0.057143 0.019286 0.040000
0 0.357500 0.178571 0.020714 0.048571
0 0.339643 0.081429 0.020714 0.042857
0 0.381071 0.325714 0.019286 0.047619
0 0.399286 0.383810 0.021429 0.049524
0 0.400000 0.443810 0.022857 0.051429
0 0.387500 0.490952 0.023571 0.056190
0 0.412500 0.508571 0.023571 0.053333
0 0.421071 0.576667 0.023571 0.056190
0 0.437143 0.665238 0.024286 0.058095
0 0.448929 0.768095 0.025000 0.071429
0 0.454643 0.865714 0.027857 0.076190
0 0.470000 0.973333 0.024286 0.053333
0 0.319643 0.749524 0.019286 0.057143
0 0.480357 0.698571 0.025000 0.061905
0 0.461786 0.592857 0.023571 0.058095
0 0.446071 0.505238 0.022143 0.048571
0 0.446071 0.429048 0.020714 0.050476
0 0.525357 0.546190 0.042143 0.029524
0 0.526786 0.515714 0.040714 0.033333
0 0.520000 0.490476 0.042857 0.032381
0 0.603571 0.979524 0.028571 0.040952
0 0.618929 0.871905 0.030714 0.067619
0 0.589643 0.728095 0.020714 0.052381
0 0.752143 0.834762 0.037143 0.060000
0 0.966071 0.385714 0.035000 0.038095
0 0.941429 0.207143 0.032857 0.025714
0 0.503929 0.283333 0.020714 0.042857
0 0.495357 0.228095 0.019286 0.044762
0 0.481429 0.173333 0.018571 0.040000
