3 0.853571 0.953333 0.072857 0.093333
7 0.711071 0.870000 0.015000 0.039048
7 0.665357 0.788571 0.013571 0.038095
1 0.708929 0.692857 0.067857 0.040952
1 0.708929 0.644762 0.057857 0.038095
1 0.710714 0.603810 0.057143 0.051429
1 0.725000 0.584286 0.054286 0.052381
1 0.741429 0.534762 0.051429 0.039048
7 0.564643 0.650476 0.013571 0.028571
7 0.560000 0.561905 0.012857 0.024762
7 0.737500 0.480000 0.013571 0.019048
1 0.751786 0.395238 0.042143 0.026667
1 0.556071 0.408095 0.040714 0.031429
7 0.587500 0.425238 0.019286 0.021905
2 0.476786 0.975714 0.035000 0.048571
7 0.397857 0.818571 0.011429 0.035238
5 0.459643 0.780952 0.057857 0.041905
5 0.465357 0.721905 0.049286 0.038095
5 0.447857 0.666190 0.044286 0.048571
5 0.449643 0.609524 0.020714 0.049524
1 0.496429 0.681429 0.032857 0.071429
1 0.410357 0.648571 0.052143 0.059048
5 0.397857 0.610000 0.042857 0.042857
5 0.398214 0.583810 0.045000 0.036190
5 0.386786 0.557143 0.040714 0.028571
7 0.419643 0.546190 0.022143 0.018095
7 0.484643 0.565238 0.015000 0.027619
5 0.384643 0.519048 0.042143 0.036190
7 0.439643 0.507619 0.019286 0.017143
7 0.385000 0.400952 0.010000 0.020952
7 0.422500 0.391429 0.017857 0.015238
1 0.447500 0.408095 0.040714 0.031429
1 0.492857 0.390000 0.040000 0.029524
7 0.379286 0.441905 0.021429 0.019048
7 0.457500 0.446190 0.020714 0.018095
7 0.458571 0.431429 0.020000 0.015238
1 0.535714 0.372857 0.037143 0.027619
1 0.583214 0.348571 0.036429 0.032381
1 0.611786 0.353810 0.033571 0.029524
5 0.616786 0.331429 0.026429 0.022857
2 0.623571 0.321429 0.031429 0.023810
1 0.619286 0.310952 0.034286 0.020000
1 0.616786 0.300000 0.035000 0.017143
2 0.608929 0.286190 0.026429 0.021905
1 0.600714 0.275238 0.031429 0.019048
1 0.626786 0.248571 0.015000 0.024762
1 0.646786 0.260000 0.015000 0.024762
1 0.676429 0.268095 0.015714 0.023810
1 0.693929 0.263333 0.017857 0.023810
1 0.720714 0.269048 0.021429 0.021905
3 0.749286 0.307619 0.040000 0.026667
1 0.773214 0.290952 0.036429 0.021905
1 0.778929 0.283810 0.032143 0.019048
1 0.790000 0.272381 0.025714 0.022857
1 0.821429 0.253333 0.031429 0.017143
1 0.835714 0.243333 0.032857 0.018095
1 0.845357 0.229524 0.023571 0.019048
2 0.809643 0.202381 0.020714 0.021905
7 0.831786 0.185238 0.012143 0.012381
1 0.846429 0.179048 0.020000 0.017143
7 0.801429 0.441905 0.018571 0.015238
