0 0.590357 0.609524 0.045000 0.068571
0 0.628929 0.543810 0.052143 0.060952
0 0.505714 0.580000 0.060000 0.072381
0 0.549286 0.513333 0.047143 0.060952
0 0.593929 0.454286 0.046429 0.049524
0 0.610714 0.495714 0.050000 0.058095
0 0.652857 0.435238 0.037143 0.051429
0 0.631429 0.406190 0.035714 0.048571
0 0.680714 0.391905 0.034286 0.042857
0 0.658929 0.373333 0.036429 0.036190
0 0.704286 0.354286 0.030000 0.038095
0 0.688929 0.330000 0.029286 0.033333
0 0.727857 0.311429 0.030000 0.043810
0 0.713214 0.294286 0.027857 0.032381
0 0.745000 0.285714 0.024286 0.032381
0 0.771786 0.248571 0.025000 0.026667
0 0.788571 0.159524 0.020000 0.021905
