0 0.587161 0.715213 0.020877 0.055659
0 0.562891 0.694805 0.021399 0.051948
0 0.505480 0.595547 0.033925 0.029685
0 0.514614 0.577922 0.033403 0.031540
2 0.641441 0.499072 0.020877 0.044527
2 0.678236 0.556122 0.048539 0.038033
2 0.673800 0.479592 0.032359 0.057514
2 0.714509 0.444805 0.035491 0.067718
0 0.686587 0.397495 0.015136 0.021336
0 0.670407 0.384045 0.014092 0.018553
0 0.131263 0.391929 0.026618 0.023191
0 0.118998 0.390074 0.020877 0.021336
0 0.152401 0.369202 0.022965 0.022263
2 0.213466 0.327458 0.026096 0.037106
0 0.267223 0.275046 0.014614 0.015770
0 0.927192 0.746289 0.029749 0.043599
0 0.980428 0.761132 0.038100 0.041744
