0 0.478079 0.855751 0.064718 0.054731
2 0.389614 0.791280 0.132046 0.118738
2 0.774530 0.734694 0.240084 0.122449
2 0.903184 0.510204 0.081942 0.053803
2 0.681367 0.538033 0.098643 0.066790
2 0.552453 0.555195 0.105950 0.071429
2 0.603862 0.465213 0.029228 0.080705
2 0.558716 0.457328 0.045407 0.092764
2 0.503132 0.469388 0.063674 0.092764
2 0.444937 0.482375 0.023486 0.053803
2 0.417015 0.469852 0.053236 0.093692
2 0.385699 0.475417 0.040710 0.101113
2 0.306889 0.521336 0.074113 0.059369
2 0.428236 0.542208 0.053758 0.038033
2 0.214770 0.442486 0.094468 0.085343
2 0.195981 0.521336 0.038100 0.059369
2 0.321242 0.243506 0.030793 0.039889
0 0.372129 0.234694 0.018789 0.020408
0 0.383351 0.213358 0.017223 0.014842
0 0.421451 0.176716 0.014092 0.015770
2 0.410491 0.180427 0.023486 0.025046
2 0.436848 0.185993 0.028184 0.028757
2 0.577244 0.081633 0.024008 0.025974
0 0.656837 0.153989 0.009916 0.014842
0 0.667015 0.149351 0.013570 0.012987
0 0.676409 0.159555 0.017745 0.012987
2 0.695981 0.148887 0.015136 0.013915
2 0.705115 0.099258 0.010438 0.024119
2 0.794363 0.467996 0.061587 0.047310
2 0.861169 0.461039 0.058455 0.038961
