0 0.264643 0.594762 0.039286 0.037143
0 0.195000 0.390952 0.024286 0.039048
0 0.349643 0.461905 0.025000 0.038095
0 0.181786 0.125238 0.020714 0.031429
1 0.191071 0.039048 0.055000 0.078095
0 0.215714 0.028571 0.020000 0.032381
0 0.462500 0.111429 0.025000 0.034286
0 0.502857 0.209524 0.027143 0.028571
0 0.611429 0.640000 0.034286 0.030476
0 0.600000 0.569524 0.018571 0.043810
0 0.618214 0.554762 0.017857 0.044762
0 0.649643 0.522857 0.017857 0.041905
0 0.667143 0.520952 0.015714 0.038095
0 0.682857 0.500952 0.020000 0.041905
0 0.696071 0.486190 0.020714 0.040952
0 0.717143 0.500000 0.017143 0.040000
0 0.631071 0.490000 0.035000 0.021905
0 0.723571 0.462857 0.025714 0.043810
0 0.727500 0.439524 0.025000 0.037143
0 0.751429 0.447619 0.025714 0.040000
0 0.765357 0.425714 0.020714 0.043810
0 0.782143 0.410952 0.025714 0.040952
0 0.823214 0.374762 0.029286 0.039048
0 0.797857 0.404762 0.025714 0.040000
2 0.852143 0.349524 0.034286 0.043810
2 0.765000 0.504286 0.037143 0.042857
0 0.836429 0.361429 0.028571 0.040952
0 0.572500 0.571905 0.016429 0.042857
0 0.548929 0.579048 0.016429 0.038095
0 0.502143 0.715714 0.022857 0.042857
0 0.718214 0.922381 0.033571 0.040952
0 0.733571 0.943810 0.034286 0.045714
0 0.635000 0.771429 0.035714 0.038095
0 0.614643 0.756667 0.030714 0.042857
2 0.552500 0.750476 0.033571 0.059048
2 0.596071 0.520000 0.043571 0.041905
0 0.361429 0.284762 0.025714 0.032381
0 0.411071 0.386190 0.023571 0.037143
0 0.432143 0.424762 0.021429 0.036190
0 0.451786 0.473333 0.032143 0.019048
0 0.472500 0.518571 0.030714 0.037143
0 0.509286 0.554762 0.034286 0.025714
0 0.510000 0.594762 0.025714 0.042857
0 0.485357 0.595714 0.026429 0.042857
0 0.595357 0.719048 0.030714 0.040000
0 0.635714 0.810476 0.032857 0.040000
0 0.657857 0.873333 0.034286 0.040000
0 0.661786 0.832381 0.036429 0.043810
0 0.952143 0.773333 0.031429 0.045714
0 0.906429 0.821905 0.031429 0.040000
0 0.938214 0.603333 0.030714 0.035238
0 0.990714 0.683810 0.018571 0.038095
