0 0.286795 0.973098 0.061065 0.051948
2 0.021921 0.738868 0.043841 0.075139
0 0.337944 0.420686 0.026618 0.023191
0 0.350992 0.319109 0.026618 0.020408
0 0.390397 0.286178 0.019833 0.021336
0 0.530010 0.292208 0.013048 0.018553
0 0.556367 0.272727 0.012526 0.016698
0 0.606472 0.234694 0.012526 0.014842
0 0.637004 0.209647 0.012004 0.012987
0 0.645877 0.202226 0.009916 0.014842
0 0.568894 0.500000 0.017745 0.024119
0 0.421973 0.280612 0.012004 0.015770
0 0.375783 0.282931 0.010438 0.018553
0 0.348904 0.296382 0.017223 0.015770
0 0.326461 0.283395 0.018267 0.015770
0 0.094990 0.211967 0.015658 0.015770
