1 0.042143 0.656190 0.055714 0.087619
1 0.091786 0.590952 0.049286 0.092381
1 0.846429 0.865714 0.078571 0.140952
1 0.922143 0.890476 0.078571 0.137143
1 0.873929 0.393333 0.055000 0.064762
1 0.695357 0.132381 0.026429 0.036190
1 0.774286 0.216667 0.037143 0.044762
1 0.527143 0.520952 0.044286 0.089524
1 0.521429 0.422857 0.032857 0.076190
0 0.760357 0.324762 0.012143 0.026667
2 0.968929 0.589524 0.062143 0.097143
7 0.049643 0.768571 0.042143 0.038095
1 0.016786 0.484286 0.033571 0.046667
1 0.021429 0.441905 0.042857 0.038095
1 0.026786 0.403810 0.053571 0.036190
1 0.031429 0.368095 0.062857 0.037143
2 0.115000 0.460000 0.057143 0.087619
1 0.167857 0.386190 0.055714 0.060000
1 0.163214 0.325238 0.032143 0.048571
1 0.233929 0.325238 0.045000 0.039048
1 0.296071 0.282381 0.032143 0.060000
1 0.222857 0.303333 0.055714 0.052381
1 0.216071 0.277143 0.062143 0.041905
1 0.222857 0.241429 0.048571 0.037143
1 0.223571 0.220000 0.042857 0.032381
1 0.234286 0.128095 0.045714 0.020000
1 0.344286 0.239048 0.061429 0.026667
1 0.397143 0.154286 0.050000 0.020952
2 0.406786 0.257619 0.057857 0.048571
2 0.409286 0.224762 0.048571 0.030476
1 0.403571 0.205714 0.052857 0.032381
1 0.395714 0.177619 0.050000 0.039048
1 0.453929 0.145238 0.029286 0.044762
1 0.469286 0.061905 0.021429 0.041905
1 0.066071 0.311905 0.047857 0.042857
1 0.085000 0.282381 0.041429 0.039048
2 0.106429 0.254286 0.041429 0.045714
2 0.130357 0.235714 0.032143 0.042857
1 0.162143 0.154286 0.044286 0.041905
1 0.256786 0.182857 0.025000 0.034286
1 0.233214 0.150000 0.053571 0.031429
1 0.342857 0.213810 0.048571 0.033333
1 0.343571 0.193333 0.051429 0.028571
1 0.345000 0.168571 0.051429 0.032381
1 0.336429 0.146667 0.042857 0.028571
1 0.340000 0.129524 0.048571 0.026667
1 0.339286 0.112857 0.038571 0.025714
1 0.147143 0.050476 0.044286 0.022857
1 0.140357 0.069524 0.045000 0.024762
1 0.235357 0.111429 0.047857 0.022857
1 0.241429 0.096667 0.041429 0.016190
1 0.237143 0.088095 0.047143 0.031429
1 0.146071 0.083333 0.045000 0.031429
1 0.145000 0.101429 0.047143 0.029524
1 0.142857 0.120476 0.047143 0.031429
1 0.140000 0.145714 0.051429 0.032381
2 0.336786 0.259524 0.055000 0.044762
1 0.393214 0.139524 0.046429 0.025714
1 0.395357 0.120952 0.049286 0.030476
1 0.239286 0.051429 0.030000 0.032381
2 0.236071 0.027143 0.022143 0.025714
2 0.241071 0.007143 0.016429 0.014286
3 0.669286 0.041905 0.037143 0.055238
2 0.790357 0.059048 0.025000 0.034286
2 0.838214 0.101429 0.056429 0.031429
1 0.800714 0.088571 0.048571 0.034286
1 0.771429 0.063333 0.027143 0.035238
1 0.726786 0.090952 0.040714 0.039048
2 0.721786 0.073810 0.037857 0.035238
2 0.751071 0.064286 0.026429 0.042857
2 0.835357 0.050000 0.030714 0.040952
1 0.757143 0.037619 0.025714 0.033333
1 0.702857 0.062381 0.035714 0.033333
0 0.446786 0.064762 0.009286 0.015238
