0 0.422500 0.085714 0.005000 0.007619
0 0.434286 0.121905 0.002857 0.005714
0 0.434286 0.130000 0.004286 0.004762
0 0.430000 0.110952 0.002857 0.004762
0 0.446429 0.155238 0.004286 0.005714
0 0.443214 0.166190 0.005000 0.004762
0 0.445714 0.179048 0.004286 0.003810
0 0.443929 0.172381 0.003571 0.005714
0 0.452857 0.174762 0.004286 0.004762
0 0.462143 0.244762 0.007143 0.011429
0 0.458214 0.214286 0.005000 0.007619
0 0.487857 0.427619 0.010000 0.020952
0 0.507857 0.482857 0.014286 0.030476
0 0.430357 0.448095 0.012143 0.025714
0 0.527143 0.569524 0.017143 0.040000
0 0.524643 0.649524 0.017857 0.057143
0 0.635357 0.885238 0.035000 0.065714
