0 0.292500 0.213333 0.035000 0.081905
0 0.205714 0.091905 0.032857 0.067619
0 0.153571 0.301429 0.052857 0.088571
0 0.123929 0.394286 0.066429 0.108571
0 0.107143 0.737619 0.087143 0.162857
0 0.044643 0.666667 0.079286 0.156190
0 0.013929 0.879524 0.027857 0.136190
0 0.408929 0.137143 0.027857 0.070476
0 0.517857 0.018095 0.064286 0.032381
0 0.527143 0.042381 0.065714 0.035238
0 0.571071 0.068095 0.052143 0.037143
0 0.612500 0.131429 0.065000 0.043810
0 0.668214 0.279524 0.082143 0.046667
0 0.697857 0.337143 0.087143 0.066667
0 0.585000 0.380000 0.042857 0.081905
0 0.536786 0.390000 0.047857 0.092381
0 0.371429 0.363810 0.042857 0.114286
0 0.535357 0.961905 0.060714 0.072381
0 0.638214 0.970476 0.069286 0.057143
0 0.807500 0.580952 0.116429 0.076190
0 0.839643 0.656190 0.116429 0.072381
0 0.795714 0.879048 0.097143 0.207619
