0 0.868571 0.697143 0.110000 0.049524
0 0.855357 0.672857 0.089286 0.031429
0 0.829643 0.656190 0.075000 0.032381
0 0.765000 0.634286 0.067143 0.036190
0 0.566429 0.593333 0.021429 0.026667
0 0.340357 0.584286 0.036429 0.025714
1 0.417500 0.551429 0.047857 0.032381
0 0.490714 0.544286 0.015714 0.014286
0 0.597143 0.535238 0.010000 0.009524
0 0.160357 0.615714 0.062143 0.039048
0 0.283571 0.545714 0.027143 0.011429
0 0.298571 0.545714 0.021429 0.013333
0 0.143571 0.755238 0.120000 0.068571
0 0.616429 0.535238 0.010000 0.011429
