1 0.938250 0.487000 0.042500 0.039333
1 0.982750 0.607000 0.034500 0.047333
1 0.827750 0.904000 0.136500 0.102667
1 0.729250 0.649667 0.090500 0.052667
2 0.624500 0.625333 0.081000 0.084000
2 0.665750 0.806333 0.102500 0.079333
1 0.607250 0.954000 0.141500 0.092000
1 0.430500 0.881333 0.092000 0.136000
0 0.696000 0.544000 0.019000 0.032000
0 0.674750 0.514000 0.013500 0.028000
0 0.622500 0.461333 0.020000 0.017333
7 0.638500 0.461333 0.009000 0.014667
7 0.636250 0.472333 0.017500 0.012667
4 0.636750 0.480667 0.029500 0.017333
4 0.635000 0.518667 0.026000 0.042667
7 0.590500 0.471000 0.022000 0.022000
1 0.566250 0.455667 0.059500 0.034000
5 0.562750 0.436000 0.030500 0.022667
1 0.591500 0.332333 0.033000 0.023333
1 0.524750 0.338000 0.045500 0.024000
2 0.527750 0.369667 0.039500 0.036667
7 0.548750 0.393000 0.016500 0.016667
4 0.554250 0.370333 0.010500 0.011333
7 0.562500 0.386333 0.006000 0.016667
0 0.558750 0.377000 0.009500 0.014000
0 0.534500 0.311667 0.005000 0.014000
0 0.529500 0.304000 0.005000 0.010667
7 0.497250 0.294000 0.005500 0.014667
1 0.466750 0.299667 0.017500 0.023333
2 0.456000 0.356000 0.017000 0.033333
5 0.459250 0.389000 0.013500 0.038000
4 0.472000 0.414667 0.016000 0.032000
1 0.487250 0.525667 0.033500 0.064667
1 0.189250 0.899000 0.069500 0.155333
1 0.232000 0.712000 0.057000 0.106667
7 0.355000 0.627000 0.017000 0.035333
7 0.312750 0.571333 0.010500 0.028000
1 0.268500 0.571333 0.045000 0.072000
2 0.268000 0.245000 0.026000 0.015333
1 0.271000 0.238667 0.027000 0.012000
1 0.308750 0.234000 0.024500 0.012000
1 0.440000 0.217667 0.018000 0.010000
1 0.388500 0.225000 0.023000 0.014000
0 0.357250 0.227667 0.004500 0.010000
7 0.379000 0.235333 0.008000 0.009333
2 0.285750 0.386000 0.041500 0.045333
4 0.305750 0.365667 0.009500 0.018000
0 0.343250 0.418000 0.009500 0.020000
7 0.340250 0.403000 0.006500 0.012667
4 0.336500 0.385333 0.012000 0.022667
0 0.378250 0.442667 0.006500 0.018667
2 0.416500 0.424000 0.050000 0.034667
3 0.429250 0.393667 0.032500 0.052667
0 0.371000 0.392000 0.009000 0.018667
7 0.325250 0.360667 0.008500 0.017333
7 0.345250 0.329333 0.006500 0.012000
7 0.362500 0.321333 0.006000 0.013333
0 0.360250 0.284667 0.003500 0.012000
2 0.350500 0.263333 0.012000 0.022667
7 0.363500 0.273000 0.004000 0.008667
7 0.385250 0.302333 0.004500 0.008667
2 0.423750 0.299667 0.016500 0.030000
0 0.424000 0.276000 0.007000 0.010667
7 0.380750 0.299000 0.004500 0.010000
7 0.377250 0.291667 0.003500 0.008667
7 0.373000 0.277333 0.004000 0.008000
