6 0.495357 0.143401 0.030714 0.022843
6 0.547143 0.144036 0.030000 0.021574
6 0.601786 0.138959 0.042143 0.024112
6 0.651429 0.143401 0.031429 0.020305
6 0.700714 0.139594 0.044286 0.030457
2 0.747857 0.183376 0.011429 0.024112
1 0.735000 0.186548 0.008571 0.015228
1 0.723571 0.246827 0.011429 0.021574
1 0.642143 0.189086 0.012857 0.010152
2 0.600714 0.189086 0.014286 0.012690
7 0.571429 0.214467 0.007143 0.010152
7 0.548929 0.227792 0.003571 0.011421
3 0.412500 0.416878 0.029286 0.059645
3 0.429286 0.381345 0.027143 0.044416
2 0.435714 0.366751 0.022857 0.027919
2 0.461071 0.315355 0.016429 0.021574
2 0.476429 0.300127 0.018571 0.024112
2 0.497500 0.289340 0.013571 0.017766
1 0.512143 0.281091 0.014286 0.016497
1 0.455714 0.331218 0.024286 0.017766
