1 0.216071 0.468095 0.022143 0.020000
2 0.413214 0.261429 0.015000 0.014286
1 0.474286 0.338571 0.010000 0.016190
2 0.485714 0.426667 0.027143 0.020952
3 0.518571 0.457619 0.030000 0.020000
1 0.545714 0.385238 0.018571 0.012381
1 0.554643 0.365238 0.019286 0.018095
1 0.484643 0.321429 0.010714 0.012381
1 0.494643 0.310476 0.010714 0.017143
1 0.501071 0.298571 0.009286 0.014286
3 0.626071 0.527143 0.033571 0.031429
3 0.694643 0.585714 0.023571 0.034286
3 0.681429 0.468571 0.014286 0.032381
3 0.692857 0.495714 0.027143 0.027619
3 0.717500 0.509524 0.026429 0.030476
3 0.738571 0.518571 0.021429 0.035238
3 0.752143 0.530000 0.025714 0.033333
3 0.786429 0.545238 0.024286 0.037143
3 0.712143 0.589524 0.041429 0.057143
3 0.722500 0.625714 0.030714 0.036190
7 0.180357 0.490476 0.009286 0.013333
7 0.541786 0.194286 0.006429 0.009524
7 0.534643 0.241429 0.005000 0.010476
1 0.557857 0.074762 0.007143 0.008571
7 0.386071 0.479048 0.006429 0.009524
