1 0.303750 0.958333 0.130500 0.079333
2 0.400750 0.643000 0.028500 0.051333
2 0.755250 0.856667 0.062500 0.106667
1 0.627750 0.728000 0.040500 0.064000
1 0.603500 0.671333 0.032000 0.046667
1 0.582500 0.622000 0.023000 0.034667
1 0.574000 0.583333 0.023000 0.032000
1 0.376250 0.573333 0.054500 0.026667
1 0.379750 0.551000 0.042500 0.023333
1 0.384000 0.537333 0.041000 0.021333
1 0.389250 0.511667 0.032500 0.019333
1 0.475250 0.407667 0.008500 0.019333
1 0.511250 0.408000 0.007500 0.009333
1 0.519500 0.426000 0.007000 0.006667
1 0.532250 0.464333 0.010500 0.016667
1 0.543250 0.497667 0.015500 0.016667
1 0.425250 0.447667 0.010500 0.011333
1 0.412250 0.442333 0.007500 0.011333
2 0.725000 0.556000 0.027000 0.033333
2 0.673750 0.574000 0.036500 0.033333
3 0.716500 0.609333 0.051000 0.065333
7 0.535500 0.558000 0.004000 0.009333
7 0.702250 0.903333 0.016500 0.038667
7 0.279000 0.811667 0.024000 0.027333
0 0.305000 0.863000 0.028000 0.030000
