2 0.957250 0.896667 0.085500 0.064000
1 0.719500 0.863667 0.069000 0.055333
1 0.562750 0.863667 0.076500 0.044667
1 0.475000 0.859333 0.078000 0.036000
1 0.358000 0.856000 0.058000 0.028000
1 0.276000 0.858333 0.070000 0.035333
2 0.086500 0.858333 0.088000 0.042000
1 0.013250 0.851333 0.026500 0.033333
1 0.576000 0.501667 0.091000 0.043333
1 0.595000 0.340667 0.058000 0.034667
1 0.495500 0.338667 0.057000 0.032000
1 0.377750 0.371000 0.039500 0.030000
1 0.014500 0.353333 0.029000 0.028000
1 0.082500 0.344667 0.053000 0.032000
1 0.234250 0.339000 0.057500 0.034000
2 0.316250 0.329000 0.061500 0.038000
7 0.551250 0.337000 0.011500 0.027333
7 0.449250 0.338667 0.017500 0.016000
7 0.455000 0.326667 0.016000 0.013333
7 0.370250 0.328667 0.013500 0.020000
0 0.383000 0.331667 0.008000 0.026000
0 0.389500 0.334333 0.009000 0.027333
0 0.402500 0.334000 0.011000 0.024000
0 0.409750 0.332000 0.005500 0.025333
7 0.417750 0.332333 0.009500 0.023333
7 0.365750 0.818333 0.031500 0.015333
