7 0.380357 0.538571 0.006429 0.008571
2 0.167500 0.921905 0.042143 0.085714
1 0.444286 0.266667 0.005714 0.007619
3 0.469286 0.194762 0.004286 0.010476
1 0.528929 0.508095 0.025000 0.021905
1 0.529286 0.492857 0.024286 0.018095
1 0.523929 0.477619 0.025000 0.018095
1 0.633571 0.495238 0.017143 0.028571
1 0.615000 0.494286 0.020000 0.028571
1 0.600000 0.492857 0.012857 0.033333
7 0.682143 0.500476 0.007143 0.016190
7 0.446429 0.873333 0.002857 0.026667
1 0.548214 0.683810 0.017857 0.047619
1 0.691071 0.666667 0.040714 0.024762
1 0.755357 0.669048 0.045000 0.025714
