0 0.943571 0.061429 0.058571 0.046667
0 0.943214 0.021905 0.046429 0.036190
0 0.950000 0.164762 0.035714 0.072381
2 0.971786 0.309524 0.053571 0.100952
0 0.582857 0.936667 0.031429 0.077143
0 0.568929 0.845714 0.027857 0.078095
0 0.526786 0.839048 0.027857 0.074286
0 0.460000 0.863810 0.028571 0.074286
0 0.445714 0.772381 0.027143 0.070476
0 0.538571 0.626667 0.020000 0.060952
0 0.511071 0.491905 0.022143 0.077143
0 0.542143 0.415238 0.022857 0.070476
0 0.520357 0.348095 0.029286 0.071429
0 0.381071 0.421429 0.055000 0.035238
0 0.368929 0.371429 0.053571 0.036190
0 0.431071 0.327619 0.023571 0.074286
0 0.376429 0.319048 0.057143 0.041905
0 0.378929 0.282857 0.056429 0.030476
0 0.412143 0.219048 0.022857 0.070476
2 0.546429 0.278571 0.021429 0.071429
0 0.550714 0.159048 0.024286 0.068571
0 0.563571 0.072857 0.032857 0.079048
