0 0.317857 0.664340 0.051429 0.044416
0 0.466429 0.782995 0.024286 0.076142
0 0.432500 0.601523 0.040714 0.040609
0 0.447857 0.553934 0.042857 0.039340
0 0.366429 0.503173 0.040000 0.039340
0 0.308571 0.481599 0.040000 0.039340
0 0.188214 0.560914 0.042143 0.040609
0 0.123929 0.539340 0.043571 0.045685
0 0.157500 0.717640 0.050714 0.044416
0 0.541071 0.443528 0.037857 0.031726
0 0.510714 0.392766 0.038571 0.036802
0 0.571429 0.406726 0.041429 0.036802
0 0.600714 0.371193 0.035714 0.039340
0 0.665357 0.351523 0.037857 0.032995
0 0.761429 0.379442 0.037143 0.032995
0 0.795000 0.341371 0.040000 0.035533
0 0.856786 0.295051 0.035000 0.034264
0 0.895357 0.334391 0.039286 0.029188
0 0.967143 0.312183 0.035714 0.030457
0 0.738214 0.413071 0.037857 0.034264
0 0.786071 0.399112 0.037857 0.034264
0 0.686071 0.428934 0.039286 0.038071
0 0.636429 0.446701 0.041429 0.035533
0 0.586071 0.464467 0.040714 0.038071
0 0.635714 0.418147 0.037143 0.034264
0 0.742143 0.328046 0.034286 0.039340
0 0.265000 0.253807 0.015714 0.035533
0 0.213214 0.072335 0.032143 0.017766
0 0.137143 0.158629 0.030000 0.022843
0 0.135357 0.137690 0.032143 0.024112
0 0.133929 0.125635 0.029286 0.025381
0 0.136429 0.114213 0.027143 0.022843
0 0.144286 0.096447 0.028571 0.025381
0 0.151429 0.081853 0.028571 0.024112
0 0.212143 0.090102 0.028571 0.020305
0 0.225000 0.059645 0.025714 0.020305
0 0.221429 0.051396 0.022857 0.019036
0 0.219286 0.038071 0.024286 0.020305
0 0.217857 0.024746 0.028571 0.019036
0 0.218214 0.011421 0.025000 0.017766
0 0.154286 0.016497 0.025714 0.017766
0 0.298571 0.239213 0.015714 0.036802
0 0.296429 0.323604 0.015714 0.040609
0 0.266786 0.193528 0.013571 0.036802
0 0.290000 0.286802 0.015714 0.040609
1 0.268214 0.300761 0.022143 0.081218
0 0.166429 0.110406 0.012857 0.025381
0 0.207857 0.135152 0.027143 0.024112
0 0.008571 0.245558 0.017143 0.036802
0 0.025357 0.242386 0.016429 0.030457
0 0.047857 0.230964 0.014286 0.038071
0 0.089286 0.232234 0.012857 0.030457
2 0.213214 0.312183 0.025000 0.098985
2 0.159643 0.388959 0.053571 0.059645
0 0.357857 0.358503 0.027143 0.036802
0 0.425357 0.312817 0.030714 0.039340
2 0.380000 0.149746 0.038571 0.038071
0 0.801786 0.309010 0.035000 0.036802
0 0.946429 0.293147 0.035714 0.030457
0 0.987500 0.279822 0.025000 0.031726
1 0.976786 0.446701 0.046429 0.071066
0 0.978571 0.505076 0.041429 0.032995
0 0.552143 0.603426 0.040000 0.046954
0 0.063571 0.745558 0.057143 0.046954
0 0.433571 0.976523 0.027143 0.044416
2 0.053571 0.531091 0.065714 0.046954
