1 0.645500 0.818333 0.140000 0.124667
1 0.777750 0.914333 0.123500 0.171333
2 0.702250 0.704333 0.143500 0.136667
1 0.738000 0.625333 0.138000 0.100000
1 0.779250 0.546333 0.139500 0.094000
3 0.821000 0.466333 0.130000 0.087333
1 0.861000 0.390333 0.116000 0.076667
1 0.383500 0.399333 0.124000 0.073333
2 0.424500 0.326333 0.124000 0.083333
1 0.455000 0.275333 0.086000 0.061333
3 0.552750 0.193333 0.140500 0.157333
1 0.575750 0.154667 0.084500 0.054667
1 0.696250 0.059667 0.071500 0.064667
1 0.589500 0.957667 0.172000 0.080667
3 0.886500 0.267000 0.184000 0.142000
2 0.875500 0.218333 0.130000 0.076667
1 0.946000 0.204667 0.105000 0.060000
2 0.963000 0.148000 0.074000 0.065333
