1 0.613571 0.955714 0.095714 0.088571
1 0.606071 0.786667 0.052143 0.110476
1 0.607143 0.664762 0.041429 0.078095
1 0.599286 0.586190 0.034286 0.052381
1 0.601786 0.526190 0.025000 0.042857
1 0.717857 0.626190 0.050000 0.073333
1 0.183571 0.494286 0.052857 0.043810
1 0.322857 0.482857 0.044286 0.043810
1 0.271786 0.460000 0.046429 0.036190
1 0.234286 0.453810 0.034286 0.031429
1 0.438214 0.360000 0.020714 0.020952
1 0.605000 0.490952 0.027143 0.037143
1 0.609643 0.459048 0.030714 0.028571
1 0.915000 0.672381 0.080000 0.080000
1 0.862500 0.599048 0.089286 0.053333
1 0.831786 0.557143 0.092143 0.047619
1 0.800714 0.522857 0.077143 0.043810
1 0.968214 0.480000 0.057857 0.028571
1 0.974286 0.495238 0.050000 0.030476
1 0.962857 0.767619 0.074286 0.072381
1 0.975357 0.842381 0.049286 0.086667
1 0.578214 0.421905 0.022143 0.026667
1 0.609643 0.421905 0.019286 0.026667
1 0.583214 0.400000 0.020714 0.020952
1 0.573571 0.376190 0.012857 0.026667
1 0.606786 0.397619 0.017857 0.021905
1 0.605000 0.380952 0.015714 0.019048
1 0.910000 0.452381 0.064286 0.036190
1 0.707143 0.426190 0.054286 0.031429
1 0.560000 0.292381 0.008571 0.011429
1 0.579286 0.279048 0.007143 0.013333
1 0.567143 0.275238 0.005714 0.009524
1 0.538214 0.234762 0.010714 0.016190
1 0.551429 0.228571 0.010000 0.011429
1 0.690000 0.365714 0.040000 0.032381
1 0.689286 0.380000 0.038571 0.020952
1 0.687500 0.524286 0.036429 0.048571
1 0.684643 0.490000 0.029286 0.033333
1 0.773929 0.386190 0.029286 0.031429
1 0.775714 0.351429 0.028571 0.022857
1 0.755357 0.346190 0.030714 0.014286
1 0.753571 0.335714 0.037143 0.020000
1 0.664286 0.344286 0.032857 0.020000
1 0.685000 0.330476 0.025714 0.013333
1 0.729286 0.326190 0.030000 0.016190
1 0.710357 0.309524 0.022143 0.013333
2 0.780714 0.910476 0.098571 0.171429
2 0.248214 0.417619 0.020714 0.033333
3 0.276429 0.414762 0.050000 0.056190
1 0.418214 0.407619 0.029286 0.028571
6 0.403214 0.358095 0.037857 0.045714
1 0.442857 0.329048 0.017143 0.018095
1 0.217143 0.398095 0.042857 0.022857
1 0.298929 0.373333 0.026429 0.022857
1 0.477143 0.283810 0.008571 0.007619
6 0.486071 0.273333 0.022143 0.024762
1 0.288571 0.301905 0.022857 0.011429
1 0.506429 0.277619 0.011429 0.012381
1 0.518214 0.298571 0.012143 0.012381
1 0.572143 0.262381 0.007143 0.008571
1 0.581786 0.258571 0.006429 0.008571
1 0.903929 0.442857 0.062143 0.036190
1 0.866429 0.410952 0.047143 0.023810
2 0.652857 0.416667 0.021429 0.033333
2 0.603571 0.363810 0.015714 0.020952
2 0.587143 0.341905 0.011429 0.019048
1 0.583929 0.353810 0.013571 0.016190
1 0.603929 0.346190 0.012143 0.012381
1 0.601071 0.334762 0.012143 0.014286
