0 0.536795 0.244434 0.012004 0.017625
0 0.521921 0.192022 0.008351 0.016698
0 0.507829 0.172078 0.010438 0.015770
0 0.493215 0.166976 0.008351 0.014842
0 0.486430 0.151670 0.018789 0.013915
0 0.566806 0.128015 0.014614 0.014842
0 0.709290 0.518089 0.039666 0.038033
0 0.689196 0.753711 0.057933 0.049165
2 0.883873 0.409555 0.037056 0.032468
2 0.747651 0.291744 0.032881 0.045455
0 0.742693 0.215677 0.018789 0.023191
2 0.578549 0.042208 0.010960 0.017625
0 0.598382 0.041744 0.005741 0.009276
2 0.570981 0.020872 0.007307 0.013915
