0 0.025500 0.857667 0.051000 0.060667
0 0.059500 0.652000 0.038000 0.052000
0 0.106750 0.640000 0.035500 0.056000
0 0.134000 0.677000 0.080000 0.055333
0 0.110250 0.711333 0.089500 0.061333
0 0.160250 0.721667 0.090500 0.059333
0 0.212000 0.667333 0.079000 0.053333
0 0.287750 0.732333 0.084500 0.059333
0 0.374500 0.604667 0.057000 0.041333
0 0.441500 0.575667 0.056000 0.039333
0 0.476250 0.586000 0.056500 0.037333
0 0.521750 0.511000 0.046500 0.030000
0 0.564750 0.495333 0.039500 0.028000
0 0.598750 0.446667 0.021500 0.022667
0 0.650500 0.510000 0.042000 0.029333
0 0.643000 0.469667 0.038000 0.027333
0 0.652750 0.484333 0.034500 0.024667
0 0.671000 0.454667 0.032000 0.024000
0 0.705750 0.526000 0.044500 0.034667
0 0.766750 0.452000 0.030500 0.024000
0 0.786500 0.522667 0.055000 0.029333
0 0.796250 0.510333 0.051500 0.030000
0 0.834750 0.494333 0.047500 0.030000
0 0.877500 0.467000 0.047000 0.027333
0 0.902000 0.455667 0.044000 0.024667
0 0.821750 0.432667 0.031500 0.020000
0 0.820750 0.403667 0.027500 0.018000
0 0.859250 0.423667 0.030500 0.020667
0 0.903000 0.375667 0.021000 0.015333
0 0.940250 0.358333 0.017500 0.014000
2 0.783250 0.395667 0.042500 0.034000
0 0.812250 0.393000 0.030500 0.018000
0 0.509000 0.657333 0.057000 0.053333
0 0.594250 0.584333 0.053500 0.036667
0 0.236000 0.362333 0.026000 0.012667
0 0.351250 0.347000 0.019500 0.010000
0 0.683750 0.308667 0.011500 0.010667
