7 0.436071 0.534762 0.055000 0.058095
2 0.053214 0.436667 0.106429 0.115238
0 0.953214 0.452381 0.045000 0.036190
7 0.946429 0.427143 0.041429 0.035238
0 0.962857 0.412857 0.037143 0.035238
0 0.945000 0.368095 0.035714 0.027619
0 0.943929 0.360476 0.045000 0.025714
7 0.884643 0.289048 0.016429 0.025714
0 0.905000 0.293810 0.018571 0.035238
0 0.919643 0.297619 0.012143 0.031429
0 0.935000 0.299524 0.015714 0.027619
0 0.943214 0.300476 0.012143 0.033333
0 0.952143 0.300952 0.012857 0.032381
0 0.867143 0.287619 0.010000 0.034286
0 0.858571 0.288095 0.012857 0.033333
0 0.981071 0.494286 0.019286 0.053333
