0 0.864750 0.406000 0.045500 0.022667
2 0.482500 0.622000 0.025000 0.048000
0 0.531000 0.745667 0.032000 0.059333
0 0.562750 0.917000 0.037500 0.055333
0 0.426250 0.899000 0.031500 0.060667
0 0.376250 0.721333 0.022500 0.053333
2 0.422500 0.712000 0.026000 0.065333
2 0.436250 0.208000 0.011500 0.032000
0 0.434750 0.245667 0.010500 0.028667
0 0.418500 0.643000 0.026000 0.051333
0 0.368500 0.595000 0.022000 0.047333
0 0.398000 0.590667 0.025000 0.044000
0 0.389750 0.548333 0.029500 0.020667
0 0.385000 0.520000 0.030000 0.033333
0 0.014250 0.071333 0.021500 0.010667
0 0.098000 0.082333 0.021000 0.019333
0 0.167500 0.089667 0.022000 0.016667
0 0.229500 0.094333 0.023000 0.012667
0 0.191750 0.077667 0.010500 0.018000
0 0.174500 0.158000 0.028000 0.024000
0 0.253750 0.135667 0.013500 0.018000
0 0.274250 0.192000 0.012500 0.028000
0 0.268750 0.254667 0.014500 0.028000
0 0.278250 0.284667 0.016500 0.032000
0 0.289250 0.325333 0.017500 0.033333
0 0.298500 0.358000 0.020000 0.034667
0 0.313750 0.338000 0.016500 0.033333
0 0.306250 0.302667 0.010500 0.024000
0 0.299000 0.266667 0.021000 0.029333
0 0.289250 0.245667 0.015500 0.023333
0 0.301750 0.420667 0.015500 0.040000
0 0.314750 0.394000 0.016500 0.032000
0 0.325500 0.428333 0.024000 0.039333
0 0.353250 0.439333 0.020500 0.038667
0 0.310000 0.459333 0.020000 0.040000
0 0.324500 0.499333 0.022000 0.036000
0 0.347000 0.488667 0.021000 0.045333
0 0.339250 0.540667 0.026500 0.044000
0 0.296250 0.542000 0.037500 0.030667
0 0.307500 0.566333 0.031000 0.023333
0 0.245500 0.579000 0.043000 0.018000
0 0.214750 0.148333 0.012500 0.023333
0 0.227250 0.173333 0.014500 0.032000
2 0.693500 0.378333 0.030000 0.022000
2 0.790750 0.395667 0.029500 0.020667
2 0.778250 0.634333 0.056500 0.056667
0 0.148000 0.149000 0.021000 0.024667
0 0.401000 0.828000 0.032000 0.064000
0 0.304750 0.989000 0.050500 0.022000
