1 0.656576 0.200835 0.038622 0.140074
2 0.656054 0.417440 0.032359 0.118738
2 0.651096 0.593228 0.036013 0.119666
2 0.655271 0.732375 0.034969 0.141929
1 0.420146 0.873840 0.081420 0.085343
1 0.336117 0.858534 0.080376 0.067718
2 0.422234 0.789889 0.080376 0.058442
2 0.419885 0.736549 0.071503 0.061224
2 0.422234 0.682282 0.070981 0.064007
1 0.422495 0.535714 0.085073 0.067718
1 0.369520 0.443878 0.084551 0.064007
7 0.384656 0.353896 0.022965 0.038033
5 0.415449 0.604360 0.056367 0.064007
5 0.318633 0.621985 0.057933 0.051020
5 0.313674 0.577922 0.061587 0.042672
1 0.443372 0.093228 0.068372 0.084416
2 0.358038 0.093692 0.072025 0.074212
2 0.351253 0.031540 0.068894 0.059369
2 0.423539 0.025046 0.076722 0.050093
7 0.647443 0.329777 0.029749 0.038033
4 0.661534 0.326531 0.042276 0.042672
