1 0.394286 0.059524 0.038571 0.094286
1 0.411786 0.174286 0.043571 0.110476
1 0.493929 0.163333 0.039286 0.115238
1 0.573571 0.225714 0.041429 0.102857
1 0.457857 0.435714 0.038571 0.098095
1 0.613571 0.441905 0.045714 0.095238
2 0.628929 0.562857 0.046429 0.108571
2 0.648571 0.695238 0.044286 0.118095
2 0.540357 0.928571 0.045000 0.108571
1 0.678214 0.819524 0.045000 0.111429
1 0.711071 0.964286 0.043571 0.069524
7 0.853571 0.871905 0.032857 0.021905
7 0.850714 0.842381 0.028571 0.023810
7 0.897143 0.873333 0.022857 0.019048
7 0.836071 0.787619 0.030714 0.026667
7 0.835000 0.770952 0.028571 0.020000
7 0.819643 0.722381 0.032143 0.020000
7 0.817857 0.692857 0.030000 0.020000
7 0.683929 0.525714 0.012143 0.040000
0 0.811429 0.638571 0.024286 0.021905
