0 0.394286 0.311429 0.035714 0.028571
0 0.237500 0.212381 0.017857 0.020952
0 0.208214 0.213810 0.017857 0.018095
0 0.270357 0.212381 0.019286 0.017143
0 0.198214 0.171429 0.015000 0.019048
0 0.179643 0.174286 0.012143 0.013333
0 0.165357 0.160476 0.012143 0.012381
0 0.136071 0.130000 0.009286 0.012381
0 0.912500 0.488095 0.063571 0.058095
0 0.957857 0.519048 0.074286 0.062857
0 0.862143 0.385238 0.060000 0.042857
0 0.824643 0.441429 0.060714 0.046667
0 0.791429 0.537143 0.088571 0.070476
0 0.606786 0.419048 0.056429 0.051429
0 0.559643 0.380000 0.052143 0.041905
0 0.496429 0.340952 0.044286 0.036190
0 0.461071 0.316667 0.042143 0.031429
0 0.437143 0.296667 0.034286 0.033333
0 0.401071 0.282381 0.037857 0.029524
0 0.391786 0.269524 0.026429 0.026667
0 0.346429 0.232381 0.024286 0.026667
0 0.640000 0.287143 0.042857 0.031429
0 0.966429 0.420000 0.060000 0.045714
0 0.985357 0.562857 0.029286 0.059048
0 0.081429 0.913333 0.162857 0.131429
0 0.107143 0.125714 0.008571 0.009524
0 0.103571 0.119048 0.007143 0.009524
0 0.101071 0.111905 0.006429 0.006667
0 0.106786 0.110000 0.006429 0.006667
0 0.094286 0.106667 0.005714 0.007619
0 0.151429 0.119524 0.011429 0.008571
0 0.208929 0.158571 0.010714 0.010476
0 0.197500 0.150000 0.010714 0.010476
0 0.188571 0.145238 0.010000 0.010476
0 0.162500 0.120952 0.007857 0.007619
0 0.141429 0.118571 0.005714 0.008571
1 0.126071 0.115714 0.015000 0.016190
2 0.088571 0.090000 0.008571 0.012381
0 0.106429 0.104762 0.005714 0.005714
0 0.105000 0.100952 0.005714 0.007619
0 0.100714 0.098095 0.004286 0.005714
0 0.097500 0.095238 0.003571 0.005714
0 0.097143 0.090000 0.004286 0.004762
0 0.096429 0.082857 0.004286 0.005714
0 0.082857 0.076190 0.004286 0.005714
0 0.086071 0.074762 0.003571 0.004762
0 0.112500 0.086667 0.003571 0.005714
0 0.108571 0.081905 0.004286 0.005714
0 0.158214 0.116190 0.007857 0.007619
1 0.178214 0.215714 0.036429 0.046667
1 0.286429 0.254762 0.054286 0.060000
0 0.165357 0.243810 0.020714 0.024762
0 0.044643 0.212381 0.027857 0.019048
0 0.059643 0.223810 0.029286 0.020952
0 0.062143 0.232857 0.031429 0.016190
0 0.058929 0.246667 0.032143 0.019048
0 0.060000 0.256667 0.032857 0.020000
0 0.073571 0.262857 0.037143 0.020952
0 0.061071 0.294286 0.032143 0.020952
0 0.065714 0.307143 0.035714 0.021905
0 0.059643 0.317619 0.036429 0.020000
0 0.061786 0.339048 0.052143 0.028571
0 0.057143 0.374286 0.062857 0.034286
0 0.066786 0.391429 0.075000 0.041905
0 0.061786 0.430476 0.070714 0.045714
0 0.057500 0.469524 0.075000 0.041905
0 0.062857 0.486667 0.075714 0.038095
0 0.064643 0.510476 0.087857 0.045714
0 0.062500 0.541905 0.093571 0.055238
0 0.047143 0.680000 0.094286 0.091429
0 0.063214 0.600952 0.095000 0.070476
0 0.313571 0.212857 0.018571 0.016190
0 0.299286 0.203333 0.017143 0.018095
0 0.288929 0.196667 0.015000 0.016190
0 0.273571 0.187619 0.014286 0.013333
0 0.430000 0.250476 0.038571 0.022857
0 0.567500 0.312857 0.045000 0.029524
0 0.590000 0.318095 0.050000 0.036190
0 0.599286 0.333810 0.055714 0.040952
0 0.633214 0.354286 0.062143 0.045714
0 0.662500 0.362381 0.046429 0.031429
0 0.675357 0.380952 0.052143 0.041905
0 0.780357 0.422381 0.059286 0.058095
0 0.737500 0.414762 0.059286 0.060000
0 0.708214 0.393810 0.055000 0.048571
0 0.695357 0.472381 0.079286 0.072381
