1 0.339000 0.752000 0.075000 0.050667
1 0.594500 0.738000 0.033000 0.054667
1 0.619250 0.887000 0.051500 0.102000
1 0.656500 0.982333 0.047000 0.035333
1 0.563500 0.637333 0.025000 0.036000
1 0.553750 0.596000 0.021500 0.029333
1 0.370250 0.643667 0.060500 0.032667
1 0.371750 0.623000 0.060500 0.028667
1 0.380500 0.606333 0.050000 0.028667
1 0.392500 0.579000 0.051000 0.027333
1 0.394250 0.566667 0.038500 0.022667
1 0.387000 0.547333 0.041000 0.017333
1 0.398750 0.540000 0.039500 0.018667
1 0.411500 0.531667 0.038000 0.019333
7 0.267500 0.933333 0.042000 0.033333
0 0.266750 0.915333 0.031500 0.030667
7 0.303250 0.831333 0.028500 0.021333
7 0.540750 0.705333 0.009500 0.026667
0 0.446000 0.604333 0.009000 0.024667
0 0.427000 0.604333 0.013000 0.016667
0 0.593250 0.566333 0.014500 0.012667
0 0.547000 0.528333 0.009000 0.016667
1 0.568750 0.520000 0.014500 0.024000
1 0.534250 0.501000 0.013500 0.016667
1 0.530250 0.488000 0.012500 0.014667
1 0.526000 0.476667 0.013000 0.012000
1 0.524750 0.465333 0.012500 0.012000
1 0.434250 0.480000 0.013500 0.020000
1 0.420500 0.461333 0.025000 0.013333
1 0.420000 0.454000 0.024000 0.012000
1 0.420500 0.448667 0.024000 0.009333
1 0.421000 0.441000 0.020000 0.011333
3 0.615750 0.626333 0.036500 0.063333
0 0.391500 0.511667 0.012000 0.008667
1 0.741500 0.545667 0.042000 0.020667
1 0.516750 0.436333 0.008500 0.011333
1 0.514750 0.421000 0.008500 0.010000
1 0.509750 0.401667 0.005500 0.007333
1 0.507500 0.393333 0.006000 0.006667
1 0.497750 0.379000 0.011500 0.006000
1 0.490250 0.377333 0.010500 0.005333
1 0.506000 0.369000 0.005000 0.006000
1 0.506000 0.366667 0.004000 0.006667
1 0.487500 0.359333 0.004000 0.005333
1 0.491000 0.354000 0.003000 0.005333
1 0.482500 0.364000 0.006000 0.005333
1 0.473750 0.383667 0.010500 0.007333
1 0.442750 0.411333 0.006500 0.009333
1 0.432250 0.408667 0.006500 0.008000
