2 0.478929 0.814086 0.032143 0.158629
0 0.439286 0.738579 0.028571 0.093909
0 0.299286 0.760152 0.028571 0.083756
0 0.362500 0.542513 0.023571 0.064721
0 0.348214 0.406726 0.022143 0.054569
0 0.456429 0.405457 0.021429 0.059645
0 0.413214 0.331218 0.023571 0.050761
0 0.367857 0.234772 0.021429 0.040609
2 0.488214 0.321066 0.026429 0.101523
2 0.513929 0.125635 0.025000 0.081218
2 0.404643 0.081218 0.025000 0.073604
0 0.434286 0.069162 0.015714 0.034264
0 0.415714 0.013325 0.014286 0.026650
0 0.393214 0.015863 0.016429 0.029188
0 0.061786 0.763325 0.030714 0.057107
2 0.030714 0.873731 0.061429 0.140863
2 0.169643 0.467640 0.045000 0.092640
0 0.115357 0.579949 0.029286 0.071066
2 0.177500 0.333756 0.033571 0.071066
0 0.211786 0.228426 0.017857 0.027919
0 0.220357 0.199239 0.019286 0.027919
0 0.251429 0.356599 0.025714 0.060914
