0 0.317143 0.922381 0.061429 0.046667
0 0.383929 0.905238 0.056429 0.042857
0 0.446429 0.900000 0.057143 0.045714
0 0.295000 0.762381 0.060000 0.040952
0 0.367143 0.745238 0.060000 0.042857
0 0.429286 0.727619 0.057143 0.043810
0 0.621071 0.851905 0.053571 0.042857
0 0.446786 0.381429 0.025000 0.058095
0 0.460357 0.476190 0.025000 0.059048
0 0.514286 0.543810 0.025714 0.068571
0 0.498214 0.265714 0.025000 0.059048
0 0.488929 0.203333 0.025000 0.058095
0 0.425357 0.143333 0.025000 0.054286
0 0.481786 0.153810 0.023571 0.042857
0 0.417857 0.090952 0.021429 0.048571
0 0.468214 0.053333 0.017857 0.040000
0 0.485714 0.454286 0.022857 0.070476
2 0.476429 0.617619 0.025714 0.075238
2 0.539643 0.879048 0.067857 0.045714
