2 0.942500 0.759524 0.115000 0.223810
2 0.836786 0.442381 0.103571 0.166667
1 0.479286 0.711429 0.080000 0.219048
7 0.248929 0.621905 0.060714 0.060952
7 0.070357 0.674286 0.046429 0.087619
1 0.490714 0.493333 0.058571 0.142857
2 0.323571 0.377143 0.067143 0.120000
1 0.735000 0.366190 0.070000 0.122857
1 0.778571 0.323810 0.065714 0.097143
1 0.497500 0.366667 0.050714 0.108571
7 0.210357 0.272381 0.023571 0.040000
2 0.359286 0.226667 0.048571 0.081905
1 0.502143 0.269524 0.045714 0.085714
1 0.406071 0.188571 0.076429 0.057143
1 0.498571 0.191905 0.038571 0.067619
3 0.400357 0.116667 0.042143 0.088571
1 0.511071 0.087619 0.026429 0.040000
1 0.507857 0.050476 0.028571 0.040000
7 0.362500 0.038571 0.010714 0.025714
1 0.413571 0.083810 0.028571 0.041905
1 0.419643 0.053333 0.032143 0.047619
1 0.426786 0.030000 0.029286 0.040952
2 0.511786 0.017143 0.025000 0.028571
1 0.665714 0.048095 0.032857 0.040952
2 0.675357 0.071905 0.023571 0.040952
1 0.677143 0.100952 0.065714 0.045714
1 0.770714 0.016190 0.061429 0.032381
1 0.729286 0.139524 0.082857 0.046667
2 0.731786 0.187143 0.049286 0.067619
1 0.828929 0.221429 0.045000 0.067619
1 0.900714 0.182381 0.078571 0.056190
0 0.852143 0.040000 0.020000 0.019048
