0 0.197808 0.905844 0.067850 0.101113
0 0.137787 0.610853 0.049061 0.056586
0 0.131263 0.543599 0.046451 0.040816
0 0.132829 0.349722 0.040188 0.048237
0 0.205637 0.287570 0.039666 0.037106
0 0.240605 0.261596 0.032359 0.037106
0 0.263048 0.237477 0.042797 0.037106
0 0.058716 0.411874 0.031837 0.055659
0 0.032359 0.435993 0.036534 0.057514
0 0.014614 0.617811 0.029228 0.048237
0 0.019050 0.660482 0.038100 0.050093
0 0.022965 0.781540 0.045929 0.065863
0 0.023225 0.837199 0.046451 0.056586
0 0.030532 0.888683 0.061065 0.076067
0 0.039666 0.983766 0.057411 0.030612
0 0.338205 0.840909 0.050104 0.099258
0 0.431106 0.735158 0.045929 0.082560
0 0.674843 0.379870 0.041754 0.058442
0 0.757046 0.271336 0.038100 0.051020
0 0.791232 0.243043 0.035491 0.048237
2 0.893789 0.263451 0.031837 0.072356
