6 0.170000 0.155457 0.008571 0.016497
1 0.197500 0.224619 0.006429 0.007614
1 0.235357 0.277284 0.007857 0.011421
1 0.183214 0.272843 0.012143 0.017766
1 0.244286 0.390863 0.021429 0.015228
1 0.283929 0.380076 0.017857 0.013959
2 0.332500 0.421320 0.015000 0.022843
2 0.292143 0.433376 0.012857 0.019036
2 0.268571 0.465102 0.012857 0.024112
2 0.302857 0.451142 0.012857 0.021574
1 0.244286 0.451777 0.012857 0.020305
1 0.261786 0.444797 0.012143 0.019036
1 0.363214 0.484772 0.015000 0.025381
1 0.392500 0.564721 0.016429 0.030457
2 0.422857 0.728426 0.018571 0.045685
3 0.539643 0.948604 0.045000 0.100254
1 0.476429 0.967640 0.025714 0.062183
0 0.240357 0.977792 0.005000 0.026650
