2 0.140357 0.111041 0.016429 0.016497
1 0.139286 0.123096 0.018571 0.020305
1 0.171786 0.079949 0.022143 0.020305
2 0.169286 0.104061 0.021429 0.020305
1 0.224643 0.085025 0.016429 0.017766
1 0.223214 0.071701 0.016429 0.013959
1 0.224286 0.061548 0.014286 0.016497
2 0.219286 0.125000 0.021429 0.019036
1 0.238214 0.239213 0.019286 0.016497
1 0.176071 0.305838 0.019286 0.027919
2 0.185000 0.853426 0.027143 0.026650
6 0.125714 0.974619 0.035714 0.048223
6 0.241071 0.769670 0.059286 0.054569
2 0.255357 0.828680 0.029286 0.035533
2 0.341071 0.768401 0.027857 0.036802
1 0.393571 0.780457 0.027143 0.032995
6 0.361429 0.713198 0.064286 0.076142
2 0.436429 0.690355 0.022857 0.032995
6 0.305714 0.304569 0.025714 0.078680
6 0.251429 0.173858 0.040000 0.035533
2 0.350357 0.053934 0.009286 0.019036
1 0.355000 0.031726 0.008571 0.020305
1 0.357143 0.011421 0.007143 0.017766
6 0.372143 0.044416 0.010000 0.050761
1 0.373929 0.019036 0.005000 0.015228
1 0.383214 0.034898 0.006429 0.019036
1 0.398214 0.007614 0.006429 0.015228
1 0.397500 0.038706 0.006429 0.021574
1 0.383571 0.091371 0.007143 0.020305
2 0.372143 0.082487 0.005714 0.015228
1 0.371071 0.104061 0.007857 0.020305
6 0.372500 0.135787 0.013571 0.071066
6 0.386429 0.144036 0.010000 0.039340
1 0.375357 0.196701 0.009286 0.025381
1 0.392500 0.215102 0.009286 0.026650
1 0.380000 0.237310 0.010000 0.025381
1 0.385357 0.288706 0.010714 0.026650
1 0.388929 0.321066 0.009286 0.027919
1 0.395357 0.356599 0.010714 0.027919
1 0.413214 0.371827 0.012143 0.027919
1 0.407143 0.413071 0.011429 0.031726
1 0.414643 0.460025 0.013571 0.031726
2 0.426071 0.510787 0.013571 0.036802
1 0.441429 0.576142 0.014286 0.035533
6 0.431429 0.448604 0.017143 0.052030
1 0.462500 0.670051 0.016429 0.043147
2 0.476786 0.738579 0.017857 0.045685
1 0.497857 0.831218 0.020000 0.050761
1 0.610000 0.660533 0.025714 0.021574
1 0.524643 0.503807 0.009286 0.040609
1 0.470714 0.238579 0.011429 0.027919
2 0.503214 0.327411 0.013571 0.032995
2 0.512857 0.399112 0.014286 0.039340
1 0.986071 0.640863 0.027857 0.025381
2 0.848929 0.665609 0.027857 0.026650
2 0.977500 0.904188 0.032143 0.026650
6 0.976786 0.788071 0.046429 0.048223
6 0.838929 0.780457 0.076429 0.048223
6 0.284643 0.508249 0.022143 0.067259
6 0.316786 0.628807 0.039286 0.046954
6 0.321429 0.604061 0.055714 0.060914
6 0.326071 0.578680 0.056429 0.060914
6 0.323929 0.549492 0.055000 0.060914
6 0.341786 0.539340 0.033571 0.040609
6 0.335357 0.509518 0.057857 0.064721
6 0.336429 0.487944 0.058571 0.064721
6 0.335714 0.462563 0.055714 0.064721
6 0.335714 0.435279 0.054286 0.055838
6 0.346429 0.420685 0.041429 0.052030
6 0.347500 0.397843 0.053571 0.054569
6 0.306786 0.402284 0.017857 0.055838
