0 0.198929 0.599048 0.096429 0.127619
0 0.281429 0.481429 0.091429 0.119048
0 0.071786 0.790476 0.136429 0.186667
0 0.351429 0.373810 0.075714 0.111429
0 0.293929 0.122381 0.059286 0.042857
0 0.531429 0.113333 0.038571 0.051429
0 0.582857 0.031905 0.031429 0.042857
0 0.424643 0.107143 0.040714 0.054286
0 0.503929 0.149524 0.046429 0.057143
0 0.685357 0.919048 0.085000 0.161905
0 0.809286 0.752857 0.070000 0.159048
0 0.721071 0.692381 0.066429 0.133333
0 0.971429 0.704762 0.057143 0.076190
0 0.847500 0.327143 0.043571 0.069524
0 0.887143 0.225238 0.035714 0.058095
0 0.851786 0.238095 0.036429 0.064762
0 0.791071 0.311905 0.042143 0.067619
0 0.779286 0.153333 0.035714 0.047619
2 0.802857 0.228571 0.042857 0.081905
0 0.818929 0.146190 0.029286 0.046667
0 0.950714 0.118571 0.068571 0.044762
0 0.919286 0.098571 0.062857 0.042857
0 0.919643 0.082381 0.066429 0.039048
0 0.937857 0.064762 0.051429 0.034286
0 0.930714 0.043333 0.051429 0.031429
0 0.854643 0.046667 0.023571 0.032381
0 0.856429 0.019048 0.025714 0.032381
0 0.930000 0.028571 0.060000 0.036190
0 0.884286 0.031905 0.022857 0.037143
0 0.928214 0.012381 0.053571 0.024762
