0 0.133214 0.759524 0.096429 0.193333
2 0.059643 0.933333 0.117857 0.133333
0 0.293929 0.951905 0.082143 0.096190
0 0.318214 0.773810 0.085000 0.210476
0 0.181071 0.588571 0.099286 0.144762
0 0.345000 0.590952 0.064286 0.145714
0 0.743929 0.940476 0.175000 0.119048
0 0.790357 0.331429 0.100714 0.060952
0 0.785714 0.291905 0.094286 0.060000
0 0.745000 0.185714 0.074286 0.059048
0 0.761786 0.151905 0.075000 0.050476
0 0.735357 0.027619 0.053571 0.053333
0 0.855000 0.053333 0.041429 0.034286
0 0.633929 0.014286 0.060714 0.028571
0 0.576429 0.147143 0.037143 0.056190
0 0.587857 0.213810 0.035714 0.061905
0 0.595714 0.280476 0.041429 0.080952
0 0.735714 0.581429 0.067143 0.157143
0 0.359286 0.444286 0.055714 0.124762
0 0.378571 0.325714 0.044286 0.087619
0 0.247143 0.333333 0.051429 0.095238
0 0.388214 0.245714 0.042143 0.078095
0 0.405000 0.123333 0.037143 0.061905
0 0.264286 0.254762 0.047143 0.082857
2 0.522500 0.032857 0.086429 0.065714
0 0.238929 0.094286 0.073571 0.049524
0 0.299286 0.020000 0.054286 0.040000
