2 0.857857 0.289340 0.072857 0.195431
2 0.979286 0.332487 0.041429 0.182741
0 0.975714 0.790609 0.048571 0.081218
0 0.973214 0.871827 0.053571 0.078680
0 0.802143 0.979061 0.081429 0.039340
0 0.718214 0.962563 0.079286 0.072335
0 0.565714 0.965736 0.037143 0.065990
0 0.441071 0.946066 0.046429 0.095178
0 0.231429 0.048858 0.045714 0.097716
0 0.276071 0.050761 0.047857 0.101523
0 0.317857 0.062183 0.045714 0.124365
0 0.230357 0.439721 0.037857 0.130711
0 0.233571 0.722081 0.045714 0.137056
0 0.423571 0.797589 0.032857 0.130711
0 0.755000 0.711929 0.081429 0.078680
0 0.748214 0.777284 0.069286 0.074873
0 0.827143 0.878807 0.082857 0.085025
0 0.831429 0.480964 0.040000 0.139594
0 0.905000 0.522208 0.045714 0.135787
0 0.944643 0.522208 0.042143 0.140863
0 0.301786 0.469543 0.042143 0.144670
0 0.320357 0.333122 0.043571 0.128173
0 0.357500 0.338832 0.039286 0.157360
0 0.336429 0.489213 0.040000 0.148477
0 0.566429 0.578046 0.045714 0.153553
0 0.527500 0.553299 0.030714 0.142132
0 0.492500 0.540609 0.047857 0.144670
0 0.417500 0.508883 0.045000 0.119289
0 0.378571 0.498731 0.044286 0.147208
0 0.397500 0.351523 0.039286 0.137056
0 0.434286 0.364213 0.037143 0.134518
0 0.471786 0.385152 0.036429 0.133249
0 0.508929 0.395305 0.037857 0.130711
0 0.587143 0.429569 0.037143 0.140863
0 0.629643 0.442259 0.039286 0.145939
0 0.383571 0.085660 0.042857 0.138325
0 0.425357 0.093909 0.035000 0.131980
0 0.462143 0.110406 0.034286 0.137056
0 0.501786 0.111041 0.045000 0.145939
0 0.535357 0.130711 0.042143 0.157360
0 0.576429 0.146574 0.041429 0.145939
0 0.617143 0.159264 0.041429 0.135787
0 0.664643 0.158629 0.040714 0.129442
