0 0.392143 0.839048 0.025714 0.020952
0 0.562143 0.829048 0.021429 0.023810
7 0.491786 0.823810 0.025000 0.024762
5 0.377143 0.965238 0.034286 0.065714
1 0.624286 0.890952 0.047143 0.109524
3 0.825357 0.591429 0.073571 0.116190
7 0.745357 0.725238 0.017857 0.025714
2 0.862857 0.419524 0.035714 0.021905
3 0.623571 0.279048 0.040000 0.049524
3 0.537857 0.180476 0.028571 0.033333
1 0.548214 0.204286 0.010714 0.014286
1 0.652857 0.330476 0.020000 0.017143
1 0.377500 0.093333 0.005000 0.007619
1 0.352143 0.276667 0.011429 0.014286
1 0.355000 0.320952 0.011429 0.017143
1 0.354286 0.306667 0.011429 0.013333
3 0.375714 0.081905 0.004286 0.009524
3 0.419286 0.117143 0.015714 0.017143
1 0.371429 0.076667 0.004286 0.004762
3 0.328571 0.305238 0.012857 0.027619
3 0.326429 0.277143 0.015714 0.034286
1 0.280357 0.362857 0.036429 0.019048
1 0.280000 0.374762 0.034286 0.014286
1 0.171429 0.466667 0.022857 0.036190
0 0.212500 0.947143 0.030714 0.021905
