6 0.056429 0.147619 0.080000 0.030476
6 0.030357 0.120476 0.060714 0.031429
6 0.028214 0.087143 0.056429 0.039048
3 0.042143 0.070476 0.038571 0.026667
3 0.033214 0.038571 0.052143 0.031429
3 0.213214 0.068571 0.023571 0.053333
3 0.230357 0.061905 0.022143 0.051429
1 0.245000 0.041905 0.017143 0.038095
1 0.256429 0.029524 0.012857 0.028571
1 0.291786 0.012381 0.016429 0.024762
1 0.286786 0.209524 0.012143 0.034286
1 0.070000 0.456190 0.027143 0.026667
1 0.073214 0.480476 0.025000 0.023810
1 0.129286 0.464762 0.031429 0.017143
1 0.127857 0.486190 0.027143 0.018095
1 0.196429 0.469524 0.014286 0.036190
1 0.042143 0.624286 0.032857 0.020000
1 0.063929 0.682381 0.033571 0.018095
1 0.175714 0.650000 0.028571 0.018095
1 0.184286 0.727619 0.015714 0.040000
2 0.213571 0.746190 0.031429 0.018095
1 0.248214 0.738095 0.013571 0.034286
1 0.248571 0.784286 0.012857 0.037143
1 0.237500 0.863333 0.015000 0.039048
1 0.305357 0.753810 0.027857 0.020000
1 0.300357 0.795714 0.026429 0.020000
1 0.300714 0.814762 0.028571 0.018095
1 0.295714 0.834286 0.030000 0.017143
1 0.296786 0.853810 0.030714 0.018095
1 0.296071 0.890000 0.030714 0.020000
1 0.293214 0.911905 0.026429 0.020000
1 0.289643 0.983810 0.029286 0.022857
1 0.354286 0.938095 0.015714 0.041905
1 0.349286 0.985238 0.014286 0.029524
1 0.657143 0.101429 0.015714 0.035238
1 0.671429 0.078095 0.015714 0.036190
1 0.687500 0.084762 0.012143 0.034286
1 0.701786 0.085238 0.013571 0.033333
1 0.557857 0.660000 0.028571 0.019048
1 0.569643 0.718571 0.013571 0.039048
1 0.615714 0.621905 0.027143 0.019048
3 0.641429 0.658571 0.102857 0.035238
1 0.590714 0.809048 0.014286 0.042857
1 0.588571 0.852857 0.014286 0.040952
1 0.560000 0.881905 0.012857 0.036190
1 0.515000 0.926667 0.011429 0.040000
1 0.575000 0.949524 0.014286 0.040000
1 0.597857 0.936667 0.022857 0.027619
1 0.846786 0.688571 0.029286 0.019048
1 0.927500 0.743333 0.029286 0.018095
1 0.962500 0.749524 0.027857 0.017143
1 0.887143 0.800000 0.014286 0.034286
1 0.841071 0.738095 0.027857 0.019048
1 0.802143 0.734762 0.027143 0.018095
0 0.072857 0.558095 0.017143 0.009524
7 0.248214 0.660952 0.015000 0.007619
7 0.268929 0.686190 0.010714 0.008571
7 0.350714 0.779524 0.007143 0.018095
7 0.538571 0.625238 0.005714 0.016190
7 0.461429 0.672381 0.011429 0.007619
7 0.489643 0.686190 0.012143 0.012381
7 0.517500 0.705238 0.010714 0.010476
7 0.578214 0.686190 0.007857 0.016190
7 0.617143 0.705238 0.005714 0.016190
7 0.659286 0.715238 0.011429 0.005714
7 0.778214 0.711905 0.009286 0.006667
7 0.703571 0.709048 0.010000 0.006667
7 0.547500 0.962857 0.006429 0.019048
1 0.533214 0.991905 0.009286 0.016190
