0 0.147750 0.158667 0.087500 0.042667
0 0.148750 0.187667 0.094500 0.040667
0 0.145750 0.222000 0.102500 0.050667
0 0.215750 0.141333 0.079500 0.041333
0 0.137500 0.109000 0.036000 0.050000
0 0.064500 0.131000 0.049000 0.068667
0 0.021500 0.146667 0.043000 0.052000
0 0.041000 0.101000 0.046000 0.031333
0 0.070750 0.064000 0.038500 0.042667
0 0.094250 0.022667 0.028500 0.045333
2 0.517750 0.222667 0.097500 0.066667
0 0.587500 0.260667 0.064000 0.102667
0 0.631500 0.341333 0.086000 0.096000
0 0.428250 0.387667 0.062500 0.126000
0 0.121750 0.401667 0.091500 0.098000
