2 0.631071 0.698095 0.066429 0.177143
2 0.720357 0.740476 0.065000 0.208571
2 0.128214 0.831429 0.077857 0.169524
2 0.696429 0.548571 0.095714 0.116190
1 0.562143 0.560952 0.051429 0.154286
1 0.613571 0.471905 0.054286 0.132381
1 0.864286 0.715238 0.071429 0.177143
1 0.810357 0.351429 0.069286 0.133333
1 0.572857 0.059048 0.045714 0.106667
1 0.583214 0.192381 0.046429 0.120000
2 0.592857 0.327619 0.047143 0.114286
1 0.683571 0.390952 0.082857 0.134286
1 0.662143 0.259048 0.087143 0.112381
1 0.643929 0.061905 0.080714 0.095238
1 0.775714 0.197143 0.058571 0.123810
1 0.757500 0.076667 0.052143 0.098095
1 0.060714 0.506190 0.075714 0.180000
1 0.096786 0.298571 0.067857 0.143810
1 0.123214 0.148571 0.060714 0.118095
1 0.027857 0.276190 0.055714 0.072381
1 0.041429 0.152381 0.081429 0.068571
1 0.046429 0.040476 0.092857 0.080952
1 0.031071 0.094286 0.062143 0.059048
1 0.138214 0.037143 0.059286 0.074286
1 0.021786 0.385714 0.043571 0.066667
1 0.027500 0.730952 0.055000 0.189524
