0 0.015714 0.017619 0.028571 0.023810
0 0.215714 0.014762 0.017143 0.025714
0 0.277143 0.094762 0.017143 0.027619
0 0.125000 0.073333 0.031429 0.024762
0 0.121786 0.167619 0.019286 0.036190
0 0.107143 0.320000 0.025714 0.045714
0 0.103571 0.374286 0.028571 0.057143
0 0.098214 0.434286 0.029286 0.060952
0 0.250714 0.504286 0.031429 0.071429
0 0.253929 0.626667 0.037857 0.097143
0 0.085714 0.624286 0.040000 0.088571
0 0.072143 0.739524 0.044286 0.101905
0 0.293929 0.962857 0.047857 0.074286
0 0.047500 0.945714 0.050714 0.108571
0 0.450357 0.347143 0.020714 0.033333
0 0.519643 0.457619 0.043571 0.054286
0 0.545357 0.473810 0.042143 0.058095
0 0.560000 0.511429 0.041429 0.060952
0 0.578214 0.567143 0.045000 0.063810
0 0.603214 0.634286 0.046429 0.080000
0 0.627857 0.699048 0.054286 0.080000
0 0.653929 0.765238 0.060714 0.092381
0 0.706786 0.913333 0.053571 0.116190
0 0.750357 0.967619 0.055000 0.064762
2 0.686429 0.011429 0.035714 0.022857
0 0.721429 0.007143 0.027143 0.014286
0 0.621786 0.008095 0.035000 0.014286
