0 0.333214 0.946701 0.057857 0.104061
0 0.420357 0.865482 0.066429 0.172589
0 0.474643 0.756980 0.065000 0.138325
0 0.360000 0.513959 0.048571 0.098985
0 0.422143 0.523477 0.042857 0.082487
0 0.542857 0.351523 0.041429 0.065990
0 0.472143 0.296954 0.030000 0.055838
0 0.365714 0.330584 0.034286 0.054569
0 0.422500 0.242386 0.029286 0.048223
0 0.453571 0.227792 0.025714 0.049492
0 0.485357 0.211294 0.030714 0.044416
0 0.434643 0.172589 0.023571 0.043147
0 0.400357 0.156091 0.022143 0.050761
0 0.451429 0.128807 0.027143 0.049492
0 0.292143 0.451142 0.032857 0.074873
