0 0.203929 0.159898 0.029286 0.030457
0 0.154286 0.308376 0.018571 0.048223
0 0.281071 0.121193 0.027857 0.031726
0 0.233929 0.140228 0.026429 0.039340
0 0.333929 0.216371 0.023571 0.034264
0 0.023214 0.309010 0.020714 0.057107
0 0.051071 0.761421 0.022143 0.063452
0 0.122500 0.572970 0.020714 0.059645
0 0.098571 0.937183 0.021429 0.074873
2 0.025357 0.568528 0.036429 0.083756
2 0.893571 0.588832 0.082857 0.086294
0 0.713214 0.468909 0.035000 0.041878
0 0.845000 0.375000 0.028571 0.026650
0 0.409643 0.323604 0.026429 0.040609
0 0.050000 0.312817 0.028571 0.052030
0 0.065000 0.409264 0.025714 0.046954
0 0.239643 0.645305 0.036429 0.034264
0 0.231786 0.609137 0.033571 0.027919
0 0.723929 0.592640 0.030714 0.043147
0 0.113214 0.093274 0.027857 0.031726
