1 0.502500 0.781667 0.062000 0.140667
1 0.481750 0.614667 0.071500 0.070667
1 0.330250 0.428333 0.052500 0.028667
1 0.342250 0.415000 0.059500 0.030000
1 0.350500 0.403667 0.059000 0.030000
1 0.465500 0.462667 0.028000 0.040000
7 0.540750 0.526667 0.010500 0.029333
2 0.977750 0.347667 0.044500 0.028667
1 0.585500 0.422667 0.029000 0.037333
1 0.582750 0.384000 0.023500 0.033333
1 0.576500 0.361000 0.021000 0.024667
1 0.571750 0.342667 0.020500 0.026667
1 0.560500 0.307333 0.016000 0.020000
1 0.529750 0.291667 0.015500 0.020667
1 0.670000 0.322333 0.026000 0.022000
1 0.631750 0.276333 0.018500 0.019333
1 0.410000 0.294000 0.030000 0.017333
1 0.556500 0.260000 0.012000 0.016000
1 0.543500 0.253000 0.012000 0.015333
1 0.527500 0.255000 0.012000 0.016667
1 0.470500 0.254000 0.011000 0.014667
1 0.445250 0.229333 0.022500 0.013333
1 0.526250 0.229000 0.009500 0.014000
1 0.540250 0.223000 0.010500 0.012667
1 0.541000 0.216000 0.010000 0.010667
1 0.537750 0.211000 0.009500 0.011333
1 0.513750 0.198667 0.006500 0.009333
1 0.537500 0.196333 0.014000 0.008667
