0 0.432143 0.897619 0.107143 0.204762
0 0.795000 0.638095 0.072857 0.095238
0 0.700357 0.427143 0.043571 0.050476
0 0.655714 0.350000 0.034286 0.035238
0 0.584286 0.345714 0.031429 0.028571
0 0.520357 0.412381 0.039286 0.053333
0 0.513929 0.379048 0.027857 0.036190
0 0.508571 0.361905 0.030000 0.030476
0 0.445000 0.309048 0.045714 0.021905
0 0.619643 0.294286 0.022143 0.034286
0 0.474643 0.263810 0.015000 0.022857
0 0.506429 0.270000 0.017143 0.025714
0 0.597143 0.269524 0.021429 0.024762
0 0.502500 0.257619 0.015000 0.016190
0 0.497143 0.247619 0.015714 0.017143
0 0.496071 0.240476 0.015000 0.020000
