0 0.377857 0.024286 0.038571 0.048571
0 0.386071 0.174762 0.045000 0.084762
0 0.384286 0.311905 0.038571 0.101905
0 0.389286 0.443333 0.055714 0.122857
0 0.272857 0.490000 0.055714 0.147619
0 0.299643 0.840952 0.083571 0.217143
0 0.615714 0.631905 0.062857 0.155238
0 0.711786 0.604286 0.070714 0.153333
0 0.790714 0.592857 0.080000 0.149524
0 0.861429 0.584762 0.090000 0.160000
0 0.921786 0.561429 0.079286 0.140000
0 0.836786 0.370952 0.106429 0.071429
0 0.551071 0.241905 0.100714 0.062857
0 0.790714 0.259048 0.092857 0.070476
0 0.733214 0.100952 0.087857 0.059048
0 0.708214 0.031429 0.079286 0.060952
0 0.528214 0.156190 0.090714 0.060952
0 0.498214 0.015714 0.085000 0.031429
0 0.503214 0.038095 0.083571 0.036190
0 0.509643 0.071905 0.083571 0.046667
0 0.521429 0.110952 0.087143 0.050476
