0 0.064643 0.084391 0.007857 0.016497
1 0.086786 0.058376 0.013571 0.040609
0 0.106071 0.101523 0.009286 0.020305
0 0.099286 0.176396 0.008571 0.022843
2 0.078214 0.147843 0.017857 0.046954
0 0.042500 0.200508 0.009286 0.020305
0 0.023571 0.241117 0.010000 0.017766
0 0.052500 0.236675 0.010714 0.024112
0 0.025357 0.371193 0.010714 0.026650
0 0.004286 0.456218 0.008571 0.029188
0 0.006071 0.550761 0.012143 0.035533
0 0.011071 0.508883 0.015000 0.035533
0 0.092857 0.527284 0.011429 0.036802
2 0.050714 0.434645 0.028571 0.077411
0 0.082143 0.704315 0.017143 0.050761
1 0.194643 0.769670 0.033571 0.130711
1 0.262143 0.729695 0.031429 0.129442
0 0.301071 0.115482 0.013571 0.017766
0 0.311786 0.138959 0.015000 0.019036
0 0.322143 0.161802 0.012857 0.021574
0 0.338571 0.189086 0.012857 0.020305
0 0.328214 0.203680 0.013571 0.019036
0 0.351786 0.218909 0.015000 0.024112
0 0.366786 0.248731 0.015000 0.022843
1 0.378214 0.300127 0.037857 0.085025
0 0.402857 0.113579 0.022857 0.026650
0 0.446071 0.190990 0.029286 0.029188
0 0.392857 0.203680 0.011429 0.021574
0 0.458214 0.311548 0.022143 0.024112
0 0.465357 0.322335 0.022143 0.022843
0 0.481786 0.355964 0.023571 0.024112
0 0.425714 0.409898 0.018571 0.030457
0 0.508571 0.405457 0.022857 0.026650
0 0.520357 0.429569 0.023571 0.024112
1 0.511071 0.604695 0.027857 0.062183
1 0.598929 0.840102 0.037857 0.091371
2 0.582857 0.973350 0.035714 0.050761
0 0.935357 0.775381 0.027857 0.043147
0 0.963929 0.838198 0.029286 0.046954
0 0.470714 0.038071 0.018571 0.022843
0 0.472857 0.069797 0.015714 0.020305
0 0.484286 0.062183 0.017143 0.020305
0 0.529286 0.059645 0.018571 0.022843
0 0.548214 0.049492 0.017857 0.020305
0 0.476071 0.123731 0.016429 0.031726
0 0.484286 0.118655 0.020000 0.029188
0 0.515714 0.097081 0.017143 0.026650
0 0.536429 0.085025 0.020000 0.022843
0 0.557143 0.070431 0.015714 0.024112
0 0.580000 0.054569 0.012857 0.022843
0 0.624643 0.024112 0.020714 0.022843
0 0.632143 0.020305 0.021429 0.022843
0 0.641429 0.013325 0.022857 0.024112
0 0.485714 0.145939 0.015714 0.020305
0 0.503929 0.131345 0.015000 0.019036
0 0.516071 0.124365 0.012143 0.020305
0 0.527500 0.116751 0.016429 0.020305
0 0.577143 0.083756 0.014286 0.025381
0 0.583929 0.078680 0.020714 0.022843
0 0.595000 0.072335 0.014286 0.017766
0 0.464286 0.185279 0.017143 0.027919
0 0.648214 0.058376 0.017857 0.025381
0 0.603929 0.083756 0.019286 0.027919
