7 0.516071 0.699524 0.049286 0.105714
7 0.631071 0.241905 0.009286 0.034286
7 0.623214 0.239524 0.009286 0.035238
7 0.614643 0.210952 0.009286 0.035238
1 0.646786 0.157619 0.026429 0.027619
0 0.468214 0.270476 0.019286 0.032381
2 0.119286 0.239524 0.114286 0.086667
1 0.237500 0.213333 0.079286 0.053333
1 0.333571 0.198571 0.058571 0.040952
1 0.386429 0.178095 0.054286 0.043810
1 0.433571 0.174762 0.050000 0.044762
1 0.483571 0.155714 0.041429 0.029524
1 0.546786 0.143810 0.055000 0.026667
1 0.058214 0.139524 0.055000 0.037143
1 0.098929 0.137143 0.052143 0.041905
1 0.150357 0.131905 0.050714 0.042857
1 0.182143 0.121905 0.047143 0.030476
1 0.283929 0.115714 0.060714 0.025714
1 0.248929 0.093810 0.042143 0.035238
1 0.349643 0.107619 0.047857 0.043810
1 0.209286 0.103333 0.037143 0.035238
1 0.481071 0.098095 0.027857 0.020952
1 0.466071 0.097619 0.026429 0.025714
1 0.446429 0.098571 0.028571 0.025714
1 0.435000 0.100476 0.032857 0.021905
1 0.415000 0.102381 0.035714 0.033333
1 0.528571 0.095714 0.032857 0.025714
1 0.443571 0.138095 0.048571 0.038095
1 0.511429 0.088095 0.015714 0.014286
1 0.646786 0.114286 0.027857 0.024762
1 0.620357 0.111429 0.029286 0.020952
