1 0.199643 0.887056 0.047857 0.098985
1 0.353929 0.322335 0.020714 0.063452
1 0.404643 0.319162 0.020714 0.054569
1 0.401071 0.373096 0.019286 0.048223
1 0.466429 0.366751 0.020000 0.065990
1 0.490357 0.367386 0.022143 0.069797
1 0.483571 0.310279 0.020000 0.057107
1 0.447500 0.320431 0.017857 0.054569
1 0.424286 0.315990 0.017143 0.050761
1 0.473214 0.562183 0.040714 0.068528
1 0.519643 0.746827 0.036429 0.087563
1 0.494643 0.722081 0.030714 0.081218
1 0.468571 0.684010 0.041429 0.086294
1 0.390000 0.583122 0.045714 0.062183
1 0.361786 0.566624 0.039286 0.067259
1 0.342500 0.546954 0.037857 0.068528
1 0.320357 0.512690 0.027857 0.050761
1 0.747143 0.914340 0.071429 0.059645
3 0.672857 0.065990 0.080000 0.055838
3 0.466071 0.078680 0.080714 0.063452
3 0.060000 0.069162 0.094286 0.054569
3 0.148929 0.063452 0.085000 0.060914
1 0.130357 0.452411 0.023571 0.044416
1 0.102857 0.456218 0.025714 0.046954
1 0.078571 0.458756 0.022857 0.049492
1 0.028214 0.463198 0.023571 0.043147
1 0.161071 0.441624 0.026429 0.050761
1 0.193571 0.421954 0.022857 0.046954
