7 0.143006 0.171150 0.008351 0.010204
7 0.152923 0.188312 0.004175 0.011132
7 0.165188 0.169295 0.004697 0.010204
7 0.172756 0.177644 0.005219 0.010204
1 0.346816 0.523191 0.025574 0.048237
3 0.304541 0.456865 0.038100 0.160482
0 0.171712 0.160946 0.004175 0.012059
7 0.151357 0.162338 0.007307 0.009276
7 0.149008 0.160946 0.007829 0.010204
5 0.157620 0.146104 0.011482 0.012059
7 0.156315 0.149351 0.006785 0.007421
7 0.163361 0.147032 0.007307 0.008349
5 0.171973 0.142857 0.009916 0.012987
5 0.157881 0.144249 0.013048 0.015770
5 0.161013 0.141002 0.012004 0.018553
7 0.185543 0.129406 0.004697 0.008349
7 0.174582 0.129870 0.006785 0.005566
2 0.176931 0.118275 0.014614 0.012059
1 0.191023 0.109462 0.007307 0.012987
5 0.179802 0.110853 0.008873 0.008349
2 0.186587 0.099722 0.010960 0.008349
5 0.192589 0.091837 0.008351 0.009276
1 0.199635 0.165584 0.016180 0.015770
1 0.192067 0.180427 0.013570 0.015770
5 0.201983 0.194805 0.007307 0.016698
4 0.168319 0.190167 0.006785 0.012987
5 0.161534 0.200371 0.006785 0.016698
3 0.313674 0.825139 0.064718 0.297774
1 0.369781 0.661874 0.031837 0.069573
3 0.405532 0.487941 0.052192 0.141002
4 0.460073 0.791280 0.017223 0.046382
7 0.476775 0.739796 0.020355 0.038033
7 0.570198 0.832096 0.023486 0.033395
7 0.565240 0.819573 0.020877 0.034323
7 0.564979 0.813544 0.022443 0.031540
7 0.561326 0.811224 0.022443 0.028757
7 0.561065 0.805195 0.019833 0.029685
7 0.559760 0.802876 0.018267 0.026902
7 0.557672 0.795918 0.024530 0.029685
7 0.553236 0.788033 0.025052 0.028757
7 0.552453 0.780612 0.021399 0.028757
7 0.548800 0.776902 0.019311 0.032468
7 0.550365 0.769944 0.018267 0.024119
7 0.546190 0.764378 0.022443 0.027829
7 0.546973 0.757885 0.020877 0.025974
7 0.545668 0.756494 0.020355 0.025046
7 0.542015 0.753247 0.021399 0.027829
7 0.542276 0.751391 0.017745 0.029685
7 0.540710 0.744898 0.020877 0.025974
7 0.539144 0.737477 0.021921 0.024119
7 0.590031 0.739332 0.028706 0.027829
7 0.588466 0.731911 0.024530 0.035250
7 0.582203 0.720779 0.024530 0.033395
7 0.605689 0.718460 0.020355 0.038033
7 0.627349 0.730983 0.018789 0.029685
7 0.643789 0.716141 0.020355 0.025974
7 0.706942 0.850186 0.023486 0.034323
5 0.707985 0.966141 0.038100 0.065863
5 0.666754 0.967996 0.031837 0.062152
5 0.528706 0.654917 0.036534 0.044527
7 0.562891 0.604824 0.022443 0.024119
7 0.529489 0.459647 0.014092 0.021336
7 0.519311 0.454545 0.012526 0.024119
7 0.472599 0.359462 0.010960 0.013915
2 0.457463 0.347403 0.019311 0.038033
5 0.437891 0.362709 0.022965 0.024119
1 0.431367 0.349258 0.018267 0.028757
7 0.411795 0.343228 0.012526 0.014842
5 0.408142 0.334416 0.019833 0.028757
4 0.431628 0.326994 0.016701 0.015770
4 0.433194 0.320037 0.019833 0.012987
4 0.418058 0.305659 0.008351 0.015770
7 0.431628 0.274119 0.008351 0.013915
4 0.403967 0.282004 0.011482 0.020408
4 0.398486 0.260668 0.008873 0.016698
4 0.394833 0.242579 0.007829 0.017625
7 0.406315 0.240260 0.009916 0.011132
7 0.379436 0.207792 0.007307 0.009276
1 0.375261 0.218924 0.022965 0.016698
2 0.350209 0.231447 0.012526 0.026902
1 0.343424 0.217996 0.009395 0.014842
1 0.369520 0.187384 0.008351 0.014842
5 0.354645 0.180427 0.015136 0.015770
1 0.373695 0.172078 0.009395 0.017625
5 0.380219 0.168831 0.010960 0.020408
5 0.378392 0.144249 0.010438 0.013915
5 0.378132 0.142393 0.010960 0.013915
5 0.377610 0.142393 0.013048 0.015770
5 0.366388 0.134508 0.010438 0.012987
3 0.327244 0.151206 0.014614 0.025974
3 0.347077 0.119666 0.013570 0.012987
5 0.345772 0.089981 0.005741 0.011132
1 0.340031 0.087199 0.007829 0.009276
3 0.336639 0.406772 0.030271 0.080705
4 0.374739 0.421150 0.010438 0.027829
4 0.366388 0.309369 0.008351 0.019481
7 0.343685 0.288033 0.006785 0.017625
4 0.276096 0.288497 0.008351 0.018553
4 0.269572 0.229592 0.008873 0.019481
4 0.279749 0.190631 0.008351 0.019481
6 0.290449 0.173006 0.012004 0.026902
2 0.295407 0.256957 0.012526 0.029685
3 0.297495 0.313080 0.028184 0.084416
6 0.286273 0.098794 0.010960 0.019481
7 0.263048 0.594156 0.009395 0.030612
3 0.314457 0.101577 0.009916 0.019481
7 0.306367 0.108071 0.003132 0.008349
7 0.305846 0.096011 0.003132 0.006494
7 0.276618 0.092301 0.003132 0.006494
7 0.276357 0.074212 0.002610 0.005566
7 0.274008 0.068182 0.002088 0.006494
7 0.307150 0.071892 0.002610 0.004638
3 0.287056 0.061688 0.006263 0.019481
3 0.304019 0.054267 0.006785 0.012059
3 0.300887 0.041280 0.006785 0.013915
6 0.284969 0.025974 0.004175 0.009276
1 0.280010 0.026902 0.002610 0.005566
