1 0.401786 0.345812 0.015000 0.029188
1 0.433571 0.434645 0.017143 0.044416
1 0.460000 0.457487 0.020000 0.044416
1 0.432143 0.180838 0.012857 0.021574
1 0.431071 0.140228 0.010714 0.021574
1 0.447143 0.132614 0.010000 0.021574
1 0.446429 0.097716 0.008571 0.017766
1 0.422857 0.061548 0.008571 0.019036
3 0.463571 0.032360 0.015714 0.031726
3 0.390000 0.149112 0.012857 0.041878
3 0.581786 0.239848 0.039286 0.035533
6 0.383571 0.262690 0.021429 0.078680
1 0.442500 0.897208 0.029286 0.091371
1 0.513214 0.609772 0.017857 0.064721
1 0.521071 0.329315 0.013571 0.029188
1 0.495357 0.324873 0.012143 0.025381
1 0.485000 0.276650 0.011429 0.022843
1 0.473571 0.170051 0.007143 0.017766
1 0.466786 0.140863 0.012143 0.017766
6 0.585000 0.570431 0.025714 0.100254
6 0.544643 0.437817 0.025000 0.091371
6 0.611786 0.588198 0.025000 0.120558
6 0.573214 0.492386 0.027857 0.088832
6 0.601071 0.491751 0.026429 0.092640
6 0.564643 0.424492 0.027857 0.087563
6 0.589643 0.427030 0.029286 0.085025
6 0.573929 0.378807 0.016429 0.054569
6 0.537500 0.380076 0.019286 0.059645
6 0.552500 0.364848 0.023571 0.069797
6 0.547143 0.317893 0.020000 0.062183
6 0.476429 0.206853 0.014286 0.050761
6 0.494643 0.401015 0.026429 0.081218
6 0.487857 0.345812 0.015714 0.046954
6 0.468571 0.112944 0.011429 0.035533
