0 0.595357 0.813452 0.029286 0.093909
0 0.739643 0.496827 0.027857 0.057107
0 0.835714 0.418147 0.025714 0.057107
0 0.602500 0.324873 0.032143 0.035533
0 0.824643 0.274746 0.019286 0.036802
0 0.836786 0.221447 0.016429 0.034264
0 0.326429 0.234137 0.031429 0.031726
0 0.287143 0.208122 0.030000 0.030457
0 0.246429 0.091371 0.024286 0.027919
0 0.177500 0.065990 0.027857 0.022843
0 0.231786 0.053299 0.023571 0.025381
0 0.249643 0.211294 0.026429 0.034264
0 0.243214 0.177030 0.025000 0.031726
0 0.368571 0.292513 0.030000 0.041878
0 0.418929 0.324239 0.030714 0.041878
0 0.476429 0.335025 0.034286 0.043147
0 0.512500 0.390228 0.033571 0.039340
0 0.516071 0.358503 0.030714 0.036802
0 0.572857 0.460660 0.040000 0.048223
0 0.461429 0.355330 0.028571 0.035533
0 0.384643 0.274746 0.033571 0.039340
0 0.181786 0.157995 0.032143 0.034264
2 0.071786 0.085025 0.030714 0.045685
0 0.070000 0.066624 0.025714 0.026650
0 0.495357 0.900381 0.042143 0.092640
0 0.954286 0.363579 0.038571 0.031726
2 0.565357 0.191624 0.052143 0.053299
0 0.565000 0.026015 0.015714 0.026650
0 0.580714 0.033629 0.017143 0.021574
0 0.605714 0.046954 0.015714 0.025381
0 0.538571 0.013325 0.020000 0.021574
0 0.628214 0.062183 0.017857 0.022843
0 0.639643 0.066624 0.015000 0.021574
0 0.657143 0.068528 0.017143 0.025381
0 0.739643 0.060914 0.025000 0.025381
0 0.743214 0.046954 0.027857 0.025381
0 0.745714 0.034898 0.025714 0.021574
0 0.752500 0.025381 0.023571 0.022843
0 0.761429 0.017132 0.024286 0.021574
0 0.773571 0.010787 0.024286 0.021574
0 0.803214 0.079949 0.023571 0.027919
0 0.826786 0.034264 0.025000 0.027919
0 0.840357 0.029188 0.023571 0.020305
0 0.841429 0.019670 0.020000 0.019036
0 0.841429 0.010152 0.020000 0.020305
0 0.871429 0.063452 0.014286 0.025381
1 0.854286 0.109137 0.028571 0.058376
2 0.755357 0.213198 0.037857 0.083756
2 0.696071 0.232868 0.040714 0.062183
0 0.775000 0.037437 0.011429 0.021574
1 0.884643 0.540609 0.103571 0.162437
2 0.963214 0.189086 0.042143 0.030457
0 0.933929 0.009518 0.013571 0.019036
