1 0.087500 0.119924 0.009286 0.013959
1 0.089286 0.157995 0.010000 0.016497
2 0.075714 0.141497 0.008571 0.021574
3 0.115357 0.124365 0.016429 0.025381
1 0.062857 0.193528 0.018571 0.021574
1 0.322143 0.602792 0.018571 0.032995
2 0.349286 0.735406 0.032857 0.044416
6 0.405000 0.216371 0.041429 0.044416
1 0.492500 0.470178 0.022143 0.019036
1 0.610714 0.416244 0.020000 0.020305
7 0.681429 0.181472 0.002857 0.010152
2 0.637857 0.044416 0.007143 0.012690
2 0.684286 0.010152 0.008571 0.010152
2 0.709643 0.027284 0.007857 0.011421
2 0.816786 0.184645 0.013571 0.013959
1 0.800357 0.092005 0.012143 0.013959
1 0.865714 0.163071 0.014286 0.019036
2 0.837857 0.130711 0.012857 0.020305
6 0.978571 0.221447 0.041429 0.034264
6 0.984643 0.203046 0.030714 0.032995
6 0.991429 0.184645 0.017143 0.031726
3 0.764643 0.027919 0.016429 0.015228
3 0.767500 0.025381 0.013571 0.015228
2 0.835000 0.056472 0.011429 0.013959
3 0.795357 0.073604 0.015000 0.020305
3 0.851429 0.068528 0.017143 0.017766
2 0.838571 0.005076 0.010000 0.007614
2 0.868929 0.006980 0.007857 0.006345
6 0.913571 0.010152 0.017143 0.012690
