1 0.240357 0.022843 0.022143 0.040609
1 0.255357 0.060914 0.020714 0.040609
1 0.284286 0.131345 0.022857 0.044416
1 0.293571 0.046954 0.021429 0.040609
2 0.323571 0.116751 0.024286 0.045685
2 0.341429 0.156726 0.025714 0.046954
1 0.328571 0.180203 0.025714 0.045685
2 0.364643 0.214467 0.026429 0.048223
2 0.337143 0.255711 0.027143 0.052030
1 0.357500 0.305838 0.027857 0.053299
1 0.409643 0.310914 0.025000 0.045685
1 0.407143 0.364213 0.028571 0.055838
2 0.435000 0.371193 0.025714 0.049492
2 0.459643 0.428934 0.032143 0.063452
2 0.488929 0.493655 0.032143 0.060914
1 0.515000 0.555838 0.031429 0.060914
1 0.541071 0.621827 0.035000 0.068528
1 0.525000 0.657360 0.034286 0.071066
1 0.934643 0.970178 0.045000 0.057107
1 0.862857 0.799492 0.042857 0.065990
7 0.923214 0.795051 0.013571 0.024112
