0 0.468214 0.586929 0.020714 0.082487
0 0.549286 0.482868 0.022857 0.064721
0 0.588929 0.461929 0.025000 0.063452
0 0.596786 0.378807 0.043571 0.036802
0 0.431429 0.465736 0.024286 0.060914
0 0.398571 0.448604 0.041429 0.036802
0 0.412500 0.368655 0.040714 0.049492
0 0.411786 0.308376 0.037857 0.050761
0 0.410714 0.262690 0.035714 0.030457
0 0.403571 0.210660 0.014286 0.045685
0 0.507500 0.147843 0.013571 0.041878
0 0.393214 0.720812 0.049286 0.048223
0 0.304286 0.690990 0.024286 0.082487
0 0.339643 0.614848 0.026429 0.074873
0 0.243214 0.772843 0.053571 0.045685
0 0.253929 0.694162 0.056429 0.050761
0 0.205714 0.605330 0.031429 0.071066
0 0.305714 0.491751 0.045714 0.034264
0 0.207143 0.482868 0.051429 0.039340
0 0.230357 0.339467 0.040714 0.034264
0 0.095000 0.969543 0.041429 0.055838
0 0.217143 0.988579 0.061429 0.020305
0 0.371429 0.985406 0.060000 0.026650
0 0.313214 0.395305 0.042143 0.031726
0 0.318571 0.369924 0.032857 0.029188
0 0.320000 0.335025 0.038571 0.038071
0 0.318571 0.309010 0.042857 0.034264
0 0.321786 0.286168 0.036429 0.029188
0 0.325000 0.263959 0.035714 0.035533
0 0.326071 0.204949 0.033571 0.026650
0 0.341429 0.187183 0.031429 0.029188
0 0.337500 0.153553 0.022143 0.025381
0 0.341071 0.135787 0.033571 0.030457
0 0.344643 0.118020 0.030714 0.027919
0 0.354286 0.084391 0.031429 0.029188
0 0.352143 0.069162 0.032857 0.026650
0 0.388571 0.046954 0.020000 0.043147
0 0.350357 0.041878 0.029286 0.025381
0 0.353214 0.024746 0.029286 0.026650
0 0.425714 0.021574 0.030000 0.027919
0 0.597143 0.291878 0.045714 0.038071
0 0.586071 0.230330 0.040714 0.034264
0 0.581786 0.133883 0.027857 0.034264
0 0.579643 0.109772 0.039286 0.031726
0 0.567500 0.040609 0.013571 0.043147
2 0.391429 0.773477 0.062857 0.064721
1 0.561786 0.897843 0.042143 0.184010
