0 0.083214 0.839524 0.043571 0.073333
2 0.306429 0.352381 0.032857 0.064762
0 0.587857 0.103333 0.018571 0.029524
2 0.621071 0.090476 0.016429 0.024762
0 0.709643 0.198095 0.029286 0.020952
0 0.700714 0.299048 0.038571 0.028571
0 0.696071 0.348571 0.032143 0.028571
0 0.693571 0.385714 0.031429 0.024762
0 0.770714 0.407143 0.035714 0.021905
0 0.766786 0.368571 0.040714 0.028571
0 0.772857 0.272857 0.037143 0.021905
0 0.776429 0.241905 0.032857 0.022857
0 0.778214 0.215238 0.032143 0.020952
0 0.777143 0.162857 0.028571 0.022857
