2 0.290714 0.194286 0.035714 0.030476
1 0.385357 0.233810 0.027857 0.029524
1 0.373929 0.254762 0.030714 0.031429
3 0.365357 0.276190 0.037857 0.034286
1 0.341071 0.352381 0.033571 0.030476
1 0.331429 0.371905 0.032857 0.027619
1 0.328214 0.769524 0.020714 0.045714
1 0.346071 0.782381 0.022143 0.040952
1 0.391786 0.802381 0.023571 0.042857
1 0.415000 0.815238 0.020000 0.041905
1 0.454286 0.829524 0.020000 0.041905
1 0.457143 0.655238 0.022857 0.036190
1 0.502143 0.677619 0.021429 0.042857
1 0.521429 0.688095 0.018571 0.033333
