0 0.436786 0.521574 0.032143 0.081218
0 0.378571 0.788071 0.032857 0.096447
0 0.073929 0.605330 0.057857 0.060914
0 0.428929 0.711929 0.035000 0.078680
0 0.505000 0.509518 0.030000 0.072335
0 0.498929 0.425127 0.033571 0.081218
0 0.544286 0.295051 0.025714 0.064721
0 0.511786 0.237310 0.027857 0.068528
0 0.589286 0.036802 0.022857 0.053299
0 0.200357 0.812183 0.062143 0.063452
0 0.194286 0.678934 0.050000 0.058376
0 0.137143 0.764594 0.052857 0.062183
1 0.157500 0.711294 0.146429 0.138325
1 0.036786 0.630076 0.073571 0.092640
0 0.630000 0.413071 0.025714 0.074873
