2 0.751827 0.764842 0.069415 0.091837
2 0.658403 0.675788 0.051670 0.089981
2 0.654749 0.716605 0.069415 0.119666
2 0.713466 0.756494 0.074113 0.134508
2 0.704071 0.836735 0.078288 0.139147
2 0.636221 0.731911 0.067850 0.126160
2 0.676409 0.859462 0.044885 0.076994
2 0.653445 0.928571 0.079332 0.141002
2 0.590292 0.791744 0.049061 0.076994
2 0.545929 0.717069 0.045929 0.068646
0 0.552453 0.671614 0.034969 0.042672
2 0.515919 0.792672 0.032881 0.036178
2 0.524791 0.630798 0.135177 0.155844
2 0.525574 0.536642 0.042797 0.058442
2 0.532881 0.597403 0.049061 0.051948
2 0.499478 0.605751 0.025052 0.057514
2 0.444676 0.618738 0.056367 0.046382
2 0.449635 0.591373 0.060021 0.034323
2 0.462683 0.569109 0.063152 0.045455
0 0.467380 0.561224 0.038100 0.027829
0 0.471033 0.544527 0.024530 0.037106
0 0.451722 0.545455 0.024530 0.040816
0 0.448852 0.496289 0.018789 0.027829
2 0.466075 0.513915 0.019833 0.037106
2 0.432150 0.512059 0.037578 0.025974
0 0.384395 0.596939 0.024530 0.043599
0 0.381785 0.547774 0.033925 0.030612
0 0.382307 0.535714 0.030793 0.034323
0 0.433194 0.499536 0.020877 0.034323
0 0.446764 0.464286 0.030271 0.025046
0 0.387004 0.469388 0.034969 0.025974
0 0.384134 0.459184 0.032359 0.022263
0 0.381785 0.451299 0.031837 0.021336
2 0.353862 0.448052 0.031315 0.024119
0 0.359603 0.238404 0.020877 0.016698
2 0.190762 0.278293 0.019311 0.033395
2 0.253653 0.242115 0.012526 0.024119
2 0.231994 0.165121 0.005741 0.012987
2 0.235908 0.105751 0.010438 0.018553
2 0.231472 0.089054 0.008873 0.018553
0 0.225992 0.055659 0.005219 0.009276
2 0.224687 0.040816 0.007829 0.018553
2 0.794363 0.154453 0.028184 0.015770
