1 0.371602 0.974237 0.122318 0.047710
1 0.019671 0.202767 0.039342 0.037214
1 0.289700 0.534351 0.107296 0.070611
1 0.566166 0.644084 0.126609 0.103053
1 0.721030 0.710401 0.138770 0.104008
1 0.909514 0.781011 0.156652 0.123092
1 0.094063 0.442271 0.065093 0.052481
7 0.224964 0.451813 0.030758 0.029580
7 0.576538 0.542462 0.038627 0.042939
7 0.465308 0.612118 0.036481 0.041031
7 0.755722 0.602576 0.043634 0.042939
7 0.676681 0.574427 0.044349 0.049618
7 0.800787 0.676050 0.032189 0.031489
7 0.452432 0.456107 0.012160 0.038168
0 0.423104 0.599714 0.023605 0.027672
5 0.383763 0.581584 0.053648 0.041031
0 0.748569 0.525763 0.012160 0.051527
0 0.566166 0.475668 0.029328 0.035305
0 0.574750 0.465649 0.032189 0.034351
0 0.574750 0.451813 0.029328 0.039122
0 0.433476 0.447519 0.018598 0.038168
7 0.442060 0.456107 0.012876 0.026718
5 0.864807 0.645992 0.065808 0.057252
0 0.798641 0.555344 0.012160 0.043893
0 0.765737 0.532920 0.015021 0.042939
0 0.834049 0.513359 0.032904 0.032443
0 0.821173 0.534828 0.038627 0.031489
0 0.982475 0.717557 0.033619 0.028626
