0 0.035714 0.289340 0.020000 0.020305
0 0.049643 0.299492 0.012143 0.022843
2 0.061429 0.319162 0.031429 0.046954
2 0.071071 0.366751 0.042143 0.063452
2 0.089643 0.355964 0.036429 0.057107
2 0.105000 0.343909 0.032857 0.043147
1 0.025357 0.143401 0.033571 0.040609
0 0.027143 0.176396 0.014286 0.022843
0 0.087500 0.289975 0.016429 0.016497
0 0.187143 0.366751 0.018571 0.022843
0 0.153571 0.366117 0.018571 0.024112
0 0.157143 0.401015 0.020000 0.030457
0 0.174643 0.416878 0.019286 0.034264
0 0.186071 0.423223 0.015000 0.024112
0 0.209643 0.454949 0.019286 0.031726
0 0.218214 0.464467 0.019286 0.032995
2 0.225000 0.583756 0.037143 0.063452
2 0.268571 0.657995 0.047143 0.087563
0 0.263929 0.548223 0.023571 0.020305
0 0.328571 0.743655 0.021429 0.040609
0 0.241429 0.407995 0.018571 0.021574
0 0.286786 0.440355 0.022143 0.022843
0 0.283929 0.476523 0.020714 0.026650
0 0.322857 0.465736 0.022857 0.025381
0 0.346071 0.371827 0.022143 0.020305
1 0.337143 0.543782 0.052857 0.082487
0 0.381071 0.565990 0.022143 0.025381
0 0.402500 0.628173 0.020714 0.030457
0 0.435000 0.672589 0.022857 0.032995
0 0.378571 0.501904 0.018571 0.024112
0 0.478571 0.608503 0.022857 0.029188
0 0.539286 0.470812 0.022857 0.022843
1 0.630357 0.437183 0.060714 0.052030
0 0.691071 0.524746 0.023571 0.024112
0 0.702500 0.621193 0.026429 0.034264
0 0.579286 0.739213 0.025714 0.034264
0 0.591071 0.800761 0.016429 0.027919
1 0.562857 0.880076 0.061429 0.115482
0 0.680714 0.977157 0.028571 0.043147
0 0.977500 0.979695 0.032143 0.038071
0 0.991429 0.954315 0.017143 0.038071
0 0.797857 0.765863 0.027143 0.039340
0 0.893929 0.779188 0.023571 0.032995
0 0.848929 0.825508 0.027857 0.041878
0 0.758214 0.273477 0.022143 0.019036
0 0.636786 0.267132 0.020714 0.019036
1 0.956071 0.294416 0.023571 0.055838
1 0.969643 0.288706 0.033571 0.082487
1 0.982143 0.281091 0.032857 0.082487
1 0.987500 0.266497 0.025000 0.081218
1 0.978214 0.180838 0.043571 0.046954
1 0.986786 0.210660 0.026429 0.040609
0 0.978214 0.140863 0.019286 0.020305
