7 0.290357 0.768571 0.025000 0.066667
1 0.288571 0.658095 0.117143 0.129524
1 0.300000 0.511905 0.088571 0.086667
1 0.289286 0.418095 0.062857 0.060952
1 0.140357 0.269048 0.079286 0.033333
1 0.147143 0.310952 0.080000 0.042857
1 0.077500 0.350476 0.075000 0.047619
1 0.235357 0.319524 0.075000 0.040952
1 0.208571 0.353333 0.084286 0.036190
1 0.221786 0.375714 0.080714 0.042857
1 0.271071 0.250476 0.065000 0.036190
1 0.280357 0.288095 0.070714 0.035238
0 0.225000 0.962857 0.032857 0.074286
1 0.578571 0.951905 0.190000 0.096190
1 0.572500 0.846667 0.193571 0.163810
1 0.547500 0.744762 0.155000 0.118095
1 0.530714 0.658095 0.128571 0.100952
1 0.705714 0.861429 0.121429 0.218095
1 0.768571 0.746190 0.107143 0.168571
1 0.638929 0.672381 0.095000 0.161905
1 0.594286 0.555714 0.077143 0.098095
1 0.504286 0.579048 0.117143 0.091429
1 0.489643 0.525238 0.099286 0.069524
1 0.482143 0.479524 0.088571 0.065714
1 0.561429 0.474286 0.057143 0.078095
1 0.467500 0.442857 0.087857 0.059048
1 0.460714 0.411429 0.080000 0.047619
1 0.471071 0.386667 0.069286 0.051429
1 0.541786 0.410000 0.036429 0.063810
1 0.685000 0.533333 0.072857 0.102857
1 0.750357 0.532381 0.083571 0.095238
1 0.467143 0.337619 0.010000 0.037143
1 0.452500 0.289524 0.023571 0.017143
1 0.413214 0.215238 0.040714 0.032381
1 0.454643 0.176190 0.025000 0.032381
1 0.478214 0.154286 0.023571 0.022857
1 0.434286 0.142381 0.024286 0.020000
1 0.413929 0.143810 0.025000 0.024762
1 0.376071 0.161429 0.027857 0.029524
7 0.423214 0.191429 0.016429 0.013333
7 0.392500 0.153333 0.009286 0.013333
1 0.322500 0.106667 0.019286 0.020952
1 0.334286 0.097143 0.021429 0.017143
1 0.322143 0.074762 0.020000 0.014286
1 0.303214 0.084286 0.016429 0.016190
1 0.301786 0.068095 0.019286 0.016190
1 0.282143 0.063333 0.018571 0.016190
1 0.292500 0.072857 0.020714 0.014286
1 0.416429 0.096190 0.028571 0.020952
0 0.967143 0.685238 0.035714 0.054286
1 0.880357 0.518095 0.093571 0.085714
1 0.811786 0.444286 0.066429 0.058095
1 0.851071 0.391905 0.086429 0.039048
1 0.874286 0.423333 0.102857 0.048571
1 0.927857 0.466667 0.111429 0.055238
1 0.951071 0.510476 0.095000 0.059048
1 0.774286 0.292857 0.065714 0.044762
1 0.741786 0.240000 0.039286 0.028571
1 0.875357 0.205714 0.037857 0.026667
1 0.908571 0.201905 0.035714 0.026667
2 0.697500 0.181905 0.037857 0.028571
1 0.715357 0.193810 0.035000 0.025714
1 0.736786 0.177143 0.029286 0.022857
2 0.784286 0.166190 0.035714 0.029524
1 0.579643 0.163810 0.036429 0.026667
1 0.592500 0.151429 0.027857 0.024762
1 0.576071 0.140476 0.040714 0.020000
2 0.612143 0.141429 0.030000 0.025714
1 0.638571 0.157143 0.035714 0.020952
2 0.618214 0.136667 0.032143 0.023810
1 0.650000 0.146667 0.032857 0.026667
1 0.641071 0.133810 0.029286 0.016190
1 0.666071 0.144286 0.022143 0.025714
1 0.680000 0.141429 0.022857 0.021905
1 0.691429 0.139048 0.025714 0.019048
1 0.702857 0.136190 0.030000 0.022857
1 0.715357 0.135714 0.026429 0.023810
1 0.726429 0.131429 0.021429 0.022857
1 0.740000 0.134286 0.028571 0.024762
1 0.753214 0.131905 0.023571 0.021905
1 0.760714 0.129048 0.025714 0.021905
1 0.675357 0.125238 0.036429 0.021905
1 0.835357 0.121905 0.023571 0.019048
1 0.840714 0.120000 0.028571 0.020952
1 0.850000 0.117619 0.027143 0.021905
1 0.859286 0.116667 0.022857 0.020000
1 0.863929 0.113333 0.027857 0.017143
