0 0.851429 0.680838 0.030000 0.046954
0 0.824643 0.669416 0.029286 0.029188
0 0.787857 0.671954 0.031429 0.029188
0 0.766429 0.638959 0.031429 0.024112
0 0.714643 0.663706 0.029286 0.027919
0 0.721071 0.590736 0.032143 0.029188
1 0.898929 0.614213 0.047857 0.030457
2 0.411071 0.449873 0.057857 0.041878
0 0.408929 0.414975 0.027857 0.030457
0 0.370000 0.400381 0.022857 0.029188
0 0.337857 0.380711 0.027143 0.027919
0 0.299286 0.368655 0.025714 0.026650
0 0.311786 0.424492 0.027857 0.026650
0 0.257500 0.355964 0.029286 0.026650
0 0.295357 0.334391 0.032143 0.031726
0 0.265357 0.328680 0.029286 0.025381
0 0.174643 0.319797 0.029286 0.025381
0 0.112500 0.319162 0.030714 0.026650
0 0.075714 0.217640 0.014286 0.041878
0 0.203571 0.320431 0.028571 0.026650
0 0.235357 0.323604 0.027857 0.025381
