0 0.247143 0.071905 0.038571 0.058095
0 0.409286 0.006667 0.022857 0.013333
0 0.463571 0.018095 0.017143 0.036190
0 0.496786 0.042857 0.023571 0.057143
0 0.396786 0.044762 0.026429 0.055238
0 0.329286 0.053333 0.032857 0.051429
0 0.315714 0.116667 0.034286 0.060000
0 0.375714 0.121429 0.032857 0.065714
0 0.359286 0.253333 0.037143 0.087619
2 0.295714 0.190476 0.041429 0.083810
0 0.287857 0.280952 0.034286 0.076190
0 0.516071 0.315714 0.036429 0.100000
0 0.338929 0.374286 0.052143 0.110476
0 0.276429 0.379524 0.051429 0.115238
0 0.154286 0.444286 0.120000 0.056190
0 0.160714 0.510000 0.131429 0.077143
0 0.305000 0.481905 0.110000 0.083810
0 0.063929 0.592857 0.127857 0.077143
0 0.357143 0.655714 0.061429 0.159048
0 0.266786 0.815714 0.067857 0.181905
0 0.644286 0.009524 0.028571 0.019048
0 0.655357 0.038095 0.032143 0.047619
0 0.673929 0.090000 0.036429 0.050476
0 0.686786 0.146667 0.039286 0.059048
0 0.706786 0.214762 0.045000 0.071429
0 0.728214 0.294286 0.046429 0.070476
2 0.758929 0.384286 0.082143 0.138095
0 0.681786 0.534762 0.059286 0.124762
0 0.882143 0.861429 0.138571 0.220000
0 0.336786 0.931429 0.080714 0.135238
2 0.234286 0.956667 0.094286 0.084762
