0 0.064643 0.866190 0.126429 0.109524
0 0.111786 0.586667 0.089286 0.106667
0 0.175357 0.579524 0.086429 0.111429
0 0.175000 0.483333 0.075714 0.077143
0 0.691429 0.895238 0.128571 0.099048
0 0.690357 0.806190 0.117857 0.092381
0 0.672500 0.596667 0.096429 0.067619
0 0.667500 0.538571 0.096429 0.061905
0 0.671786 0.497143 0.085000 0.049524
0 0.671786 0.453810 0.080714 0.046667
0 0.668214 0.418095 0.073571 0.045714
0 0.661786 0.380952 0.079286 0.041905
0 0.675714 0.350952 0.068571 0.044762
0 0.670714 0.322381 0.061429 0.031429
0 0.669286 0.298571 0.060000 0.033333
0 0.634643 0.269048 0.055000 0.035238
0 0.610714 0.247619 0.060000 0.030476
0 0.613571 0.228571 0.052857 0.032381
0 0.626786 0.211429 0.055000 0.034286
0 0.632857 0.192381 0.058571 0.034286
0 0.607143 0.162381 0.051429 0.031429
0 0.606071 0.136667 0.050714 0.027619
0 0.612143 0.111429 0.045714 0.026667
0 0.609286 0.089048 0.047143 0.023810
0 0.624643 0.016190 0.029286 0.017143
0 0.600000 0.023810 0.015714 0.032381
0 0.350000 0.628095 0.105714 0.067619
0 0.372500 0.570000 0.095000 0.075238
0 0.376786 0.509524 0.086429 0.064762
0 0.390714 0.470000 0.084286 0.056190
0 0.242857 0.451905 0.060000 0.073333
0 0.242500 0.347143 0.062143 0.061905
0 0.283214 0.374286 0.050714 0.062857
0 0.412500 0.428095 0.079286 0.056190
0 0.423214 0.396667 0.079286 0.050476
0 0.434286 0.370476 0.075714 0.047619
0 0.465714 0.299524 0.047143 0.040952
0 0.476071 0.276190 0.067857 0.047619
0 0.480714 0.253810 0.060000 0.044762
0 0.468571 0.216667 0.055714 0.039048
0 0.477857 0.199524 0.051429 0.031429
0 0.483214 0.185238 0.053571 0.029524
0 0.485714 0.170000 0.050000 0.027619
0 0.501429 0.160952 0.055714 0.034286
0 0.492857 0.146190 0.051429 0.027619
0 0.506071 0.100952 0.043571 0.030476
0 0.511071 0.091429 0.042143 0.024762
0 0.523929 0.061429 0.042143 0.029524
0 0.462500 0.030476 0.017857 0.024762
0 0.535000 0.036667 0.027143 0.016190
0 0.538571 0.021429 0.031429 0.016190
0 0.536429 0.030000 0.035714 0.020000
