0 0.258214 0.420952 0.082143 0.104762
0 0.357143 0.298095 0.068571 0.083810
0 0.431429 0.205714 0.067143 0.076190
0 0.535357 0.087619 0.045000 0.055238
0 0.459286 0.121905 0.052857 0.059048
0 0.370357 0.213333 0.065000 0.074286
0 0.246429 0.338095 0.077143 0.089524
0 0.149286 0.536190 0.100000 0.116190
0 0.130357 0.459048 0.093571 0.104762
0 0.103571 0.710476 0.128571 0.160000
0 0.578929 0.032857 0.043571 0.048571
0 0.546786 0.029048 0.039286 0.044762
0 0.853571 0.083810 0.038571 0.049524
0 0.830000 0.148571 0.047143 0.060952
0 0.802143 0.221905 0.041429 0.060952
0 0.778929 0.305238 0.053571 0.082857
0 0.738214 0.400952 0.062143 0.093333
0 0.689643 0.505238 0.066429 0.107619
0 0.593571 0.770476 0.082857 0.150476
0 0.865000 0.630476 0.137143 0.100952
0 0.876786 0.492381 0.132143 0.089524
0 0.910000 0.396667 0.110000 0.075238
0 0.918929 0.330952 0.099286 0.071429
0 0.934643 0.268095 0.087857 0.067619
0 0.955357 0.235238 0.079286 0.060952
0 0.941786 0.187143 0.087857 0.060000
0 0.952500 0.145238 0.087857 0.060000
0 0.962143 0.098095 0.075714 0.045714
0 0.968929 0.057619 0.062143 0.042857
0 0.968929 0.026667 0.062143 0.043810
0 0.869643 0.036190 0.033571 0.038095
0 0.826786 0.943810 0.196429 0.112381
0 0.526429 0.956190 0.088571 0.085714
0 0.041786 0.686667 0.083571 0.140952
0 0.022143 0.598095 0.044286 0.097143
0 0.426429 0.829048 0.110000 0.170476
0 0.518214 0.641429 0.095000 0.159048
0 0.604286 0.477143 0.062857 0.104762
0 0.657143 0.366667 0.050000 0.083810
0 0.701429 0.260952 0.047143 0.076190
0 0.770714 0.124286 0.042857 0.067619
