1 0.241071 0.948571 0.030714 0.034286
1 0.297143 0.861429 0.022857 0.023810
1 0.327857 0.850952 0.020000 0.021905
6 0.477143 0.684286 0.015714 0.023810
1 0.083214 0.727619 0.020714 0.011429
1 0.201429 0.751905 0.020000 0.014286
1 0.364643 0.703333 0.010714 0.012381
1 0.374286 0.705238 0.011429 0.012381
1 0.383571 0.706190 0.011429 0.012381
1 0.395357 0.707619 0.010714 0.013333
1 0.406071 0.698095 0.009286 0.011429
1 0.416786 0.687143 0.009286 0.010476
1 0.426071 0.677619 0.010714 0.010476
1 0.437143 0.661905 0.008571 0.009524
1 0.372857 0.695238 0.011429 0.011429
2 0.383571 0.693810 0.011429 0.014286
1 0.382143 0.688095 0.010000 0.010476
1 0.395000 0.687143 0.010000 0.010476
1 0.396429 0.695714 0.012857 0.012381
1 0.403571 0.688095 0.008571 0.010476
1 0.404286 0.678571 0.008571 0.010476
1 0.410714 0.681429 0.008571 0.012381
1 0.412143 0.672857 0.008571 0.010476
1 0.402143 0.670476 0.008571 0.009524
1 0.421071 0.663333 0.009286 0.010476
1 0.422500 0.672857 0.009286 0.012381
1 0.427857 0.667143 0.008571 0.010476
1 0.431429 0.657619 0.008571 0.008571
1 0.443214 0.655238 0.009286 0.009524
1 0.460000 0.640952 0.007143 0.009524
1 0.473929 0.636667 0.007857 0.008571
1 0.485714 0.623333 0.007143 0.006667
1 0.498571 0.608095 0.007143 0.006667
1 0.498214 0.658571 0.007857 0.010476
1 0.519286 0.597619 0.005714 0.006667
