0 0.189286 0.832857 0.201429 0.267619
0 0.562143 0.736667 0.090000 0.191429
0 0.403929 0.393333 0.080714 0.102857
0 0.469286 0.424762 0.081429 0.116190
0 0.611071 0.331905 0.063571 0.088571
0 0.651071 0.152857 0.037857 0.046667
0 0.666429 0.057143 0.035714 0.032381
0 0.753929 0.052381 0.025000 0.030476
0 0.792500 0.021429 0.017857 0.021905
1 0.341071 0.748095 0.357857 0.503810
1 0.941071 0.454286 0.115000 0.304762
1 0.283929 0.036667 0.119286 0.073333
1 0.258214 0.044762 0.099286 0.089524
1 0.201786 0.051429 0.122143 0.099048
1 0.182500 0.067619 0.125000 0.106667
2 0.469643 0.040000 0.043571 0.040000
0 0.462143 0.113333 0.045714 0.041905
0 0.566071 0.179524 0.045000 0.048571
0 0.577143 0.084762 0.037143 0.036190
0 0.521429 0.070952 0.031429 0.033333
0 0.493571 0.088095 0.038571 0.040952
2 0.607857 0.040476 0.044286 0.063810
0 0.562857 0.032857 0.031429 0.029524
0 0.579643 0.021429 0.020714 0.027619
0 0.782857 0.051429 0.022857 0.036190
0 0.778929 0.071429 0.019286 0.030476
0 0.771071 0.082381 0.023571 0.025714
0 0.750714 0.150952 0.028571 0.050476
0 0.738929 0.187619 0.037857 0.047619
0 0.721071 0.230000 0.042143 0.058095
0 0.702500 0.282381 0.046429 0.071429
0 0.765357 0.290000 0.052143 0.086667
0 0.777857 0.224762 0.037143 0.064762
0 0.783929 0.181905 0.029286 0.043810
0 0.795714 0.151905 0.030000 0.042857
0 0.797500 0.124762 0.027857 0.030476
0 0.809643 0.077143 0.020714 0.026667
0 0.811071 0.057619 0.022143 0.025714
0 0.812500 0.043333 0.019286 0.023810
0 0.817500 0.025714 0.019286 0.030476
0 0.843214 0.198571 0.037857 0.050476
0 0.883571 0.105238 0.025714 0.033333
0 0.853929 0.049048 0.022143 0.027619
0 0.881786 0.010476 0.017857 0.020952
0 0.941429 0.120952 0.028571 0.036190
0 0.945357 0.187143 0.037857 0.040952
0 0.844286 0.381429 0.048571 0.082857
0 0.978929 0.304762 0.042143 0.059048
