0 0.063571 0.691905 0.061429 0.143810
0 0.367857 0.737143 0.044286 0.123810
0 0.431071 0.726190 0.037857 0.119048
0 0.502857 0.625714 0.047143 0.135238
0 0.546786 0.797143 0.037857 0.140952
0 0.615714 0.780476 0.045714 0.130476
0 0.553571 0.603810 0.042857 0.127619
0 0.445357 0.560952 0.039286 0.114286
0 0.389286 0.558571 0.047143 0.119048
0 0.557857 0.418571 0.034286 0.105714
0 0.602500 0.593810 0.040714 0.130476
0 0.457500 0.428095 0.040714 0.109524
0 0.408929 0.378095 0.036429 0.091429
0 0.465714 0.262857 0.030000 0.081905
0 0.452143 0.024762 0.025714 0.049524
0 0.476071 0.140000 0.026429 0.076190
0 0.421071 0.267619 0.032143 0.085714
1 0.568214 0.110952 0.045000 0.149524
2 0.604286 0.416667 0.040000 0.134286
0 0.175000 0.390952 0.037143 0.100000
0 0.106786 0.269048 0.080714 0.046667
0 0.049643 0.499524 0.085000 0.056190
0 0.163214 0.117619 0.070714 0.042857
0 0.777857 0.040000 0.035714 0.057143
0 0.166429 0.082381 0.064286 0.042857
0 0.093571 0.323333 0.082857 0.042857
0 0.124643 0.229524 0.063571 0.051429
0 0.134643 0.198571 0.072143 0.048571
0 0.178571 0.052857 0.065714 0.039048
0 0.192857 0.020952 0.067143 0.040000
0 0.926071 0.027619 0.057857 0.038095
0 0.957143 0.117619 0.080000 0.044762
0 0.946429 0.083333 0.064286 0.029524
0 0.016429 0.877619 0.032857 0.120952
