1 0.853929 0.666667 0.226429 0.123810
1 0.964286 0.590952 0.071429 0.092381
1 0.966429 0.486667 0.067143 0.068571
1 0.757500 0.578095 0.179286 0.100952
1 0.798929 0.479048 0.106429 0.053333
1 0.775357 0.453333 0.110714 0.055238
0 0.306786 0.439048 0.016429 0.051429
1 0.496071 0.376667 0.029286 0.039048
2 0.462143 0.348095 0.024286 0.037143
2 0.300714 0.384286 0.034286 0.050476
2 0.179643 0.360952 0.035000 0.041905
6 0.218571 0.319524 0.061429 0.050476
1 0.045714 0.366190 0.032857 0.031429
1 0.061429 0.344762 0.030000 0.022857
1 0.085357 0.309048 0.017857 0.018095
1 0.150357 0.388571 0.043571 0.038095
1 0.225357 0.344762 0.040714 0.026667
1 0.273214 0.326667 0.026429 0.024762
1 0.308929 0.312857 0.022143 0.018095
1 0.324286 0.305714 0.015714 0.019048
1 0.337500 0.300476 0.013571 0.016190
2 0.382500 0.329524 0.029286 0.024762
1 0.392857 0.298095 0.015714 0.013333
1 0.538929 0.377143 0.029286 0.034286
0 0.624286 0.527143 0.050000 0.073333
1 0.666786 0.410476 0.085000 0.043810
1 0.786429 0.410476 0.092857 0.043810
1 0.891786 0.408095 0.112143 0.048571
1 0.703929 0.320000 0.026429 0.020952
1 0.679286 0.345238 0.035714 0.029524
2 0.660357 0.370000 0.027857 0.039048
1 0.621786 0.377619 0.036429 0.037143
1 0.690357 0.373333 0.026429 0.032381
1 0.721786 0.370952 0.029286 0.035238
1 0.760357 0.368095 0.033571 0.037143
1 0.725357 0.349524 0.033571 0.030476
1 0.562857 0.354286 0.058571 0.028571
1 0.554286 0.344762 0.057143 0.024762
1 0.551429 0.337619 0.050000 0.020000
1 0.552143 0.331905 0.048571 0.023810
1 0.542857 0.312381 0.040000 0.017143
2 0.465000 0.331429 0.020000 0.022857
1 0.474286 0.314286 0.017143 0.019048
2 0.594286 0.274762 0.021429 0.010476
1 0.598214 0.281429 0.010714 0.010476
6 0.380000 0.265714 0.011429 0.017143
0 0.368214 0.379048 0.016429 0.022857
7 0.229286 0.384762 0.014286 0.024762
2 0.027143 0.333333 0.028571 0.026667
2 0.016429 0.319524 0.025714 0.027619
1 0.256429 0.313333 0.015714 0.019048
1 0.135357 0.300952 0.035000 0.017143
2 0.951071 0.369048 0.050714 0.044762
