1 0.174322 0.176716 0.049061 0.041744
1 0.202766 0.318182 0.047495 0.046382
1 0.228862 0.502783 0.058977 0.063080
1 0.231472 0.598794 0.036013 0.097403
1 0.294102 0.730056 0.064196 0.064935
1 0.400835 0.875696 0.056367 0.092764
1 0.431889 0.929499 0.053758 0.085343
1 0.463727 0.962430 0.050626 0.073284
1 0.509656 0.698052 0.036013 0.095547
1 0.578549 0.652597 0.052714 0.099258
2 0.653184 0.584879 0.046451 0.093692
1 0.680846 0.570965 0.053758 0.099258
1 0.584551 0.466605 0.051148 0.059369
1 0.611430 0.346011 0.045407 0.068646
