1 0.918500 0.975667 0.082000 0.048667
1 0.814000 0.970667 0.076000 0.058667
2 0.971750 0.787333 0.056500 0.078667
2 0.868250 0.627333 0.061500 0.116000
1 0.719250 0.736333 0.097500 0.147333
1 0.769750 0.663000 0.102500 0.118000
1 0.664750 0.873333 0.074500 0.188000
1 0.577500 0.895667 0.069000 0.192667
1 0.400000 0.758000 0.128000 0.086667
1 0.352750 0.603667 0.104500 0.086000
1 0.558000 0.602667 0.062000 0.121333
1 0.608500 0.598000 0.065000 0.114667
1 0.665500 0.550333 0.097000 0.076667
1 0.706000 0.443667 0.057000 0.067333
2 0.688250 0.314333 0.030500 0.051333
1 0.670500 0.383333 0.035000 0.057333
2 0.629750 0.331333 0.055500 0.049333
1 0.646750 0.471333 0.039500 0.074667
2 0.610250 0.389333 0.061500 0.065333
1 0.580500 0.426000 0.068000 0.077333
4 0.547750 0.503333 0.036500 0.065333
2 0.481250 0.491333 0.074500 0.085333
1 0.417750 0.529333 0.085500 0.072000
4 0.497250 0.440000 0.025500 0.045333
2 0.521500 0.368333 0.035000 0.056667
1 0.482500 0.331000 0.057000 0.048667
1 0.440750 0.418333 0.053500 0.062000
2 0.373750 0.453333 0.061500 0.066667
2 0.324000 0.477667 0.075000 0.071333
1 0.265500 0.515000 0.083000 0.067333
1 0.218250 0.564333 0.076500 0.086000
1 0.420000 0.317667 0.050000 0.062000
1 0.440750 0.286333 0.041500 0.040667
1 0.391500 0.240333 0.037000 0.040667
1 0.338500 0.188000 0.033000 0.032000
2 0.544250 0.034667 0.021500 0.021333
6 0.510500 0.023000 0.038000 0.035333
1 0.445250 0.044333 0.029500 0.020667
3 0.412750 0.025333 0.028500 0.022667
1 0.454500 0.008333 0.021000 0.012667
1 0.435250 0.004667 0.014500 0.009333
1 0.293750 0.110000 0.032500 0.024000
2 0.300250 0.147333 0.033500 0.041333
2 0.285000 0.130667 0.022000 0.028000
1 0.271000 0.120667 0.020000 0.022667
2 0.257500 0.074667 0.019000 0.024000
1 0.235000 0.084333 0.018000 0.018000
3 0.225500 0.111333 0.017000 0.024000
1 0.208750 0.086000 0.018500 0.021333
2 0.219000 0.068333 0.015000 0.020667
3 0.210000 0.058000 0.013000 0.020000
1 0.200000 0.053000 0.013000 0.015333
1 0.195500 0.044000 0.014000 0.014667
1 0.188500 0.039333 0.011000 0.014667
2 0.181500 0.029667 0.014000 0.018000
1 0.164250 0.013667 0.012500 0.015333
1 0.157750 0.008000 0.008500 0.012000
2 0.152250 0.005667 0.010500 0.011333
1 0.102750 0.187333 0.040500 0.026667
2 0.073000 0.170667 0.030000 0.029333
1 0.110500 0.146000 0.038000 0.028000
1 0.102750 0.136667 0.031500 0.021333
1 0.084750 0.137000 0.037500 0.020667
1 0.077000 0.130333 0.039000 0.020667
2 0.071250 0.123333 0.038500 0.022667
1 0.054250 0.123333 0.032500 0.020000
1 0.045500 0.113333 0.028000 0.021333
2 0.058750 0.097667 0.034500 0.026000
1 0.082250 0.091000 0.025500 0.024667
