1 0.730000 0.928934 0.100000 0.139594
1 0.866429 0.953680 0.097143 0.090102
1 0.122143 0.468909 0.041429 0.087563
2 0.072857 0.171320 0.024286 0.060914
2 0.057143 0.248731 0.027143 0.071066
2 0.017500 0.118020 0.020714 0.058376
1 0.013929 0.048223 0.016429 0.045685
1 0.082857 0.126904 0.028571 0.048223
2 0.775714 0.486675 0.085714 0.143401
1 0.562143 0.253173 0.051429 0.090102
1 0.461786 0.231599 0.042143 0.069797
1 0.421071 0.038706 0.035000 0.052030
3 0.883929 0.509518 0.103571 0.178934
3 0.469286 0.042513 0.064286 0.085025
2 0.290000 0.053934 0.055714 0.102792
