1 0.121429 0.377619 0.054286 0.084762
1 0.432500 0.394286 0.040714 0.085714
1 0.385714 0.396667 0.034286 0.088571
1 0.342857 0.392381 0.047143 0.083810
1 0.296786 0.393810 0.039286 0.084762
1 0.258571 0.392857 0.045714 0.079048
1 0.212500 0.388571 0.046429 0.087619
1 0.170714 0.384762 0.041429 0.087619
1 0.178929 0.257143 0.077857 0.040000
1 0.093929 0.252857 0.079286 0.048571
1 0.410000 0.266190 0.077143 0.044762
1 0.770357 0.393333 0.043571 0.104762
1 0.913571 0.321429 0.048571 0.088571
1 0.966429 0.347619 0.044286 0.078095
1 0.934286 0.243333 0.041429 0.080952
1 0.842857 0.238095 0.042857 0.074286
1 0.826429 0.153333 0.032857 0.070476
1 0.733571 0.116667 0.031429 0.060000
1 0.778214 0.125238 0.037857 0.071429
1 0.726786 0.033333 0.027857 0.062857
1 0.806429 0.064762 0.030000 0.064762
2 0.753214 0.233810 0.035000 0.092381
2 0.795000 0.210476 0.041429 0.076190
2 0.761071 0.034286 0.035000 0.068571
2 0.820357 0.354762 0.049286 0.092381
2 0.874643 0.370952 0.050714 0.107619
2 0.512143 0.399048 0.031429 0.078095
2 0.472500 0.170952 0.063571 0.044762
1 0.015714 0.248571 0.031429 0.041905
1 0.415357 0.128095 0.030714 0.082857
1 0.470714 0.056190 0.058571 0.038095
1 0.470000 0.024762 0.058571 0.045714
1 0.867143 0.017619 0.037143 0.035238
1 0.494643 0.265714 0.067857 0.089524
7 0.462857 0.072857 0.027143 0.018095
7 0.456786 0.088571 0.027857 0.019048
7 0.151429 0.862381 0.038571 0.033333
7 0.687143 0.871429 0.014286 0.070476
0 0.562500 0.196667 0.007857 0.033333
