1 0.922143 0.502381 0.154286 0.109524
0 0.961071 0.386190 0.047857 0.025714
0 0.887857 0.407143 0.047143 0.027619
0 0.851786 0.414762 0.042143 0.031429
0 0.909643 0.422381 0.059286 0.029524
0 0.895000 0.394762 0.051429 0.031429
0 0.848214 0.398095 0.039286 0.022857
0 0.835000 0.384286 0.040000 0.023810
0 0.943929 0.363333 0.022143 0.027619
0 0.897143 0.353333 0.022857 0.022857
0 0.871786 0.353810 0.025000 0.025714
0 0.848214 0.348571 0.022143 0.022857
0 0.821786 0.345714 0.025000 0.026667
0 0.796786 0.346667 0.026429 0.030476
0 0.782500 0.336190 0.026429 0.032381
1 0.781786 0.356667 0.109286 0.052381
2 0.779643 0.374762 0.059286 0.033333
2 0.757143 0.382381 0.048571 0.029524
0 0.705714 0.386190 0.045714 0.029524
0 0.649286 0.374762 0.040000 0.023810
0 0.658929 0.363810 0.039286 0.019048
0 0.665714 0.351905 0.032857 0.021905
2 0.699286 0.353333 0.060000 0.032381
2 0.689643 0.329048 0.030714 0.016190
0 0.619643 0.350476 0.040714 0.020952
1 0.726071 0.436190 0.167857 0.099048
0 0.640000 0.313333 0.025714 0.017143
0 0.662143 0.295714 0.022857 0.012381
0 0.633571 0.301429 0.024286 0.016190
0 0.631071 0.296667 0.022143 0.018095
2 0.685714 0.309524 0.037143 0.024762
2 0.657143 0.280476 0.034286 0.021905
2 0.686786 0.274762 0.030714 0.023810
2 0.704643 0.267143 0.032143 0.023810
0 0.579643 0.300000 0.025000 0.015238
0 0.616071 0.287619 0.019286 0.013333
0 0.554286 0.316667 0.027143 0.016190
0 0.542857 0.304286 0.028571 0.014286
0 0.513929 0.309524 0.026429 0.015238
0 0.500000 0.305714 0.025714 0.013333
0 0.605357 0.276667 0.016429 0.014286
0 0.595357 0.279524 0.016429 0.014286
0 0.615714 0.287619 0.017143 0.013333
0 0.587857 0.282381 0.012857 0.014286
0 0.575714 0.281429 0.018571 0.018095
0 0.565714 0.282857 0.018571 0.017143
0 0.555357 0.284286 0.019286 0.018095
0 0.551429 0.288571 0.015714 0.017143
0 0.453571 0.286190 0.012857 0.018095
0 0.469286 0.285238 0.018571 0.020000
0 0.450000 0.312381 0.027143 0.013333
0 0.416071 0.309048 0.023571 0.016190
0 0.426071 0.307619 0.022143 0.019048
2 0.447500 0.298095 0.086429 0.051429
1 0.428929 0.356190 0.093571 0.062857
0 0.330714 0.284762 0.015714 0.015238
0 0.321429 0.281905 0.014286 0.013333
0 0.287857 0.281429 0.015714 0.014286
0 0.300000 0.278095 0.015714 0.013333
0 0.278929 0.273810 0.017857 0.012381
0 0.219643 0.260000 0.015000 0.009524
0 0.228571 0.260000 0.014286 0.013333
0 0.194643 0.265238 0.013571 0.012381
0 0.178929 0.269524 0.015000 0.015238
0 0.137500 0.276190 0.017857 0.015238
0 0.162500 0.277143 0.020714 0.015238
0 0.131071 0.257619 0.012143 0.012381
0 0.113214 0.259048 0.013571 0.013333
0 0.107857 0.253810 0.012857 0.012381
0 0.106786 0.242381 0.015000 0.010476
2 0.132500 0.245238 0.017857 0.016190
0 0.127500 0.236190 0.010714 0.007619
0 0.148571 0.246190 0.011429 0.010476
0 0.146786 0.240952 0.010714 0.009524
0 0.165714 0.245714 0.011429 0.009524
0 0.171071 0.238095 0.010714 0.009524
0 0.147500 0.231429 0.010714 0.009524
0 0.141071 0.229524 0.007857 0.007619
0 0.137143 0.233810 0.008571 0.008571
0 0.109643 0.226667 0.007857 0.007619
0 0.106071 0.223333 0.007857 0.008571
0 0.092143 0.220952 0.008571 0.007619
0 0.085357 0.218095 0.007857 0.009524
