1 0.487857 0.422381 0.035714 0.044762
2 0.401071 0.461905 0.057857 0.064762
1 0.246786 0.479524 0.082143 0.060000
1 0.522143 0.369524 0.012857 0.017143
1 0.461071 0.371429 0.016429 0.017143
1 0.486786 0.353333 0.012143 0.013333
6 0.383929 0.385714 0.060714 0.053333
1 0.455714 0.362857 0.015714 0.017143
1 0.502500 0.350476 0.010714 0.011429
1 0.522500 0.342857 0.007857 0.009524
1 0.447143 0.351905 0.012857 0.010476
7 0.406071 0.570952 0.022143 0.063810
7 0.523929 0.551905 0.026429 0.052381
7 0.484286 0.735714 0.034286 0.086667
7 0.546071 0.508571 0.019286 0.041905
7 0.535714 0.476190 0.015714 0.028571
7 0.545000 0.450000 0.012857 0.023810
7 0.608929 0.419048 0.016429 0.017143
7 0.390357 0.428571 0.013571 0.022857
1 0.585714 0.394762 0.015714 0.016190
1 0.639643 0.360000 0.015000 0.017143
1 0.648571 0.365714 0.012857 0.015238
1 0.581786 0.353810 0.010714 0.014286
1 0.592500 0.375714 0.010714 0.010476
1 0.408571 0.375238 0.028571 0.019048
1 0.526786 0.337619 0.006429 0.008571
1 0.524643 0.363810 0.015000 0.017143
