1 0.199643 0.915238 0.047857 0.099048
1 0.250714 0.760476 0.040000 0.090476
0 0.155000 0.695714 0.015714 0.027619
3 0.391429 0.605714 0.052857 0.110476
2 0.333929 0.384286 0.033571 0.067619
1 0.495714 0.403333 0.060000 0.042857
1 0.133214 0.116190 0.047857 0.049524
1 0.121786 0.095714 0.047857 0.044762
1 0.114643 0.016190 0.047857 0.032381
1 0.276429 0.137143 0.032857 0.068571
2 0.326071 0.126190 0.029286 0.056190
7 0.225714 0.063810 0.011429 0.028571
1 0.802857 0.981905 0.061429 0.036190
7 0.717857 0.786667 0.038571 0.019048
3 0.682500 0.721429 0.090714 0.088571
2 0.656429 0.658095 0.058571 0.051429
1 0.646429 0.623333 0.065714 0.058095
1 0.631786 0.583810 0.065000 0.060952
1 0.616071 0.544286 0.062143 0.054286
1 0.598214 0.500476 0.062143 0.052381
1 0.586071 0.461905 0.062143 0.055238
1 0.573571 0.425238 0.058571 0.054286
1 0.540714 0.355238 0.057143 0.043810
2 0.526429 0.316190 0.055714 0.043810
1 0.644643 0.282857 0.055000 0.055238
7 0.677143 0.321905 0.022857 0.020952
7 0.683214 0.333810 0.022143 0.020000
1 0.487857 0.182381 0.052857 0.046667
5 0.541071 0.109524 0.020714 0.051429
7 0.557857 0.088095 0.017143 0.021905
4 0.542143 0.053810 0.017143 0.037143
1 0.458571 0.099524 0.051429 0.044762
1 0.449286 0.073810 0.052857 0.040952
1 0.440714 0.048095 0.047143 0.037143
1 0.432143 0.021905 0.048571 0.034286
1 0.764286 0.557619 0.057143 0.050476
