1 0.492500 0.085333 0.009000 0.004000
1 0.508250 0.096667 0.003500 0.005333
1 0.495750 0.110333 0.006500 0.007333
1 0.511500 0.101333 0.005000 0.004000
1 0.516500 0.104333 0.012000 0.003333
1 0.515500 0.108000 0.009000 0.005333
1 0.517250 0.112000 0.011500 0.006667
1 0.518250 0.114667 0.007500 0.005333
1 0.516000 0.118000 0.007000 0.006667
1 0.479250 0.121333 0.005500 0.005333
1 0.478500 0.124667 0.006000 0.008000
1 0.476500 0.131000 0.006000 0.007333
2 0.468000 0.133333 0.011000 0.008000
1 0.419250 0.127333 0.014500 0.008000
1 0.418250 0.129667 0.015500 0.006000
1 0.417500 0.133667 0.014000 0.008667
1 0.519500 0.148000 0.017000 0.008000
3 0.519500 0.161000 0.022000 0.019333
1 0.516500 0.173333 0.009000 0.009333
1 0.515750 0.182667 0.008500 0.008000
2 0.517750 0.188667 0.010500 0.016000
1 0.473500 0.142667 0.007000 0.005333
1 0.473000 0.146667 0.007000 0.005333
1 0.473000 0.150667 0.006000 0.006667
1 0.472750 0.156333 0.006500 0.008667
1 0.468000 0.181000 0.009000 0.010000
1 0.469250 0.189333 0.009500 0.012000
1 0.468250 0.197000 0.009500 0.012667
7 0.502000 0.152333 0.003000 0.006000
1 0.444500 0.203667 0.028000 0.014000
1 0.522500 0.206000 0.019000 0.010667
1 0.525000 0.209667 0.019000 0.012667
2 0.528750 0.211667 0.019500 0.014000
2 0.531250 0.213333 0.019500 0.013333
1 0.527750 0.224667 0.020500 0.009333
1 0.531000 0.229333 0.027000 0.013333
1 0.532750 0.243000 0.025500 0.015333
1 0.535250 0.265333 0.030500 0.016000
1 0.516250 0.270333 0.020500 0.019333
0 0.535750 0.314000 0.005500 0.012000
1 0.521250 0.336000 0.021500 0.029333
0 0.477750 0.260667 0.003500 0.010667
1 0.458500 0.258000 0.014000 0.021333
1 0.454500 0.277333 0.016000 0.018667
2 0.452250 0.297000 0.017500 0.030000
1 0.424250 0.283333 0.028500 0.017333
1 0.415000 0.292000 0.036000 0.014667
1 0.414750 0.302667 0.041500 0.022667
1 0.413000 0.319667 0.038000 0.020667
2 0.434750 0.345000 0.018500 0.034000
6 0.399250 0.347667 0.034500 0.068667
3 0.722750 0.320667 0.058500 0.033333
1 0.728250 0.351333 0.032500 0.021333
1 0.524750 0.405000 0.052500 0.028667
1 0.530000 0.426667 0.053000 0.036000
1 0.564250 0.442333 0.053500 0.030000
2 0.536250 0.464667 0.050500 0.038667
2 0.544000 0.486000 0.050000 0.040000
1 0.544000 0.515667 0.065000 0.043333
1 0.537750 0.550000 0.067500 0.044000
1 0.551500 0.590667 0.069000 0.046667
1 0.479000 0.591667 0.035000 0.066000
2 0.555500 0.629000 0.077000 0.052667
1 0.557750 0.674000 0.086500 0.048000
1 0.562000 0.732000 0.097000 0.076000
3 0.563000 0.793000 0.105000 0.087333
1 0.568500 0.901333 0.095000 0.104000
3 0.615750 0.963333 0.188500 0.073333
2 0.269250 0.980667 0.161500 0.036000
2 0.257750 0.887000 0.110500 0.087333
2 0.216250 0.790333 0.092500 0.072667
1 0.252750 0.721667 0.099500 0.066000
1 0.290500 0.678000 0.093000 0.060000
2 0.365250 0.448667 0.052500 0.037333
2 0.334250 0.497333 0.060500 0.046667
1 0.361500 0.477667 0.064000 0.035333
1 0.301250 0.522000 0.074500 0.041333
3 0.306500 0.598333 0.117000 0.086000
4 0.248750 0.510333 0.029500 0.020667
7 0.405500 0.474667 0.011000 0.022667
1 0.840000 0.659667 0.077000 0.059333
2 0.879500 0.706333 0.082000 0.090000
1 0.919500 0.770000 0.066000 0.060000
3 0.929000 0.856333 0.142000 0.135333
