1 0.527857 0.231599 0.034286 0.107868
1 0.338929 0.513325 0.042143 0.059645
1 0.032857 0.227792 0.040000 0.074873
1 0.014286 0.297589 0.028571 0.082487
1 0.089643 0.367386 0.036429 0.067259
1 0.166786 0.330584 0.025000 0.067259
1 0.142500 0.332487 0.023571 0.073604
1 0.175000 0.277919 0.027143 0.058376
1 0.145357 0.279188 0.026429 0.060914
1 0.156786 0.227792 0.025000 0.054569
1 0.185357 0.232234 0.026429 0.053299
1 0.193929 0.186548 0.023571 0.045685
1 0.201786 0.144670 0.025000 0.053299
1 0.175714 0.142132 0.022857 0.050761
1 0.167143 0.188452 0.022857 0.057107
2 0.137143 0.561548 0.075714 0.102792
0 0.146786 0.598985 0.039286 0.055838
0 0.194643 0.609137 0.032143 0.058376
2 0.390000 0.265228 0.027143 0.076142
2 0.450000 0.307107 0.032857 0.078680
1 0.505357 0.073604 0.027857 0.081218
1 0.121071 0.767132 0.137857 0.077411
1 0.228929 0.693528 0.139286 0.087563
