7 0.005714 0.610406 0.011429 0.043147
1 0.030000 0.628807 0.040000 0.102792
7 0.053929 0.649746 0.016429 0.045685
7 0.083571 0.644036 0.015714 0.049492
2 0.030000 0.720812 0.060000 0.071066
1 0.049643 0.793147 0.072143 0.060914
1 0.017500 0.892766 0.035000 0.112944
1 0.026786 0.914340 0.049286 0.102792
1 0.115357 0.815990 0.040714 0.101523
2 0.151429 0.813452 0.040000 0.109137
2 0.186786 0.800127 0.035000 0.115482
7 0.229286 0.848985 0.014286 0.050761
7 0.232857 0.784264 0.012857 0.050761
7 0.255714 0.687817 0.027143 0.030457
7 0.257857 0.671320 0.022857 0.030457
7 0.194286 0.569162 0.027143 0.024112
7 0.202500 0.531726 0.027857 0.020305
7 0.205714 0.513959 0.027143 0.020305
1 0.283571 0.217005 0.021429 0.055838
2 0.349643 0.279188 0.019286 0.063452
2 0.332500 0.330584 0.049286 0.041878
1 0.328571 0.363579 0.050000 0.041878
1 0.327857 0.397208 0.045714 0.043147
1 0.330714 0.431472 0.050000 0.043147
2 0.326786 0.549492 0.060714 0.053299
1 0.324286 0.506345 0.055714 0.050761
2 0.327143 0.468274 0.057143 0.050761
0 0.564286 0.852157 0.011429 0.021574
0 0.681429 0.776015 0.008571 0.013959
