0 0.391071 0.984137 0.015000 0.029188
1 0.410357 0.925127 0.026429 0.078680
0 0.461786 0.830584 0.019286 0.049492
0 0.476071 0.776015 0.019286 0.046954
0 0.498214 0.659898 0.017857 0.048223
0 0.505357 0.605330 0.012143 0.043147
0 0.516071 0.570431 0.019286 0.046954
0 0.536071 0.371193 0.016429 0.044416
0 0.546071 0.248731 0.016429 0.043147
1 0.568214 0.046954 0.017857 0.053299
0 0.318929 0.093274 0.020714 0.021574
0 0.283929 0.080584 0.019286 0.019036
0 0.261071 0.073604 0.022143 0.025381
0 0.207143 0.050761 0.021429 0.025381
0 0.182143 0.043782 0.024286 0.021574
0 0.127857 0.026650 0.028571 0.030457
0 0.116786 0.777284 0.023571 0.039340
