1 0.432933 0.650742 0.058977 0.052876
1 0.459290 0.538961 0.052192 0.046382
1 0.467119 0.513915 0.053236 0.042672
1 0.537578 0.434137 0.021921 0.050093
2 0.672495 0.258349 0.016180 0.036178
2 0.499739 0.373377 0.040188 0.032468
2 0.499739 0.346475 0.032881 0.028757
1 0.524008 0.326067 0.037578 0.026902
2 0.529228 0.301020 0.028184 0.026902
1 0.527662 0.288961 0.030271 0.028757
1 0.534447 0.274583 0.028184 0.020408
1 0.584290 0.230983 0.016180 0.031540
1 0.554019 0.185993 0.026618 0.023191
2 0.562370 0.169295 0.027662 0.026902
2 0.562370 0.148423 0.028706 0.024119
2 0.571242 0.121058 0.019311 0.021336
1 0.578549 0.110853 0.022443 0.013915
1 0.722599 0.069109 0.008873 0.019481
1 0.736169 0.024583 0.017223 0.013915
1 0.770094 0.036178 0.019311 0.016698
1 0.799843 0.033859 0.022443 0.013915
1 0.847338 0.031076 0.023486 0.013915
1 0.824374 0.040353 0.021399 0.019481
1 0.686587 0.022727 0.019311 0.013915
1 0.638048 0.013915 0.018267 0.014842
2 0.572286 0.058905 0.015136 0.017625
0 0.417015 0.721243 0.020877 0.026902
7 0.421190 0.470779 0.009395 0.030612
7 0.432411 0.390074 0.019311 0.015770
7 0.448852 0.353896 0.015658 0.017625
7 0.318894 0.973562 0.022965 0.036178
7 0.902401 0.528757 0.011482 0.027829
7 0.929541 0.615028 0.013570 0.031540
7 0.482516 0.267161 0.014092 0.014842
1 0.569937 0.083488 0.008351 0.014842
