0 0.431429 0.202381 0.011429 0.029524
0 0.539643 0.482857 0.012143 0.030476
2 0.111071 0.929524 0.063571 0.055238
0 0.289643 0.952857 0.010714 0.031429
0 0.300714 0.956190 0.011429 0.030476
0 0.312857 0.954286 0.011429 0.030476
0 0.325714 0.950476 0.011429 0.030476
0 0.337500 0.952857 0.012143 0.031429
0 0.353214 0.950000 0.010714 0.027619
0 0.365000 0.947619 0.010000 0.030476
0 0.376429 0.947619 0.012857 0.030476
0 0.611071 0.942381 0.020714 0.018095
0 0.612143 0.958571 0.021429 0.014286
0 0.613214 0.974762 0.019286 0.016190
0 0.613929 0.993810 0.023571 0.012381
0 0.726786 0.556667 0.025000 0.021905
0 0.694643 0.539048 0.010714 0.032381
0 0.691071 0.842381 0.023571 0.018095
