0 0.182500 0.193810 0.080714 0.054286
0 0.145357 0.168095 0.077857 0.065714
0 0.138571 0.131429 0.074286 0.055238
0 0.106071 0.099048 0.069286 0.049524
0 0.123929 0.056190 0.072143 0.049524
0 0.025357 0.033333 0.027857 0.040000
0 0.071071 0.328571 0.063571 0.081905
0 0.226786 0.469524 0.085000 0.057143
0 0.560714 0.457619 0.101429 0.086667
0 0.498214 0.177143 0.069286 0.055238
0 0.478214 0.149524 0.065000 0.053333
0 0.385000 0.034286 0.060000 0.040000
0 0.539286 0.251905 0.074286 0.065714
0 0.394286 0.064286 0.067143 0.046667
0 0.453214 0.108095 0.066429 0.048571
0 0.654643 0.126667 0.065000 0.051429
0 0.645357 0.487143 0.092143 0.092381
0 0.966786 0.081905 0.052143 0.040000
0 0.819286 0.113333 0.037143 0.049524
0 0.790357 0.320000 0.086429 0.074286
0 0.896786 0.104762 0.046429 0.032381
0 0.940714 0.029048 0.034286 0.027619
