0 0.630000 0.899112 0.044286 0.077411
0 0.604286 0.861675 0.042857 0.073604
0 0.568214 0.816624 0.047857 0.079949
0 0.552500 0.759518 0.043571 0.067259
0 0.540714 0.592640 0.020000 0.058376
0 0.537500 0.512690 0.019286 0.045685
0 0.536071 0.425127 0.013571 0.038071
0 0.444643 0.597081 0.033571 0.029188
0 0.446429 0.533629 0.034286 0.039340
0 0.447857 0.506345 0.037143 0.032995
0 0.452500 0.460025 0.042143 0.031726
0 0.453214 0.436548 0.035000 0.030457
0 0.455000 0.384518 0.031429 0.027919
0 0.458929 0.369289 0.033571 0.027919
0 0.465357 0.348350 0.032143 0.029188
0 0.463571 0.308376 0.028571 0.027919
0 0.461786 0.292513 0.026429 0.024112
0 0.463571 0.322970 0.034286 0.029188
0 0.471786 0.268401 0.029286 0.021574
0 0.482143 0.081218 0.022857 0.017766
0 0.483214 0.057741 0.017857 0.016497
0 0.482500 0.022208 0.009286 0.016497
0 0.535000 0.303299 0.011429 0.027919
0 0.535714 0.333756 0.014286 0.025381
2 0.538214 0.365482 0.017857 0.068528
0 0.536786 0.467640 0.015000 0.036802
2 0.415357 0.720812 0.030714 0.116751
0 0.429286 0.806472 0.050000 0.046954
0 0.432500 0.856599 0.056429 0.053299
0 0.542143 0.982868 0.031429 0.031726
2 0.472500 0.239848 0.037857 0.038071
