1 0.276000 0.596667 0.060000 0.072000
1 0.440750 0.540000 0.059500 0.040000
7 0.258750 0.723667 0.044500 0.035333
7 0.358750 0.669333 0.039500 0.033333
7 0.291250 0.676000 0.039500 0.033333
7 0.031500 0.771333 0.053000 0.037333
3 0.024750 0.648667 0.049500 0.102667
0 0.091250 0.686667 0.038500 0.038667
1 0.065500 0.855667 0.131000 0.118000
1 0.795750 0.574333 0.068500 0.063333
1 0.737750 0.481000 0.048500 0.035333
7 0.908250 0.446333 0.019500 0.014000
1 0.935000 0.414667 0.046000 0.028000
1 0.975000 0.395333 0.037000 0.034667
1 0.969750 0.841667 0.060500 0.124667
