0 0.420000 0.974286 0.225714 0.051429
0 0.592500 0.764286 0.103571 0.256190
0 0.430000 0.729524 0.188571 0.125714
0 0.419643 0.627143 0.156429 0.111429
0 0.426071 0.525238 0.166429 0.103810
0 0.428214 0.376190 0.130714 0.087619
0 0.528571 0.353810 0.060000 0.128571
2 0.577143 0.237619 0.085714 0.147619
0 0.310000 0.089048 0.081429 0.056190
0 0.121786 0.444286 0.159286 0.105714
0 0.194286 0.183333 0.091429 0.058095
0 0.912500 0.372381 0.072143 0.120000
0 0.052143 0.876667 0.104286 0.143810
0 0.695714 0.024286 0.042857 0.048571
