0 0.262857 0.473350 0.030000 0.048223
0 0.266786 0.531726 0.030714 0.053299
0 0.295714 0.526650 0.031429 0.050761
0 0.328929 0.529188 0.033571 0.050761
0 0.328571 0.579949 0.030000 0.053299
0 0.300000 0.598985 0.028571 0.053299
0 0.806071 0.398477 0.029286 0.040609
0 0.677857 0.491751 0.034286 0.041878
0 0.710714 0.514594 0.034286 0.044416
0 0.693571 0.619924 0.038571 0.054569
0 0.544643 0.695431 0.037857 0.063452
0 0.599286 0.627538 0.038571 0.052030
0 0.656786 0.566624 0.036429 0.049492
0 0.740714 0.451777 0.031429 0.038071
0 0.823214 0.338198 0.026429 0.036802
0 0.870714 0.273477 0.028571 0.041878
0 0.895714 0.197335 0.022857 0.026650
0 0.920357 0.215102 0.023571 0.031726
0 0.954643 0.170685 0.020714 0.026650
2 0.602500 0.559010 0.069286 0.110406
