3 0.152250 0.926000 0.212500 0.148000
1 0.587750 0.883667 0.093500 0.232667
1 0.750750 0.969667 0.104500 0.060667
7 0.544250 0.648667 0.017500 0.044000
3 0.423250 0.674667 0.088500 0.218667
3 0.695750 0.514667 0.129500 0.133333
2 0.624250 0.458333 0.051500 0.092667
3 0.453500 0.504000 0.054000 0.109333
7 0.519000 0.438333 0.015000 0.034000
7 0.450750 0.407000 0.018500 0.036667
2 0.430500 0.322000 0.079000 0.049333
7 0.487000 0.331667 0.006000 0.023333
7 0.506500 0.297333 0.007000 0.018667
7 0.542750 0.309667 0.008500 0.022000
7 0.543000 0.276667 0.005000 0.016000
3 0.578000 0.306333 0.033000 0.068667
1 0.481500 0.290000 0.027000 0.042667
3 0.459750 0.255667 0.060500 0.036667
1 0.437250 0.229000 0.025500 0.031333
1 0.486750 0.201000 0.019500 0.024667
1 0.488750 0.186333 0.018500 0.023333
7 0.535750 0.220333 0.005500 0.012667
0 0.537500 0.196333 0.004000 0.010000
7 0.493250 0.164333 0.004500 0.011333
4 0.518750 0.149333 0.005500 0.012000
1 0.516250 0.133333 0.012500 0.016000
1 0.520000 0.120000 0.019000 0.013333
1 0.509750 0.107333 0.010500 0.012000
1 0.498250 0.106000 0.009500 0.009333
1 0.520750 0.097667 0.007500 0.008667
1 0.506000 0.095667 0.007000 0.011333
3 0.516250 0.090000 0.007500 0.010667
1 0.510750 0.076667 0.005500 0.006667
1 0.524000 0.084000 0.005000 0.010667
1 0.519250 0.077333 0.004500 0.005333
1 0.510500 0.069333 0.005000 0.005333
1 0.519500 0.070667 0.005000 0.004000
1 0.513000 0.065667 0.003000 0.002000
1 0.517500 0.060000 0.004000 0.004000
1 0.510000 0.054667 0.004000 0.004000
1 0.503500 0.064667 0.005000 0.006667
0 0.494750 0.123000 0.003500 0.008667
1 0.547000 0.180333 0.023000 0.020667
1 0.423500 0.118667 0.020000 0.009333
1 0.443250 0.113333 0.020500 0.009333
2 0.464750 0.121667 0.023500 0.012667
2 0.457000 0.117000 0.023000 0.012667
2 0.462750 0.137667 0.010500 0.020667
