0 0.530250 0.783000 0.040500 0.052667
0 0.511500 0.710000 0.047000 0.026667
0 0.553750 0.688000 0.040500 0.025333
0 0.600750 0.634333 0.027500 0.014000
0 0.676250 0.969667 0.123500 0.060667
0 0.692000 0.936000 0.124000 0.085333
0 0.673000 0.887667 0.098000 0.058000
0 0.683000 0.869333 0.120000 0.061333
0 0.686500 0.840333 0.106000 0.043333
0 0.687750 0.819667 0.082500 0.048667
0 0.673750 0.786333 0.073500 0.047333
0 0.682250 0.776667 0.082500 0.041333
0 0.682000 0.760667 0.080000 0.036000
0 0.679000 0.745333 0.059000 0.029333
0 0.682500 0.726667 0.060000 0.028000
0 0.686250 0.717000 0.052500 0.020667
0 0.682250 0.710000 0.059500 0.022667
0 0.680500 0.700667 0.055000 0.025333
0 0.683500 0.697667 0.055000 0.020667
0 0.687000 0.692333 0.049000 0.022000
0 0.687000 0.685667 0.047000 0.020667
0 0.685500 0.681000 0.047000 0.019333
0 0.682750 0.677000 0.046500 0.016667
0 0.688000 0.669000 0.039000 0.014000
0 0.684250 0.665667 0.039500 0.015333
0 0.678750 0.659000 0.041500 0.018000
0 0.682500 0.654333 0.039000 0.014000
0 0.683250 0.651667 0.037500 0.015333
0 0.679250 0.644333 0.035500 0.015333
0 0.925750 0.633667 0.020500 0.015333
0 0.989000 0.656667 0.022000 0.018667
0 0.792500 0.572667 0.010000 0.005333
0 0.838250 0.584667 0.013500 0.006667
0 0.804250 0.581667 0.013500 0.004667
