1 0.531474 0.584447 0.082976 0.090649
1 0.708870 0.495706 0.067239 0.084924
1 0.957082 0.414599 0.062947 0.058206
1 0.672389 0.885973 0.113019 0.113550
1 0.959943 0.962309 0.075823 0.071565
1 0.711373 0.958015 0.142346 0.080153
2 0.582976 0.537214 0.060086 0.099237
1 0.675250 0.513359 0.065808 0.083969
1 0.858727 0.817748 0.116595 0.143130
1 0.889127 0.748569 0.104435 0.136450
3 0.917740 0.556775 0.105866 0.098282
1 0.757868 0.489504 0.062232 0.085878
1 0.596924 0.282920 0.056509 0.035305
1 0.168097 0.367366 0.072961 0.040076
1 0.066166 0.299618 0.069385 0.049618
1 0.139485 0.156489 0.035765 0.032443
1 0.052933 0.124046 0.024320 0.026718
1 0.155222 0.334447 0.064378 0.042939
1 0.027897 0.110687 0.022890 0.024809
2 0.015737 0.122615 0.030043 0.044847
1 0.837268 0.492366 0.069385 0.057252
1 0.928827 0.423664 0.066524 0.072519
1 0.906295 0.236164 0.042918 0.035305
1 0.913090 0.311546 0.042203 0.027672
1 0.441345 0.308206 0.064378 0.032443
1 0.381974 0.288168 0.038627 0.053435
1 0.353004 0.207538 0.046495 0.021947
2 0.315808 0.255248 0.076538 0.044847
2 0.434192 0.246183 0.060086 0.043893
2 0.265737 0.142653 0.020744 0.046756
1 0.175608 0.019084 0.013591 0.019084
1 0.256080 0.056775 0.014306 0.020038
1 0.248212 0.034828 0.012876 0.018130
1 0.253219 0.021469 0.012876 0.016221
7 0.339771 0.172710 0.018598 0.015267
5 0.257153 0.208969 0.030758 0.024809
7 0.771459 0.100668 0.007868 0.012405
7 0.539342 0.370229 0.022890 0.020992
1 0.748569 0.141221 0.037911 0.022901
1 0.841559 0.107347 0.032189 0.021947
2 0.794349 0.132156 0.030758 0.027672
1 0.913090 0.076813 0.016452 0.018130
1 0.922389 0.069656 0.016452 0.011450
1 0.935265 0.069656 0.013591 0.013359
1 0.948856 0.069656 0.017883 0.013359
1 0.959227 0.063931 0.018598 0.011450
1 0.974607 0.064885 0.015021 0.013359
