1 0.032359 0.688776 0.022965 0.012059
1 0.006524 0.662338 0.013048 0.012987
2 0.059499 0.692022 0.021921 0.011132
1 0.064457 0.689703 0.024530 0.012059
7 0.051670 0.683673 0.008351 0.009276
7 0.056106 0.671150 0.005741 0.006494
1 0.082463 0.659555 0.013570 0.011132
3 0.101253 0.653989 0.016701 0.014842
1 0.116388 0.651670 0.014614 0.012059
4 0.108299 0.677180 0.012004 0.009276
1 0.099687 0.693414 0.021921 0.013915
1 0.127871 0.689703 0.021921 0.013915
6 0.158142 0.687384 0.050104 0.025974
1 0.077766 0.649351 0.017745 0.012987
1 0.335595 0.689239 0.016701 0.011132
1 0.400052 0.703618 0.019311 0.013915
1 0.395355 0.691558 0.018267 0.012059
1 0.453288 0.695733 0.017223 0.011132
1 0.441023 0.707792 0.018789 0.014842
1 0.500261 0.709184 0.019311 0.012059
1 0.511221 0.706865 0.020355 0.012987
1 0.503392 0.698052 0.018267 0.012059
4 0.491649 0.692486 0.011482 0.012059
1 0.657881 0.667904 0.010960 0.009276
6 0.638570 0.715213 0.037056 0.031540
6 0.612474 0.692950 0.040188 0.024119
1 0.587944 0.711039 0.019311 0.012059
1 0.555585 0.698052 0.019311 0.012059
2 0.688935 0.669759 0.011482 0.011132
1 0.713727 0.679499 0.012004 0.010204
1 0.728601 0.679963 0.013570 0.009276
1 0.766441 0.733766 0.013048 0.016698
2 0.744781 0.741187 0.012526 0.027829
1 0.741910 0.773655 0.013048 0.024119
1 0.756002 0.763451 0.010960 0.020408
1 0.764875 0.795455 0.014092 0.025046
6 0.754175 0.816327 0.027140 0.050093
1 0.792276 0.746289 0.017745 0.015770
1 0.813674 0.929963 0.029228 0.041744
1 0.809238 0.895176 0.023486 0.029685
1 0.799582 0.968924 0.032359 0.038033
2 0.774269 0.931354 0.027662 0.042672
1 0.758090 0.908627 0.021399 0.032468
1 0.731733 0.859926 0.021921 0.029685
2 0.727035 0.778293 0.012526 0.024119
6 0.811848 0.855751 0.045407 0.069573
3 0.928236 0.987013 0.038100 0.024119
4 0.785752 0.689239 0.010960 0.011132
2 0.771138 0.689703 0.020355 0.017625
7 0.712944 0.709647 0.005219 0.005566
7 0.721294 0.703618 0.007307 0.006494
7 0.744781 0.720779 0.010438 0.009276
1 0.490866 0.582560 0.003653 0.007421
1 0.494520 0.580705 0.003653 0.007421
1 0.251566 0.695733 0.021921 0.011132
