0 0.470714 0.793147 0.028571 0.101523
0 0.473929 0.472081 0.020714 0.060914
0 0.406786 0.369289 0.020714 0.050761
0 0.371429 0.368020 0.021429 0.053299
0 0.485714 0.301396 0.017143 0.052030
0 0.398929 0.135152 0.016429 0.039340
0 0.427857 0.076142 0.014286 0.035533
0 0.508571 0.060279 0.017143 0.041878
0 0.465357 0.017766 0.013571 0.035533
0 0.414286 0.010787 0.018571 0.021574
2 0.514286 0.507614 0.031429 0.137056
2 0.312500 0.887690 0.065000 0.222081
2 0.384643 0.027284 0.026429 0.054569
2 0.144286 0.701777 0.052857 0.164975
1 0.158929 0.766497 0.042143 0.114213
2 0.227500 0.329315 0.029286 0.085025
0 0.255357 0.336929 0.017857 0.054569
0 0.239286 0.038071 0.014286 0.027919
0 0.223929 0.111675 0.020714 0.038071
0 0.212857 0.176396 0.020000 0.027919
0 0.206786 0.207487 0.022143 0.031726
0 0.198929 0.236675 0.016429 0.029188
0 0.181071 0.670685 0.029286 0.069797
0 0.120714 0.889594 0.031429 0.088832
0 0.102143 0.968909 0.040000 0.059645
2 0.296071 0.032360 0.020714 0.064721
2 0.484286 0.074239 0.020000 0.069797
