0 0.517500 0.546320 0.025000 0.085025
0 0.512143 0.420051 0.024286 0.081218
0 0.473214 0.409264 0.023571 0.085025
0 0.507143 0.310914 0.020000 0.081218
0 0.566786 0.175127 0.020714 0.071066
0 0.511786 0.112310 0.017857 0.072335
0 0.473571 0.124365 0.021429 0.073604
0 0.518929 0.768401 0.027857 0.112944
0 0.477857 0.929569 0.031429 0.123096
0 0.821071 0.678934 0.039286 0.083756
0 0.686786 0.621827 0.027857 0.111675
0 0.324643 0.116117 0.040714 0.059645
0 0.180357 0.147208 0.027857 0.073604
0 0.039286 0.160533 0.024286 0.067259
2 0.118214 0.133249 0.023571 0.078680
0 0.011786 0.194162 0.023571 0.068528
2 0.409643 0.775381 0.043571 0.215736
0 0.057500 0.019036 0.025000 0.038071
0 0.083929 0.018401 0.025000 0.036802
0 0.111071 0.015863 0.020714 0.031726
0 0.162857 0.017132 0.025714 0.034264
0 0.190000 0.012690 0.020000 0.025381
