6 0.107857 0.246190 0.050000 0.111429
6 0.163571 0.247143 0.048571 0.105714
6 0.233214 0.179048 0.057857 0.095238
6 0.153929 0.169524 0.085000 0.097143
6 0.290714 0.190476 0.045714 0.108571
6 0.332500 0.192381 0.039286 0.102857
6 0.315000 0.043810 0.034286 0.072381
6 0.313929 0.304286 0.092143 0.149524
6 0.376429 0.051429 0.028571 0.062857
6 0.346429 0.040000 0.025714 0.062857
1 0.450000 0.006667 0.027143 0.013333
1 0.446071 0.033333 0.015000 0.020952
1 0.473214 0.030000 0.017857 0.021905
1 0.461429 0.149524 0.018571 0.036190
1 0.451071 0.099524 0.016429 0.021905
1 0.450000 0.079048 0.015714 0.020952
6 0.475357 0.227619 0.043571 0.121905
6 0.476071 0.382381 0.046429 0.157143
0 0.222143 0.542381 0.031429 0.018095
7 0.497500 0.374286 0.006429 0.030476
0 0.517857 0.355714 0.008571 0.027619
7 0.511071 0.469524 0.010714 0.034286
7 0.582143 0.514286 0.027143 0.032381
5 0.551071 0.470476 0.055000 0.045714
3 0.956429 0.111905 0.035714 0.040952
1 0.928929 0.115714 0.020714 0.031429
2 0.916786 0.114286 0.019286 0.024762
3 0.879643 0.096190 0.063571 0.059048
2 0.838214 0.107619 0.037857 0.026667
2 0.903214 0.592857 0.083571 0.056190
1 0.966071 0.649524 0.067857 0.066667
