1 0.533571 0.475254 0.064286 0.052030
1 0.507500 0.111041 0.065000 0.059645
1 0.731786 0.480330 0.039286 0.107868
1 0.795000 0.484137 0.032857 0.110406
1 0.715714 0.703680 0.025714 0.107868
1 0.641786 0.721447 0.025000 0.095178
1 0.572143 0.723985 0.030000 0.110406
1 0.537857 0.710660 0.024286 0.119289
1 0.453929 0.706853 0.027857 0.124365
1 0.417500 0.692893 0.027857 0.111675
1 0.379643 0.695431 0.026429 0.093909
1 0.339286 0.678934 0.031429 0.114213
1 0.291429 0.664340 0.024286 0.107868
1 0.256429 0.659898 0.032857 0.106599
1 0.092857 0.461294 0.067143 0.041878
1 0.126429 0.321701 0.068571 0.052030
1 0.045357 0.425127 0.043571 0.081218
2 0.135357 0.592005 0.036429 0.125635
2 0.080357 0.679569 0.059286 0.049492
2 0.215357 0.634518 0.026429 0.098985
2 0.838214 0.689721 0.029286 0.095178
1 0.966786 0.753807 0.035000 0.114213
1 0.660000 0.500000 0.064286 0.048223
1 0.198214 0.441624 0.069286 0.065990
1 0.248929 0.024112 0.075000 0.048223
3 0.496786 0.682741 0.032143 0.139594
1 0.014286 0.358503 0.028571 0.064721
7 0.612500 0.807741 0.022143 0.024112
7 0.675000 0.804569 0.022857 0.022843
7 0.796071 0.788706 0.019286 0.034264
7 0.897500 0.771574 0.013571 0.043147
7 0.800714 0.831853 0.025714 0.026650
7 0.823214 0.889594 0.025000 0.025381
7 0.803929 0.898477 0.029286 0.025381
7 0.910357 0.904188 0.023571 0.016497
