0 0.504643 0.540000 0.057857 0.104762
0 0.415357 0.186667 0.035000 0.059048
0 0.375000 0.209524 0.027143 0.057143
0 0.334643 0.080952 0.030714 0.038095
0 0.398571 0.036190 0.027143 0.036190
0 0.895000 0.618571 0.108571 0.132381
0 0.743214 0.115238 0.055000 0.045714
0 0.606429 0.186190 0.047143 0.054286
2 0.774643 0.437619 0.075000 0.094286
0 0.087857 0.151905 0.030000 0.052381
0 0.689643 0.067143 0.047857 0.031429
0 0.717143 0.098095 0.054286 0.036190
0 0.710000 0.300952 0.047143 0.064762
0 0.497500 0.020952 0.035000 0.041905
0 0.972143 0.773333 0.055714 0.104762
0 0.950714 0.380000 0.081429 0.066667
