0 0.152750 0.971667 0.038500 0.052667
0 0.183250 0.905667 0.038500 0.063333
0 0.212000 0.831000 0.031000 0.048667
0 0.235000 0.766667 0.029000 0.056000
0 0.253750 0.722000 0.026500 0.041333
0 0.283000 0.642667 0.021000 0.037333
0 0.305750 0.590000 0.016500 0.022667
0 0.313750 0.562000 0.018500 0.029333
0 0.324750 0.537333 0.017500 0.025333
0 0.341250 0.499000 0.016500 0.022000
2 0.389250 0.460667 0.018500 0.029333
0 0.402750 0.487667 0.013500 0.020667
0 0.415750 0.445000 0.011500 0.016667
0 0.425250 0.403333 0.011500 0.016000
2 0.408500 0.405333 0.013000 0.018667
0 0.433250 0.376333 0.010500 0.014000
0 0.437000 0.355333 0.008000 0.012000
0 0.423750 0.362333 0.009500 0.012667
0 0.449500 0.355667 0.009000 0.012667
0 0.442500 0.337667 0.009000 0.012667
0 0.435250 0.322333 0.008500 0.014000
0 0.447250 0.321667 0.007500 0.011333
0 0.447750 0.281333 0.006500 0.009333
0 0.461000 0.268333 0.006000 0.010000
0 0.469500 0.266333 0.006000 0.008667
0 0.466000 0.249000 0.005000 0.007333
0 0.475750 0.247333 0.005500 0.008000
0 0.472000 0.232333 0.005000 0.007333
0 0.473250 0.222000 0.005500 0.006667
0 0.469500 0.171000 0.004000 0.004667
0 0.242000 0.967333 0.038000 0.060000
0 0.375750 0.890333 0.027500 0.055333
0 0.345500 0.703333 0.023000 0.037333
0 0.376500 0.654333 0.022000 0.035333
0 0.383750 0.557333 0.015500 0.026667
0 0.433500 0.725667 0.021000 0.042000
0 0.524000 0.968333 0.029000 0.062000
0 0.516250 0.871000 0.027500 0.051333
0 0.522250 0.707333 0.031500 0.030667
0 0.521000 0.655333 0.016000 0.030667
0 0.521250 0.600333 0.014500 0.024667
0 0.520500 0.574667 0.015000 0.024000
0 0.521500 0.548333 0.013000 0.020667
0 0.520500 0.526333 0.015000 0.020667
0 0.530750 0.481000 0.017500 0.018000
0 0.520000 0.382000 0.009000 0.010667
0 0.520750 0.373000 0.007500 0.010000
0 0.519500 0.364000 0.009000 0.010667
0 0.520000 0.355667 0.008000 0.010000
0 0.520750 0.345667 0.008500 0.010000
0 0.521250 0.338333 0.008500 0.007333
0 0.521250 0.331000 0.008500 0.010000
0 0.520500 0.322667 0.007000 0.008000
0 0.520500 0.310000 0.007000 0.008000
0 0.520500 0.303333 0.007000 0.006667
0 0.521500 0.297333 0.006000 0.006667
0 0.519250 0.283667 0.006500 0.008667
0 0.384000 0.389000 0.010000 0.012667
0 0.388000 0.378667 0.009000 0.012000
0 0.392000 0.369333 0.010000 0.012000
0 0.396000 0.360000 0.010000 0.012000
0 0.403500 0.341000 0.011000 0.011333
0 0.409500 0.324000 0.009000 0.012000
0 0.413000 0.315667 0.009000 0.010000
0 0.418250 0.304667 0.008500 0.010667
0 0.420750 0.296333 0.007500 0.008667
0 0.429250 0.278000 0.007500 0.009333
0 0.495250 0.236667 0.004500 0.006667
0 0.491250 0.220667 0.004500 0.006667
0 0.493250 0.210333 0.004500 0.006000
0 0.494000 0.205000 0.004000 0.006000
0 0.495250 0.199667 0.004500 0.006000
0 0.502750 0.182667 0.004500 0.005333
0 0.502000 0.187667 0.004000 0.004667
1 0.509250 0.185000 0.005500 0.011333
0 0.502750 0.194333 0.004500 0.006000
0 0.497750 0.192333 0.004500 0.004667
0 0.496750 0.195000 0.004500 0.004667
0 0.489000 0.188333 0.004000 0.006000
0 0.742500 0.515000 0.015000 0.027333
0 0.758000 0.513667 0.018000 0.024667
0 0.775250 0.517667 0.016500 0.023333
0 0.820250 0.519000 0.019500 0.024667
0 0.844250 0.519000 0.023500 0.026000
0 0.921000 0.535667 0.036000 0.020667
0 0.982000 0.563333 0.027000 0.025333
0 0.992500 0.557000 0.015000 0.022000
