7 0.516500 0.955667 0.034000 0.047333
0 0.438500 0.793667 0.038000 0.032667
0 0.521250 0.756000 0.018500 0.062667
0 0.386000 0.824667 0.038000 0.024000
0 0.460750 0.716667 0.023500 0.046667
7 0.416500 0.726333 0.019000 0.051333
7 0.529000 0.667000 0.021000 0.050000
7 0.620000 0.842333 0.034000 0.034000
7 0.640250 0.754667 0.017500 0.057333
0 0.610000 0.755000 0.019000 0.046000
0 0.384500 0.705000 0.036000 0.026000
7 0.559500 0.565667 0.023000 0.054000
1 0.441500 0.578000 0.077000 0.165333
7 0.958500 0.916333 0.050000 0.027333
0 0.355750 0.378000 0.040500 0.018667
1 0.423500 0.246333 0.062000 0.146000
7 0.538750 0.091000 0.019500 0.055333
7 0.531750 0.042667 0.035500 0.045333
7 0.549000 0.013667 0.034000 0.027333
0 0.268750 0.021667 0.022500 0.043333
