1 0.558571 0.576190 0.080000 0.095238
1 0.426786 0.720952 0.080714 0.129524
1 0.423214 0.408571 0.060714 0.064762
1 0.236429 0.478095 0.057143 0.080000
1 0.270357 0.436667 0.050714 0.071429
1 0.178214 0.291429 0.039286 0.051429
1 0.232500 0.247143 0.040714 0.039048
1 0.109643 0.195714 0.030714 0.035238
1 0.072857 0.209048 0.034286 0.042857
1 0.057500 0.130476 0.029286 0.034286
1 0.323929 0.244762 0.037857 0.041905
1 0.243214 0.198571 0.039286 0.040952
1 0.100357 0.098095 0.025000 0.030476
2 0.030357 0.100476 0.023571 0.029524
1 0.921429 0.664762 0.054286 0.110476
1 0.861429 0.361905 0.068571 0.041905
1 0.800714 0.328571 0.065714 0.036190
1 0.886429 0.320952 0.068571 0.040000
1 0.963929 0.351905 0.072143 0.042857
1 0.977857 0.326190 0.044286 0.033333
1 0.976786 0.847143 0.046429 0.115238
6 0.184286 0.123810 0.072857 0.081905
7 0.201429 0.850476 0.031429 0.038095
7 0.252857 0.738095 0.022857 0.038095
1 0.060357 0.008571 0.020714 0.017143
7 0.418571 0.226190 0.021429 0.018095
7 0.423571 0.256190 0.015714 0.019048
7 0.303214 0.163810 0.016429 0.015238
