4 0.338250 0.876333 0.027500 0.056667
7 0.382250 0.851000 0.025500 0.050000
4 0.402750 0.974667 0.031500 0.050667
7 0.426500 0.816333 0.014000 0.032667
2 0.694500 0.912667 0.056000 0.128000
7 0.297000 0.871667 0.024000 0.043333
7 0.421750 0.721667 0.013500 0.031333
0 0.431500 0.684667 0.008000 0.028000
2 0.881000 0.978333 0.084000 0.043333
1 0.885500 0.923000 0.136000 0.114000
1 0.825500 0.817333 0.111000 0.069333
1 0.965500 0.802667 0.069000 0.062667
0 0.801250 0.689000 0.014500 0.038000
0 0.783250 0.664333 0.016500 0.034000
7 0.705750 0.615000 0.012500 0.032667
1 0.627500 0.788000 0.015000 0.042667
0 0.638750 0.488000 0.019500 0.020000
1 0.650750 0.625667 0.041500 0.060667
2 0.571500 0.621000 0.031000 0.063333
4 0.570500 0.680000 0.039000 0.034667
0 0.469000 0.579000 0.008000 0.024667
2 0.323750 0.444333 0.042500 0.030000
1 0.319500 0.431667 0.038000 0.019333
1 0.330500 0.425333 0.038000 0.018667
1 0.284250 0.441667 0.031500 0.022000
