6 0.066429 0.045051 0.004286 0.011421
6 0.076786 0.060279 0.006429 0.016497
6 0.069643 0.072335 0.005000 0.015228
6 0.076071 0.049492 0.005000 0.012690
1 0.086071 0.121193 0.007857 0.006345
1 0.014286 0.743655 0.011429 0.020305
2 0.005357 0.722081 0.010714 0.022843
2 0.088929 0.846447 0.023571 0.032995
2 0.252500 0.986675 0.013571 0.024112
6 0.279286 0.846447 0.022857 0.045685
6 0.448929 0.977157 0.013571 0.043147
6 0.346786 0.918782 0.040714 0.071066
6 0.352143 0.895305 0.040000 0.067259
6 0.360357 0.877538 0.040714 0.069797
6 0.316786 0.833756 0.030714 0.058376
6 0.326071 0.847716 0.026429 0.053299
6 0.354286 0.781091 0.030000 0.072335
6 0.369286 0.862310 0.031429 0.054569
6 0.380714 0.848985 0.027143 0.043147
6 0.381071 0.821701 0.040714 0.069797
6 0.386429 0.802030 0.040000 0.068528
6 0.379286 0.724619 0.021429 0.048223
6 0.390714 0.779188 0.038571 0.063452
6 0.393929 0.760787 0.040714 0.062183
6 0.405714 0.750635 0.031429 0.052030
6 0.411786 0.732868 0.039286 0.059645
6 0.396429 0.645939 0.031429 0.063452
1 0.464643 0.864848 0.009286 0.034264
6 0.455357 0.704949 0.015000 0.067259
1 0.290000 0.605330 0.017143 0.017766
1 0.349643 0.571066 0.015000 0.012690
2 0.359643 0.550761 0.017857 0.015228
2 0.266071 0.434010 0.013571 0.012690
2 0.296071 0.463198 0.015000 0.012690
1 0.298214 0.454949 0.013571 0.011421
2 0.321786 0.456853 0.016429 0.015228
1 0.326786 0.439086 0.016429 0.015228
1 0.369643 0.439086 0.013571 0.012690
1 0.367143 0.446701 0.014286 0.010152
1 0.365000 0.454949 0.012857 0.011421
2 0.355357 0.484137 0.019286 0.016497
1 0.325000 0.530457 0.010000 0.017766
1 0.464643 0.616751 0.007857 0.020305
2 0.471429 0.571066 0.008571 0.020305
1 0.479643 0.515228 0.007857 0.015228
1 0.490357 0.524746 0.007857 0.013959
1 0.487500 0.485406 0.007857 0.013959
1 0.500714 0.441624 0.007143 0.010152
1 0.504286 0.461929 0.007143 0.012690
1 0.485000 0.368655 0.011429 0.011421
6 0.463929 0.343909 0.040714 0.025381
2 0.512143 0.432107 0.007143 0.011421
2 0.508571 0.413071 0.007143 0.013959
2 0.526786 0.377538 0.006429 0.011421
1 0.511429 0.389594 0.005714 0.012690
1 0.528929 0.352792 0.005000 0.012690
1 0.536429 0.307741 0.005714 0.011421
1 0.546071 0.310279 0.006429 0.011421
1 0.537857 0.274746 0.004286 0.008883
6 0.543214 0.219543 0.006429 0.017766
6 0.535000 0.166878 0.021429 0.016497
6 0.553571 0.234772 0.008571 0.017766
1 0.519643 0.170685 0.012143 0.008883
1 0.527143 0.163071 0.010000 0.008883
3 0.547143 0.154822 0.014286 0.012690
