6 0.156071 0.046190 0.067857 0.092381
1 0.028929 0.302857 0.037857 0.062857
6 0.065000 0.464762 0.081429 0.167619
3 0.346786 0.895714 0.072143 0.073333
3 0.333214 0.936667 0.073571 0.075238
5 0.367500 0.851905 0.035000 0.033333
3 0.363929 0.810952 0.065000 0.056190
1 0.462500 0.981429 0.053571 0.037143
7 0.490714 0.945714 0.011429 0.028571
5 0.410714 0.748571 0.032857 0.020952
2 0.494286 0.575714 0.035714 0.080952
2 0.621786 0.361429 0.025000 0.063810
2 0.652857 0.343333 0.034286 0.080952
1 0.698214 0.324286 0.056429 0.037143
7 0.567143 0.399524 0.017143 0.021905
2 0.897143 0.282381 0.055714 0.037143
2 0.822857 0.297143 0.055714 0.038095
2 0.864643 0.721429 0.026429 0.046667
1 0.865714 0.860952 0.054286 0.062857
5 0.386071 0.651905 0.023571 0.031429
