0 0.594286 0.976523 0.045714 0.044416
0 0.377857 0.911802 0.037143 0.054569
0 0.457500 0.792513 0.033571 0.077411
0 0.286071 0.832487 0.037857 0.038071
0 0.305000 0.794416 0.042857 0.035533
0 0.251071 0.782995 0.042143 0.038071
0 0.177857 0.812183 0.048571 0.035533
0 0.188571 0.765863 0.044286 0.036802
1 0.276786 0.741751 0.110714 0.064721
1 0.278571 0.689721 0.111429 0.067259
0 0.432143 0.553934 0.022857 0.067259
0 0.496071 0.588198 0.022143 0.072335
2 0.533571 0.496827 0.028571 0.092640
0 0.466786 0.314721 0.025000 0.060914
0 0.582500 0.256980 0.016429 0.067259
1 0.593929 0.055838 0.032143 0.111675
