3 0.329286 0.454286 0.047143 0.038095
6 0.400000 0.386667 0.041429 0.047619
0 0.429643 0.370000 0.005000 0.012381
3 0.605714 0.346667 0.032857 0.030476
2 0.609643 0.309048 0.007857 0.008571
3 0.495357 0.321905 0.030714 0.026667
1 0.972857 0.440952 0.034286 0.024762
1 0.977500 0.503810 0.032143 0.026667
1 0.847857 0.425238 0.027143 0.023810
1 0.933929 0.410000 0.027857 0.018095
7 0.790714 0.360476 0.005714 0.008571
1 0.774286 0.293333 0.014286 0.009524
1 0.771071 0.291905 0.015000 0.010476
1 0.796786 0.287143 0.015000 0.006667
3 0.795000 0.294286 0.010000 0.011429
1 0.783571 0.277143 0.007143 0.005714
1 0.774643 0.278095 0.007857 0.005714
7 0.716429 0.292857 0.002857 0.004762
