3 0.311786 0.862857 0.029286 0.089524
1 0.164286 0.983333 0.055714 0.033333
1 0.239286 0.875714 0.031429 0.071429
1 0.237500 0.810000 0.050714 0.048571
1 0.221786 0.775714 0.056429 0.035238
1 0.242500 0.728095 0.050714 0.037143
1 0.224286 0.688571 0.055714 0.038095
1 0.211071 0.566190 0.045000 0.031429
1 0.203214 0.435714 0.047857 0.029524
1 0.257500 0.374286 0.017857 0.045714
1 0.213571 0.310476 0.037143 0.026667
1 0.244286 0.162857 0.017143 0.034286
1 0.242143 0.111905 0.015714 0.037143
1 0.248571 0.198571 0.015714 0.031429
1 0.228571 0.180952 0.018571 0.041905
1 0.332857 0.212857 0.017143 0.042857
1 0.268214 0.230476 0.017857 0.043810
1 0.315714 0.017143 0.015714 0.034286
1 0.193214 0.012381 0.035000 0.020952
3 0.264286 0.145238 0.020000 0.054286
1 0.264643 0.111429 0.016429 0.036190
2 0.268571 0.192381 0.017143 0.040000
2 0.248571 0.230000 0.015714 0.037143
2 0.250714 0.647143 0.047143 0.037143
2 0.319286 0.644762 0.031429 0.066667
1 0.413214 0.655714 0.022143 0.056190
1 0.261429 0.425714 0.021429 0.045714
1 0.252143 0.465238 0.045714 0.027619
1 0.237857 0.409524 0.020000 0.055238
1 0.205714 0.539524 0.044286 0.033333
1 0.205000 0.469048 0.044286 0.031429
1 0.213214 0.335714 0.042143 0.029524
1 0.203214 0.399524 0.036429 0.040952
1 0.200357 0.370476 0.037857 0.045714
2 0.283214 0.415238 0.022143 0.057143
2 0.277143 0.367143 0.020000 0.046667
1 0.765000 0.192381 0.034286 0.024762
2 0.915000 0.519048 0.041429 0.028571
1 0.562857 0.640952 0.045714 0.034286
7 0.519286 0.723810 0.011429 0.028571
7 0.508214 0.710952 0.009286 0.033333
7 0.332500 0.506667 0.009286 0.020952
7 0.529286 0.757619 0.018571 0.014286
7 0.614286 0.841905 0.021429 0.013333
0 0.521429 0.690476 0.014286 0.015238
1 0.475000 0.982381 0.020000 0.035238
0 0.572500 0.714286 0.016429 0.015238
2 0.438214 0.300476 0.017857 0.039048
1 0.412143 0.128571 0.015714 0.034286
1 0.193929 0.288095 0.037857 0.027619
2 0.191071 0.267143 0.032143 0.027619
5 0.184286 0.215238 0.015714 0.013333
5 0.370357 0.983810 0.017857 0.032381
7 0.310714 0.203810 0.005714 0.017143
7 0.311786 0.279048 0.007857 0.020952
