0 0.448750 0.663333 0.055500 0.073333
0 0.490500 0.579000 0.046000 0.058000
0 0.392250 0.577000 0.050500 0.070000
0 0.340500 0.647000 0.064000 0.078000
0 0.349500 0.846000 0.070000 0.100000
0 0.285750 0.956333 0.104500 0.087333
0 0.547500 0.515000 0.063000 0.036667
0 0.581250 0.464000 0.049500 0.033333
0 0.543750 0.373333 0.031500 0.037333
0 0.567250 0.344667 0.029500 0.036000
0 0.614000 0.386000 0.031000 0.034667
0 0.629000 0.355333 0.030000 0.033333
0 0.131000 0.950000 0.090000 0.100000
0 0.760750 0.219000 0.031500 0.012667
0 0.763500 0.214000 0.040000 0.016000
0 0.778750 0.208000 0.031500 0.016000
0 0.770750 0.193000 0.026500 0.014000
0 0.783500 0.188000 0.029000 0.012000
0 0.821250 0.101333 0.012500 0.013333
0 0.827000 0.095000 0.011000 0.012667
0 0.848250 0.093667 0.010500 0.012667
0 0.866000 0.097000 0.021000 0.020667
0 0.864500 0.080333 0.009000 0.010000
0 0.022500 0.164000 0.021000 0.016000
0 0.033500 0.163000 0.018000 0.015333
0 0.046500 0.163000 0.018000 0.018000
0 0.040500 0.181333 0.018000 0.013333
0 0.026000 0.183000 0.021000 0.015333
