3 0.949750 0.754000 0.067500 0.046667
1 0.886750 0.749333 0.052500 0.030667
2 0.959750 0.870333 0.046500 0.038000
7 0.937000 0.840667 0.020000 0.013333
1 0.898000 0.870333 0.045000 0.052667
1 0.853750 0.864667 0.040500 0.054667
1 0.828750 0.751000 0.047500 0.028667
1 0.793750 0.866333 0.053500 0.043333
2 0.705000 0.973667 0.054000 0.044667
1 0.710750 0.868000 0.052500 0.054667
2 0.666000 0.860333 0.044000 0.062000
2 0.716250 0.809667 0.045500 0.036667
1 0.728500 0.757667 0.047000 0.042000
1 0.675750 0.749667 0.045500 0.032667
1 0.594250 0.756000 0.040500 0.036000
1 0.552750 0.755333 0.043500 0.034667
1 0.512500 0.755000 0.040000 0.039333
1 0.489750 0.878333 0.052500 0.032667
1 0.458500 0.754000 0.043000 0.037333
1 0.442500 0.784000 0.048000 0.032000
1 0.405750 0.754667 0.033500 0.041333
3 0.210750 0.481000 0.035500 0.024667
1 0.365000 0.755000 0.031000 0.042000
2 0.333000 0.754000 0.027000 0.038667
1 0.300750 0.759333 0.031500 0.040000
1 0.286750 0.868333 0.051500 0.052667
2 0.257250 0.754667 0.034500 0.037333
1 0.217500 0.755333 0.035000 0.038667
1 0.169500 0.753333 0.036000 0.034667
1 0.131750 0.761333 0.033500 0.040000
3 0.199250 0.870667 0.064500 0.049333
1 0.141000 0.866000 0.058000 0.040000
1 0.024750 0.842667 0.049500 0.048000
1 0.024000 0.718000 0.035000 0.038667
1 0.074750 0.726333 0.029500 0.024667
3 0.091500 0.748667 0.057000 0.053333
7 0.065500 0.820000 0.017000 0.016000
