1 0.120357 0.868571 0.125000 0.262857
1 0.732857 0.917619 0.200000 0.136190
7 0.549643 0.947143 0.063571 0.100000
1 0.079286 0.694286 0.104286 0.179048
1 0.201429 0.568571 0.082857 0.160000
1 0.140000 0.523333 0.080000 0.145714
1 0.580714 0.612857 0.064286 0.162857
1 0.425000 0.577619 0.062857 0.160952
1 0.181429 0.391429 0.064286 0.102857
1 0.424286 0.432381 0.058571 0.139048
2 0.485357 0.360476 0.045000 0.103810
1 0.428929 0.309524 0.045000 0.093333
2 0.623929 0.271429 0.100714 0.076190
7 0.652143 0.333810 0.022857 0.046667
1 0.203214 0.296667 0.066429 0.103810
1 0.231429 0.200952 0.052857 0.091429
1 0.250714 0.134762 0.045714 0.067619
1 0.270357 0.082857 0.042143 0.059048
1 0.287857 0.037619 0.037143 0.052381
1 0.300714 0.010952 0.035714 0.020000
1 0.432500 0.082381 0.030714 0.058095
2 0.430714 0.144286 0.031429 0.067619
1 0.428571 0.219048 0.032857 0.078095
1 0.477500 0.215714 0.033571 0.067619
1 0.477500 0.133810 0.035000 0.058095
1 0.615714 0.240476 0.080000 0.058095
1 0.603214 0.203333 0.080714 0.052381
1 0.598929 0.170000 0.083571 0.052381
2 0.590714 0.140000 0.085714 0.055238
1 0.580714 0.114762 0.075714 0.046667
2 0.573214 0.087143 0.065000 0.048571
1 0.578929 0.067619 0.072143 0.038095
