0 0.099643 0.046667 0.017857 0.009524
0 0.182857 0.034762 0.004286 0.008571
0 0.305357 0.151429 0.010714 0.015238
0 0.322143 0.132381 0.012857 0.013333
0 0.630000 0.323810 0.030000 0.022857
0 0.641786 0.265714 0.017857 0.019048
0 0.620357 0.264762 0.017857 0.017143
1 0.574286 0.310952 0.041429 0.071429
1 0.544643 0.231905 0.033571 0.050476
0 0.637500 0.224762 0.022143 0.017143
0 0.609286 0.150476 0.017143 0.011429
0 0.620357 0.140000 0.016429 0.011429
0 0.588571 0.130476 0.020000 0.011429
0 0.540714 0.160000 0.020000 0.013333
0 0.627857 0.125238 0.018571 0.012381
0 0.527500 0.118095 0.006429 0.009524
1 0.496071 0.147619 0.022143 0.040000
1 0.465000 0.126190 0.020000 0.033333
0 0.972143 0.701905 0.054286 0.034286
0 0.985714 0.735238 0.028571 0.040000
0 0.981429 0.561905 0.037143 0.034286
0 0.985357 0.508095 0.029286 0.031429
0 0.865714 0.658571 0.054286 0.063810
0 0.902857 0.657143 0.055714 0.064762
0 0.953571 0.664762 0.057143 0.032381
0 0.931786 0.629524 0.056429 0.030476
0 0.970000 0.541429 0.050000 0.031429
0 0.978571 0.486190 0.042857 0.023810
0 0.962500 0.467619 0.045000 0.026667
0 0.936071 0.495238 0.049286 0.032381
0 0.918571 0.474286 0.047143 0.028571
0 0.893571 0.407619 0.034286 0.036190
0 0.876786 0.409524 0.032143 0.040000
0 0.852857 0.499048 0.041429 0.045714
0 0.883929 0.540000 0.040714 0.051429
0 0.953214 0.518095 0.047857 0.028571
0 0.861071 0.544286 0.040714 0.054286
0 0.828571 0.499048 0.038571 0.043810
0 0.836429 0.413810 0.030000 0.037143
0 0.774643 0.416667 0.023571 0.037143
0 0.758571 0.422381 0.018571 0.033333
0 0.848214 0.353333 0.032143 0.034286
0 0.872500 0.356667 0.030714 0.029524
0 0.888929 0.354286 0.029286 0.024762
0 0.908214 0.354762 0.029286 0.029524
0 0.963214 0.346667 0.022143 0.017143
0 0.942500 0.350952 0.030714 0.029524
0 0.727500 0.280476 0.029286 0.018095
0 0.698929 0.204762 0.022143 0.017143
0 0.704643 0.260476 0.020714 0.016190
0 0.673571 0.212857 0.021429 0.016190
0 0.687500 0.187619 0.020714 0.020952
0 0.667143 0.137619 0.010000 0.010476
0 0.533214 0.083810 0.007857 0.009524
0 0.522857 0.084762 0.008571 0.011429
0 0.437857 0.029048 0.005714 0.006667
0 0.407143 0.020000 0.007143 0.007619
0 0.410357 0.010952 0.005000 0.008571
0 0.487143 0.034286 0.008571 0.007619
0 0.415000 0.020000 0.005714 0.003810
0 0.428214 0.030476 0.007857 0.007619
