0 0.160750 0.780000 0.156500 0.097333
0 0.345000 0.511333 0.086000 0.082667
0 0.975000 0.198667 0.038000 0.040000
1 0.829500 0.016667 0.032000 0.033333
0 0.544000 0.093000 0.042000 0.023333
0 0.501500 0.142333 0.040000 0.032667
0 0.573500 0.085000 0.027000 0.023333
0 0.601000 0.091667 0.042000 0.026000
0 0.572500 0.054000 0.040000 0.024000
0 0.629500 0.183000 0.065000 0.030000
0 0.643000 0.197333 0.046000 0.029333
0 0.638000 0.212000 0.060000 0.034667
0 0.636750 0.233333 0.067500 0.034667
0 0.635500 0.253000 0.071000 0.036667
0 0.630250 0.276333 0.085500 0.042000
0 0.639500 0.327333 0.081000 0.042667
0 0.644500 0.358333 0.077000 0.048667
0 0.632500 0.399333 0.094000 0.044000
0 0.641750 0.430667 0.102500 0.050667
0 0.648000 0.468667 0.103000 0.064000
0 0.644000 0.526000 0.120000 0.069333
0 0.643250 0.586000 0.124500 0.082667
0 0.633500 0.660333 0.139000 0.102000
0 0.638750 0.746000 0.153500 0.096000
0 0.652750 0.829000 0.144500 0.106000
0 0.644250 0.943667 0.184500 0.111333
