0 0.170000 0.760667 0.112000 0.094667
0 0.887000 0.622333 0.081000 0.040667
0 0.785500 0.651000 0.084000 0.050000
0 0.634000 0.668000 0.045000 0.049333
0 0.582250 0.667667 0.046500 0.051333
0 0.520500 0.637667 0.024000 0.042000
0 0.465500 0.640667 0.035000 0.045333
0 0.418000 0.653667 0.034000 0.047333
0 0.381250 0.628000 0.047500 0.040000
0 0.342750 0.622667 0.058500 0.040000
0 0.232250 0.601667 0.056500 0.038000
0 0.203500 0.595000 0.054000 0.034000
0 0.131250 0.578667 0.067500 0.032000
0 0.143000 0.550000 0.058000 0.025333
0 0.143750 0.534000 0.058500 0.021333
0 0.161750 0.508333 0.041500 0.019333
0 0.175500 0.482333 0.039000 0.018000
0 0.181000 0.475000 0.029000 0.010000
0 0.184500 0.465000 0.033000 0.012667
0 0.188500 0.453333 0.032000 0.013333
0 0.132750 0.446667 0.015500 0.017333
0 0.114250 0.460333 0.034500 0.014000
0 0.103500 0.470333 0.037000 0.014000
0 0.087750 0.484667 0.042500 0.016000
0 0.079000 0.496000 0.045000 0.018667
0 0.065500 0.509000 0.053000 0.020667
0 0.027250 0.543667 0.054500 0.024667
0 0.015750 0.568667 0.031500 0.028000
