7 0.012143 0.612857 0.011429 0.004762
1 0.005714 0.355238 0.011429 0.013333
1 0.015000 0.303333 0.025714 0.014286
7 0.024643 0.254286 0.007857 0.005714
1 0.060357 0.120952 0.009286 0.019048
1 0.070714 0.076667 0.008571 0.016190
1 0.082500 0.037143 0.009286 0.020952
1 0.080357 0.017619 0.013571 0.020000
1 0.187500 0.139048 0.017857 0.013333
1 0.254286 0.303810 0.021429 0.013333
1 0.215714 0.314286 0.021429 0.013333
1 0.213929 0.327619 0.023571 0.013333
1 0.211429 0.343333 0.024286 0.014286
1 0.207500 0.356667 0.022143 0.014286
1 0.205714 0.370000 0.024286 0.016190
2 0.252500 0.400476 0.020714 0.014286
1 0.253214 0.270952 0.019286 0.014286
7 0.226429 0.280476 0.007143 0.014286
1 0.356429 0.456190 0.011429 0.026667
1 0.340000 0.450000 0.024286 0.016190
1 0.338571 0.435238 0.024286 0.017143
1 0.342500 0.420952 0.022143 0.015238
1 0.382500 0.446190 0.023571 0.014286
1 0.382857 0.429524 0.022857 0.015238
1 0.382857 0.414286 0.021429 0.015238
1 0.381786 0.259048 0.009286 0.024762
1 0.392500 0.258571 0.007857 0.025714
1 0.378571 0.222857 0.020000 0.013333
1 0.427500 0.184762 0.020714 0.011429
1 0.426071 0.158571 0.017857 0.014286
1 0.426786 0.148571 0.019286 0.013333
1 0.432143 0.130000 0.020000 0.012381
1 0.426429 0.112857 0.021429 0.016190
1 0.425357 0.103810 0.019286 0.013333
1 0.424286 0.093810 0.020000 0.014286
1 0.532500 0.397619 0.016429 0.025714
1 0.563929 0.438095 0.009286 0.020952
1 0.586786 0.422857 0.012143 0.030476
7 0.606071 0.415238 0.007857 0.007619
1 0.600000 0.380952 0.022857 0.015238
1 0.597143 0.352381 0.021429 0.015238
1 0.592857 0.301905 0.021429 0.015238
1 0.592857 0.276667 0.021429 0.014286
1 0.585714 0.233333 0.021429 0.015238
7 0.580000 0.213810 0.007143 0.004762
7 0.587857 0.212857 0.007143 0.006667
2 0.582500 0.196667 0.017857 0.016190
1 0.579643 0.154286 0.019286 0.013333
2 0.573214 0.111905 0.017857 0.014286
2 0.570714 0.100476 0.015714 0.012381
2 0.572500 0.090000 0.017857 0.014286
1 0.570714 0.072381 0.018571 0.013333
1 0.569643 0.062381 0.013571 0.010476
1 0.569286 0.054762 0.020000 0.014286
1 0.567500 0.046190 0.019286 0.012381
1 0.567500 0.036667 0.017857 0.012381
1 0.562857 0.018571 0.018571 0.014286
1 0.562857 0.008095 0.017143 0.012381
1 0.711786 0.015238 0.017857 0.017143
1 0.718571 0.038095 0.018571 0.011429
1 0.721786 0.059524 0.019286 0.014286
1 0.728571 0.093810 0.020000 0.016190
1 0.758571 0.182857 0.021429 0.015238
1 0.750357 0.206190 0.020714 0.014286
7 0.762857 0.231905 0.007143 0.006667
1 0.757857 0.243333 0.021429 0.016190
1 0.765714 0.276190 0.021429 0.013333
1 0.769286 0.289524 0.021429 0.013333
1 0.774643 0.318571 0.023571 0.014286
1 0.776429 0.333333 0.024286 0.015238
1 0.783571 0.346190 0.024286 0.014286
1 0.783929 0.358571 0.025000 0.014286
1 0.775000 0.415714 0.014286 0.029524
1 0.981786 0.397619 0.019286 0.029524
1 0.958214 0.323333 0.020714 0.021905
1 0.959286 0.310000 0.024286 0.023810
7 0.949286 0.297143 0.007143 0.005714
2 0.945000 0.254762 0.024286 0.016190
1 0.940357 0.243810 0.023571 0.015238
1 0.923214 0.200952 0.022143 0.017143
1 0.913214 0.173333 0.025000 0.015238
1 0.871429 0.106667 0.011429 0.022857
7 0.900000 0.125714 0.008571 0.005714
7 0.864286 0.065714 0.005714 0.003810
1 0.851429 0.079524 0.012857 0.010476
7 0.955714 0.542857 0.008571 0.003810
1 0.948929 0.830000 0.023571 0.040952
1 0.972500 0.830952 0.023571 0.042857
2 0.990714 0.830952 0.018571 0.040952
1 0.976786 0.733333 0.022143 0.038095
1 0.954643 0.732857 0.022143 0.040952
1 0.902500 0.737143 0.020714 0.040000
1 0.798571 0.745238 0.018571 0.040952
1 0.819286 0.746190 0.018571 0.040952
2 0.837857 0.743333 0.028571 0.044762
1 0.852500 0.740000 0.019286 0.036190
1 0.870357 0.737619 0.019286 0.035238
1 0.752857 0.752381 0.014286 0.041905
2 0.740000 0.837143 0.020000 0.045714
1 0.755000 0.834762 0.017143 0.042857
1 0.807857 0.835714 0.020000 0.042857
1 0.847143 0.831429 0.018571 0.041905
1 0.468571 0.513333 0.024286 0.013333
3 0.440000 0.513810 0.021429 0.014286
1 0.498929 0.512381 0.023571 0.015238
1 0.528571 0.510476 0.022857 0.013333
1 0.558571 0.508095 0.021429 0.014286
3 0.588929 0.503810 0.033571 0.020952
1 0.618571 0.503810 0.021429 0.013333
1 0.650357 0.501905 0.026429 0.015238
1 0.680000 0.499524 0.024286 0.016190
1 0.707500 0.498571 0.026429 0.014286
1 0.741786 0.495714 0.026429 0.016190
1 0.772857 0.494286 0.027143 0.015238
1 0.808214 0.492381 0.023571 0.015238
1 0.840357 0.489048 0.026429 0.016190
1 0.869286 0.487143 0.021429 0.016190
1 0.900714 0.485714 0.025714 0.015238
1 0.931786 0.483810 0.027857 0.015238
2 0.962500 0.480952 0.027857 0.015238
1 0.989643 0.478571 0.020714 0.014286
1 0.335357 0.161429 0.016429 0.012381
