1 0.674643 0.158095 0.007857 0.009524
1 0.688214 0.181905 0.017857 0.011429
1 0.669643 0.189524 0.019286 0.007619
1 0.812143 0.176667 0.018571 0.006667
1 0.808214 0.174286 0.016429 0.009524
1 0.856429 0.287143 0.021429 0.018095
1 0.879286 0.290476 0.025714 0.019048
1 0.933929 0.310000 0.040714 0.020000
1 0.963214 0.316667 0.042143 0.018095
1 0.993214 0.328571 0.013571 0.020952
1 0.428571 0.418095 0.028571 0.043810
6 0.504286 0.410000 0.051429 0.103810
6 0.567143 0.638095 0.122857 0.253333
1 0.472857 0.256667 0.015714 0.021905
