1 0.133571 0.595238 0.101429 0.118095
1 0.192500 0.507619 0.070714 0.083810
1 0.355714 0.745238 0.198571 0.128571
1 0.370714 0.608571 0.155714 0.091429
1 0.392857 0.467143 0.120000 0.060000
1 0.463214 0.405714 0.053571 0.081905
1 0.400000 0.390000 0.085714 0.046667
1 0.547500 0.466667 0.072143 0.093333
1 0.653929 0.825238 0.115000 0.240952
1 0.677857 0.516667 0.124286 0.079048
2 0.625000 0.632381 0.078571 0.156190
2 0.412857 0.354286 0.075714 0.040000
2 0.429643 0.336667 0.063571 0.035238
2 0.432143 0.303810 0.055714 0.030476
1 0.434643 0.318571 0.053571 0.021905
1 0.430357 0.294762 0.069286 0.029524
1 0.442857 0.257619 0.055714 0.027619
1 0.446786 0.239048 0.043571 0.019048
1 0.449286 0.230952 0.042857 0.023810
2 0.452500 0.212381 0.045000 0.022857
1 0.458571 0.196667 0.030000 0.018095
1 0.458214 0.184762 0.033571 0.020952
1 0.430357 0.184286 0.020714 0.020000
1 0.481429 0.179524 0.020000 0.020000
2 0.578571 0.191429 0.032857 0.015238
1 0.535714 0.201429 0.035714 0.016190
1 0.532857 0.192857 0.031429 0.020000
1 0.530714 0.182381 0.031429 0.018095
1 0.522143 0.180952 0.035714 0.017143
1 0.510000 0.160952 0.014286 0.019048
1 0.502500 0.147143 0.010714 0.012381
1 0.498929 0.139048 0.013571 0.013333
