0 0.161660 0.798664 0.125894 0.156489
0 0.366953 0.651718 0.084406 0.101145
0 0.265737 0.645038 0.086552 0.110687
0 0.216023 0.609256 0.088698 0.104008
0 0.072604 0.768607 0.143777 0.172710
0 0.474964 0.482347 0.042918 0.058206
0 0.954578 0.934160 0.086552 0.125954
0 0.839056 0.394561 0.038627 0.052481
0 0.591917 0.570611 0.046495 0.085878
0 0.618026 0.486641 0.032904 0.055344
0 0.722461 0.400286 0.031474 0.048664
0 0.719957 0.360687 0.027897 0.047710
0 0.550429 0.319656 0.032189 0.034351
0 0.716738 0.439885 0.028612 0.055344
0 0.359800 0.316794 0.047210 0.032443
0 0.407725 0.302004 0.044349 0.029580
0 0.467454 0.276240 0.037911 0.025763
0 0.496781 0.254294 0.020744 0.027672
0 0.724607 0.326813 0.027182 0.031489
0 0.723176 0.310115 0.020029 0.036260
0 0.398426 0.280534 0.035765 0.030534
0 0.590486 0.263836 0.019313 0.021947
1 0.608369 0.286737 0.043634 0.075382
0 0.683476 0.198473 0.012160 0.015267
0 0.687053 0.187500 0.010730 0.012405
0 0.689557 0.176527 0.010014 0.011450
0 0.739628 0.145992 0.007153 0.011450
0 0.721388 0.276240 0.015021 0.027672
0 0.726395 0.262882 0.017883 0.029580
0 0.721745 0.252863 0.017167 0.022901
0 0.722103 0.241412 0.016452 0.022901
0 0.721388 0.227099 0.017883 0.015267
0 0.719242 0.205153 0.009299 0.017176
1 0.542561 0.239027 0.043634 0.056298
0 0.540773 0.213263 0.014306 0.012405
0 0.561874 0.211355 0.012160 0.018130
0 0.552217 0.204198 0.015737 0.011450
0 0.723534 0.196565 0.010730 0.015267
0 0.718526 0.172710 0.010730 0.009542
0 0.718884 0.167462 0.007153 0.012405
0 0.664878 0.149809 0.007868 0.011450
0 0.684549 0.145515 0.007153 0.010496
0 0.677754 0.142176 0.006438 0.009542
0 0.569742 0.190363 0.010730 0.014313
0 0.578684 0.185115 0.014306 0.015267
0 0.584764 0.175573 0.012160 0.011450
0 0.600143 0.166031 0.011445 0.009542
0 0.614449 0.154580 0.011445 0.013359
0 0.594063 0.158397 0.009299 0.011450
0 0.606938 0.149332 0.007868 0.006679
0 0.611230 0.145038 0.007868 0.007634
0 0.626252 0.146469 0.007868 0.008588
0 0.628040 0.142653 0.007153 0.010496
0 0.636266 0.137405 0.005007 0.007634
