0 0.262857 0.128807 0.034286 0.031726
0 0.283929 0.164340 0.033571 0.031726
0 0.303214 0.271574 0.035000 0.040609
0 0.306786 0.152919 0.033571 0.034264
0 0.331429 0.196701 0.031429 0.032995
0 0.335000 0.141497 0.032857 0.034264
0 0.349286 0.174492 0.030000 0.041878
0 0.595000 0.027284 0.024286 0.041878
0 0.592500 0.073604 0.023571 0.038071
0 0.547500 0.118020 0.026429 0.040609
0 0.566786 0.135152 0.025000 0.041878
0 0.513929 0.189721 0.022143 0.044416
0 0.541071 0.208122 0.017857 0.045685
0 0.632143 0.088832 0.021429 0.043147
0 0.553214 0.343909 0.033571 0.058376
0 0.631786 0.444797 0.045000 0.049492
0 0.777143 0.531726 0.051429 0.053299
0 0.805357 0.943528 0.060714 0.077411
0 0.576071 0.782360 0.055000 0.072335
0 0.653929 0.776015 0.039286 0.085025
0 0.532500 0.744289 0.040714 0.054569
0 0.651071 0.680203 0.032143 0.083756
0 0.674643 0.692893 0.027857 0.071066
0 0.702857 0.692259 0.027143 0.077411
0 0.685000 0.769670 0.038571 0.097716
0 0.704643 0.801396 0.035000 0.090102
0 0.722857 0.718909 0.032857 0.085025
0 0.729286 0.821066 0.032857 0.093909
0 0.748214 0.737944 0.030714 0.095178
0 0.945357 0.885787 0.049286 0.086294
0 0.934286 0.609137 0.057143 0.058376
0 0.757143 0.836929 0.034286 0.097716
0 0.774286 0.754442 0.028571 0.087563
0 0.798571 0.766497 0.028571 0.081218
0 0.785357 0.847081 0.035000 0.110406
0 0.814286 0.866751 0.031429 0.093909
0 0.823929 0.790609 0.029286 0.091371
0 0.837500 0.894670 0.032143 0.093909
0 0.862857 0.921954 0.035714 0.102792
0 0.851429 0.813452 0.030000 0.088832
0 0.875714 0.831853 0.032857 0.090102
0 0.901429 0.855330 0.034286 0.098985
1 0.535714 0.845178 0.145714 0.175127
1 0.256429 0.932741 0.080000 0.129442
1 0.332500 0.753807 0.113571 0.241117
1 0.347857 0.559010 0.094286 0.176396
1 0.363571 0.613579 0.067143 0.123096
1 0.404286 0.609137 0.050000 0.114213
2 0.427143 0.644036 0.060000 0.128173
0 0.378929 0.770939 0.042143 0.085025
0 0.335000 0.875000 0.045714 0.095178
0 0.285000 0.700508 0.044286 0.078680
0 0.233929 0.801396 0.053571 0.085025
0 0.183571 0.908629 0.050000 0.091371
0 0.232857 0.901015 0.048571 0.096447
0 0.302857 0.744289 0.040000 0.072335
2 0.624643 0.673223 0.049286 0.128173
2 0.497143 0.304569 0.051429 0.116751
0 0.575357 0.742386 0.037857 0.055838
