1 0.042500 0.616000 0.085000 0.106667
0 0.139000 0.565333 0.032000 0.026667
0 0.149250 0.539000 0.028500 0.024667
2 0.214250 0.498667 0.036500 0.041333
2 0.212000 0.464667 0.050000 0.052000
2 0.290000 0.397333 0.018000 0.025333
0 0.395750 0.980667 0.124500 0.038667
0 0.401250 0.943667 0.116500 0.071333
0 0.407250 0.784333 0.088500 0.054000
0 0.412250 0.690667 0.078500 0.038667
0 0.391250 0.634333 0.066500 0.039333
0 0.414750 0.560000 0.045500 0.026667
0 0.458500 0.504000 0.017000 0.018667
0 0.408500 0.524333 0.038000 0.018000
0 0.407500 0.516000 0.036000 0.014667
0 0.407000 0.510333 0.037000 0.019333
0 0.412500 0.502333 0.037000 0.015333
0 0.416750 0.482667 0.032500 0.017333
0 0.411500 0.476000 0.032000 0.014667
0 0.412500 0.460333 0.030000 0.014000
0 0.414500 0.455667 0.030000 0.011333
0 0.412500 0.424333 0.023000 0.010000
0 0.415250 0.421000 0.024500 0.007333
0 0.413250 0.414667 0.021500 0.009333
0 0.450500 0.398667 0.017000 0.009333
0 0.437000 0.356000 0.010000 0.005333
0 0.433000 0.349333 0.005000 0.005333
0 0.416250 0.382000 0.015500 0.008000
0 0.465750 0.423667 0.010500 0.011333
0 0.567000 0.613333 0.061000 0.033333
0 0.556500 0.638000 0.055000 0.036000
