1 0.738571 0.553333 0.098571 0.057143
1 0.199286 0.544762 0.088571 0.060952
1 0.300714 0.521429 0.100000 0.061905
2 0.330357 0.716190 0.102143 0.085714
1 0.343571 0.857619 0.057143 0.155238
1 0.576786 0.605714 0.097857 0.081905
1 0.565000 0.697619 0.088571 0.109524
1 0.588929 0.789048 0.087857 0.124762
1 0.618571 0.912857 0.095714 0.138095
1 0.571786 0.478095 0.079286 0.072381
1 0.543214 0.442857 0.083571 0.074286
1 0.344643 0.439524 0.040714 0.100000
1 0.343214 0.350476 0.033571 0.074286
1 0.528929 0.344286 0.072143 0.060000
1 0.345714 0.268095 0.038571 0.058095
1 0.345357 0.206190 0.032143 0.050476
1 0.345357 0.149524 0.032143 0.057143
1 0.301429 0.123333 0.031429 0.058095
1 0.887500 0.530000 0.109286 0.067619
1 0.513929 0.309048 0.067857 0.052381
1 0.345357 0.055714 0.046429 0.048571
1 0.477143 0.022857 0.042857 0.026667
1 0.481786 0.044762 0.052143 0.026667
1 0.485000 0.072381 0.058571 0.038095
1 0.484643 0.105238 0.060714 0.031429
2 0.492500 0.133810 0.065000 0.056190
1 0.502143 0.177143 0.070000 0.040000
1 0.508929 0.207619 0.072143 0.036190
1 0.508929 0.235238 0.065000 0.038095
1 0.515357 0.267619 0.070714 0.045714
