7 0.336786 0.742381 0.009286 0.008571
7 0.253929 0.762381 0.005000 0.018095
1 0.079643 0.912857 0.039286 0.052381
1 0.225000 0.943333 0.044286 0.044762
1 0.126071 0.796667 0.025000 0.029524
1 0.282143 0.863333 0.021429 0.037143
1 0.280000 0.800952 0.018571 0.032381
1 0.280357 0.723810 0.017857 0.020952
1 0.222143 0.703333 0.012857 0.016190
1 0.247857 0.651905 0.011429 0.016190
1 0.176071 0.646190 0.013571 0.012381
1 0.243214 0.633333 0.007857 0.009524
5 0.242500 0.623333 0.006429 0.008571
1 0.194286 0.598095 0.007143 0.007619
1 0.221786 0.596667 0.006429 0.008571
1 0.225714 0.589524 0.005714 0.007619
1 0.212857 0.590952 0.005714 0.006667
1 0.202500 0.586190 0.005000 0.006667
1 0.203929 0.576667 0.005000 0.004762
1 0.214286 0.582857 0.004286 0.005714
1 0.214643 0.578095 0.005000 0.005714
1 0.223929 0.573333 0.003571 0.005714
1 0.233571 0.565714 0.004286 0.005714
1 0.233571 0.561905 0.004286 0.003810
1 0.231429 0.560000 0.002857 0.005714
1 0.223214 0.560476 0.003571 0.004762
1 0.220714 0.564286 0.004286 0.004762
1 0.208214 0.566190 0.003571 0.004762
1 0.203929 0.561905 0.005000 0.005714
1 0.200714 0.567143 0.004286 0.006667
3 0.188214 0.572381 0.012143 0.009524
1 0.187857 0.564286 0.004286 0.004762
1 0.192500 0.562857 0.003571 0.005714
1 0.193929 0.554762 0.003571 0.004762
1 0.202857 0.549048 0.004286 0.004762
3 0.208929 0.549048 0.005000 0.008571
1 0.214643 0.555238 0.005000 0.005714
1 0.220714 0.551905 0.002857 0.004762
1 0.228929 0.550952 0.003571 0.004762
6 0.226071 0.536667 0.003571 0.006667
1 0.228929 0.542857 0.003571 0.003810
3 0.254643 0.582857 0.016429 0.009524
1 0.254643 0.587619 0.009286 0.007619
1 0.278571 0.594286 0.012857 0.007619
1 0.338571 0.690952 0.028571 0.012381
1 0.380000 0.678571 0.024286 0.014286
1 0.397857 0.686190 0.018571 0.018095
1 0.443214 0.682381 0.025000 0.012381
1 0.446786 0.689524 0.009286 0.013333
1 0.439286 0.705238 0.024286 0.016190
1 0.330000 0.702857 0.014286 0.015238
1 0.430000 0.711905 0.024286 0.016190
1 0.397857 0.717143 0.028571 0.015238
1 0.407857 0.721429 0.028571 0.018095
1 0.415714 0.737143 0.030000 0.015238
1 0.436071 0.745238 0.029286 0.012381
1 0.431071 0.755238 0.032143 0.019048
1 0.449643 0.759524 0.035000 0.020000
1 0.453929 0.769048 0.033571 0.020000
1 0.451429 0.821429 0.030000 0.031429
1 0.487857 0.882381 0.051429 0.035238
0 0.543571 0.844762 0.017143 0.013333
0 0.540000 0.840476 0.017143 0.014286
0 0.537143 0.836667 0.017143 0.014286
0 0.534286 0.833333 0.017143 0.013333
0 0.529286 0.829048 0.017143 0.014286
1 0.337857 0.970952 0.065714 0.054286
1 0.356429 0.931429 0.061429 0.040000
1 0.352857 0.898571 0.061429 0.042857
1 0.353214 0.876667 0.056429 0.035238
1 0.343571 0.860476 0.045714 0.033333
1 0.345000 0.841905 0.045714 0.036190
1 0.324286 0.832857 0.044286 0.027619
1 0.318929 0.816667 0.045000 0.029524
3 0.328571 0.787619 0.055714 0.043810
1 0.365000 0.783810 0.027143 0.024762
1 0.356071 0.748095 0.015000 0.023810
1 0.318571 0.775238 0.035714 0.019048
1 0.317500 0.764762 0.033571 0.022857
1 0.311429 0.754286 0.035714 0.020952
1 0.313929 0.744286 0.030714 0.018095
1 0.315714 0.736190 0.031429 0.015238
1 0.318214 0.723810 0.030714 0.017143
1 0.310357 0.715238 0.030714 0.015238
1 0.433929 0.981429 0.039286 0.037143
1 0.476429 0.973810 0.042857 0.050476
1 0.521429 0.960952 0.041429 0.057143
1 0.556429 0.950476 0.052857 0.062857
1 0.595000 0.938095 0.044286 0.043810
2 0.637143 0.927143 0.041429 0.054286
1 0.591429 0.860476 0.028571 0.033333
7 0.639286 0.827619 0.014286 0.022857
7 0.672500 0.820952 0.013571 0.011429
1 0.661786 0.836190 0.016429 0.028571
1 0.697143 0.829048 0.030000 0.033333
3 0.666786 0.925714 0.047857 0.043810
1 0.703571 0.915714 0.044286 0.037143
5 0.721786 0.910476 0.029286 0.030476
7 0.792857 0.788095 0.012857 0.018095
1 0.766071 0.890476 0.055000 0.036190
1 0.792143 0.881905 0.051429 0.038095
1 0.814286 0.878571 0.047143 0.033333
1 0.826071 0.870000 0.049286 0.040952
1 0.847500 0.865714 0.046429 0.036190
1 0.881071 0.851905 0.053571 0.039048
1 0.863571 0.856667 0.047143 0.039048
1 0.908571 0.843333 0.052857 0.033333
2 0.912857 0.828095 0.042857 0.033333
1 0.931786 0.830476 0.046429 0.030476
1 0.944643 0.824762 0.049286 0.028571
3 0.856786 0.968571 0.089286 0.062857
3 0.891786 0.972381 0.077857 0.055238
1 0.921429 0.973333 0.068571 0.053333
1 0.937857 0.960476 0.070000 0.052381
1 0.966429 0.958095 0.067143 0.057143
1 0.986429 0.932857 0.027143 0.035238
1 0.969286 0.821905 0.047143 0.034286
1 0.977857 0.816190 0.044286 0.040000
1 0.987143 0.815714 0.025714 0.029524
1 0.986786 0.810476 0.026429 0.036190
1 0.986071 0.759524 0.027857 0.020000
1 0.943571 0.758095 0.028571 0.019048
2 0.928929 0.760000 0.037857 0.022857
1 0.920714 0.765238 0.034286 0.020000
1 0.900714 0.789048 0.031429 0.021905
5 0.875357 0.771429 0.027857 0.019048
1 0.863571 0.790000 0.021429 0.025714
1 0.841071 0.783810 0.016429 0.022857
