1 0.450357 0.765238 0.050714 0.122857
1 0.278214 0.647619 0.073571 0.131429
1 0.319286 0.506667 0.048571 0.091429
1 0.482143 0.483333 0.037143 0.101905
1 0.566786 0.166667 0.022143 0.049524
1 0.440714 0.122857 0.021429 0.040000
1 0.628571 0.238571 0.024286 0.050476
5 0.682857 0.370952 0.018571 0.050476
1 0.590357 0.110476 0.020714 0.038095
1 0.517500 0.021905 0.019286 0.036190
7 0.669643 0.160952 0.006429 0.019048
7 0.709286 0.161905 0.005714 0.019048
7 0.689643 0.089048 0.005000 0.012381
7 0.659286 0.099524 0.004286 0.008571
7 0.684643 0.064762 0.005000 0.009524
7 0.642500 0.051429 0.006429 0.011429
7 0.673929 0.032857 0.006429 0.012381
7 0.645357 0.022857 0.006429 0.013333
1 0.588214 0.011905 0.013571 0.021905
1 0.466071 0.614762 0.040714 0.094286
