0 0.096924 0.920802 0.193848 0.129771
0 0.100858 0.791031 0.198856 0.112595
0 0.704220 0.953721 0.218169 0.083015
0 0.672747 0.851145 0.188126 0.118321
0 0.610873 0.582538 0.131617 0.096374
0 0.250358 0.577290 0.074392 0.124046
0 0.175966 0.568702 0.104435 0.131679
0 0.119099 0.562977 0.102289 0.118321
0 0.026466 0.534351 0.052933 0.087786
0 0.142704 0.351145 0.080830 0.040076
0 0.339413 0.354962 0.087983 0.043893
0 0.853004 0.279103 0.063662 0.037214
0 0.810443 0.309160 0.072961 0.040076
0 0.547568 0.304389 0.076538 0.045802
0 0.504649 0.350191 0.085122 0.049618
0 0.435980 0.267653 0.043634 0.029580
0 0.383047 0.194179 0.039342 0.025763
0 0.366237 0.176050 0.022890 0.037214
0 0.157368 0.219943 0.061516 0.025763
0 0.443848 0.197996 0.033619 0.027672
0 0.461731 0.176050 0.026466 0.025763
0 0.484263 0.170324 0.021459 0.025763
0 0.535765 0.204198 0.042918 0.026718
0 0.533977 0.177481 0.036481 0.026718
0 0.536838 0.152672 0.033619 0.019084
0 0.516810 0.170802 0.027897 0.020992
0 0.528970 0.163168 0.027897 0.019084
0 0.598712 0.168416 0.017167 0.023855
0 0.602647 0.153626 0.022175 0.020992
0 0.540057 0.148378 0.035765 0.021947
0 0.535765 0.137882 0.035765 0.020038
0 0.539342 0.129294 0.032904 0.016221
0 0.540415 0.125954 0.032189 0.020992
0 0.538627 0.117366 0.031474 0.017176
0 0.566166 0.104008 0.029328 0.017176
0 0.567597 0.093511 0.029328 0.015267
0 0.567239 0.087786 0.025751 0.015267
0 0.566166 0.084447 0.027897 0.020038
0 0.560443 0.072519 0.022175 0.015267
0 0.557225 0.056298 0.010014 0.013359
0 0.593348 0.121660 0.019313 0.020038
0 0.654506 0.150763 0.018598 0.019084
0 0.597639 0.192748 0.043634 0.022901
2 0.800787 0.251431 0.067954 0.044847
1 0.779685 0.121183 0.052933 0.047710
1 0.670959 0.055821 0.025751 0.014313
