2 0.192857 0.841905 0.114286 0.085714
1 0.288214 0.792857 0.102143 0.073333
1 0.505357 0.813810 0.116429 0.073333
1 0.690000 0.897619 0.154286 0.090476
1 0.717500 0.829524 0.127857 0.089524
1 0.954643 0.863333 0.090714 0.100000
1 0.751786 0.718571 0.109286 0.060000
6 0.498214 0.687143 0.225000 0.122857
1 0.683571 0.595238 0.035714 0.041905
1 0.977143 0.639048 0.045714 0.038095
0 0.916071 0.623810 0.022143 0.028571
0 0.621429 0.658571 0.027143 0.020000
0 0.673929 0.483333 0.010714 0.010476
6 0.791786 0.525238 0.042143 0.073333
6 0.841071 0.526667 0.035000 0.083810
0 0.342143 0.542381 0.024286 0.014286
0 0.224643 0.533333 0.013571 0.017143
0 0.252857 0.537619 0.011429 0.020000
7 0.322500 0.612857 0.010714 0.025714
7 0.235000 0.570000 0.028571 0.020000
0 0.165714 0.530952 0.015714 0.014286
0 0.182500 0.606190 0.020714 0.014286
1 0.041786 0.870952 0.083571 0.079048
