7 0.503571 0.686548 0.015714 0.045685
1 0.457500 0.907995 0.026429 0.092640
1 0.257857 0.949239 0.035714 0.098985
1 0.361429 0.781726 0.034286 0.091371
3 0.469643 0.592005 0.033571 0.130711
1 0.323571 0.550127 0.027143 0.064721
2 0.450000 0.442259 0.021429 0.069797
1 0.514286 0.417513 0.020000 0.058376
1 0.385357 0.376269 0.023571 0.049492
1 0.471071 0.211929 0.019286 0.048223
1 0.430357 0.213198 0.019286 0.045685
1 0.375357 0.239848 0.023571 0.045685
3 0.409286 0.154822 0.028571 0.088832
1 0.482143 0.090102 0.015714 0.038071
1 0.457143 0.040609 0.015714 0.035533
1 0.426429 0.074873 0.015714 0.032995
1 0.404643 0.065355 0.017857 0.034264
1 0.151429 0.391497 0.027143 0.041878
1 0.014286 0.704949 0.028571 0.054569
1 0.215714 0.217640 0.022857 0.046954
3 0.235714 0.157360 0.031429 0.083756
3 0.256429 0.097081 0.031429 0.074873
3 0.292857 0.046320 0.037143 0.082487
