6 0.768789 0.362245 0.043841 0.069573
2 0.245303 0.910482 0.070981 0.102968
1 0.353079 0.785250 0.061065 0.088126
2 0.709290 0.353896 0.018789 0.032468
7 0.408925 0.593228 0.016180 0.017625
7 0.516441 0.646568 0.017223 0.018553
7 0.413100 0.670686 0.020355 0.024119
7 0.405271 0.645176 0.017223 0.030612
7 0.313935 0.779221 0.017223 0.035250
7 0.390136 0.693414 0.016180 0.030612
7 0.380480 0.704082 0.014614 0.029685
7 0.363518 0.722635 0.018267 0.037106
7 0.325157 0.768089 0.014614 0.037106
7 0.333768 0.751855 0.018267 0.025046
7 0.340553 0.739796 0.014092 0.023191
7 0.222860 0.828386 0.016701 0.020408
7 0.236952 0.814007 0.016701 0.017625
0 0.213205 0.900278 0.020355 0.041744
7 0.396138 0.525510 0.017745 0.017625
7 0.518528 0.524119 0.017223 0.014842
1 0.734603 0.277365 0.031837 0.027829
1 0.752349 0.259276 0.027662 0.021336
1 0.756785 0.253247 0.026096 0.025974
1 0.798800 0.242115 0.018267 0.024119
1 0.779749 0.222171 0.022965 0.019481
2 0.784708 0.214750 0.022443 0.021336
1 0.830898 0.168831 0.021921 0.016698
1 0.835073 0.160946 0.020877 0.015770
1 0.895616 0.226809 0.014614 0.021336
1 0.673017 0.366883 0.014092 0.025046
1 0.168580 0.364100 0.027140 0.032468
1 0.214770 0.370594 0.028706 0.030612
1 0.964248 0.111317 0.018267 0.016698
1 0.974687 0.067254 0.008873 0.012059
1 0.969207 0.091837 0.009395 0.011132
1 0.901096 0.093692 0.012004 0.011132
1 0.911273 0.119202 0.012526 0.017625
