1 0.544102 0.871985 0.047495 0.194805
1 0.534186 0.644249 0.053758 0.156772
5 0.583507 0.380334 0.021921 0.064935
5 0.517484 0.364100 0.024530 0.067718
4 0.558716 0.297310 0.014092 0.043599
1 0.636743 0.089981 0.061587 0.053803
7 0.634134 0.149814 0.013570 0.047310
7 0.675626 0.156308 0.022443 0.025046
7 0.688152 0.165121 0.023486 0.024119
7 0.688152 0.307050 0.030793 0.029685
7 0.677975 0.376160 0.025052 0.030612
7 0.693111 0.449907 0.030271 0.027829
7 0.666232 0.628942 0.029749 0.050093
7 0.332463 0.814007 0.028184 0.058442
1 0.341075 0.274583 0.066284 0.064935
7 0.341858 0.199907 0.024008 0.030612
5 0.456681 0.069109 0.022965 0.071429
7 0.426148 0.374304 0.008873 0.041744
4 0.407359 0.859926 0.027662 0.113173
7 0.471033 0.706401 0.013048 0.056586
7 0.685021 0.065399 0.022443 0.034323
7 0.686065 0.056122 0.022443 0.025046
