3 0.262787 0.478664 0.085073 0.064935
3 0.023486 0.469388 0.046973 0.057514
7 0.305846 0.554267 0.031315 0.034323
2 0.408925 0.784323 0.080898 0.082560
2 0.405532 0.672078 0.074113 0.076994
2 0.510177 0.667440 0.072547 0.080705
3 0.518789 0.790353 0.107516 0.092764
2 0.539666 0.931354 0.098121 0.111317
5 0.404749 0.601113 0.055846 0.059369
4 0.509134 0.466141 0.086117 0.064007
1 0.546712 0.365492 0.061065 0.068646
1 0.401096 0.127551 0.045407 0.039889
1 0.495042 0.124304 0.048539 0.046382
3 0.347077 0.249072 0.049061 0.069573
3 0.845772 0.406772 0.170668 0.223562
2 0.651096 0.020872 0.017223 0.041744
7 0.639875 0.111781 0.005219 0.023191
7 0.622129 0.254638 0.006263 0.028757
