4 0.062370 0.013451 0.027662 0.023191
7 0.184238 0.501391 0.020877 0.019481
3 0.160230 0.620130 0.067850 0.047310
3 0.243737 0.782931 0.077244 0.061224
1 0.229645 0.861781 0.063674 0.063080
3 0.373173 0.596475 0.131524 0.083488
1 0.640919 0.470779 0.051148 0.043599
4 0.639353 0.605288 0.027140 0.023191
2 0.602035 0.698516 0.051670 0.050093
3 0.753653 0.455009 0.068894 0.058442
4 0.800626 0.489796 0.025052 0.018553
7 0.751566 0.524119 0.019833 0.018553
2 0.781837 0.603896 0.048017 0.042672
1 0.758612 0.689239 0.056889 0.048237
4 0.845511 0.604360 0.027140 0.019481
1 0.963727 0.603896 0.058977 0.051948
4 0.962422 0.327922 0.024008 0.039889
4 0.534969 0.331169 0.034447 0.027829
7 0.616127 0.274583 0.006785 0.020408
