1 0.463929 0.876904 0.046429 0.111675
1 0.369643 0.809010 0.035000 0.079949
1 0.542143 0.945431 0.058571 0.106599
1 0.503929 0.689086 0.025000 0.048223
1 0.431786 0.622462 0.032143 0.067259
1 0.373929 0.569162 0.026429 0.062183
1 0.254643 0.409264 0.023571 0.046954
1 0.336071 0.342640 0.022143 0.038071
1 0.316429 0.288706 0.020000 0.044416
1 0.297500 0.296954 0.017857 0.043147
1 0.276786 0.242386 0.016429 0.025381
1 0.217857 0.218274 0.014286 0.025381
3 0.201071 0.142132 0.017857 0.040609
1 0.253571 0.145939 0.012857 0.027919
1 0.234643 0.081218 0.010714 0.022843
1 0.207857 0.093909 0.012857 0.022843
1 0.191071 0.059645 0.010714 0.017766
6 0.521429 0.509518 0.037143 0.112944
6 0.488929 0.485406 0.036429 0.090102
6 0.413214 0.472081 0.037857 0.116751
6 0.489286 0.413071 0.038571 0.090102
6 0.461429 0.416878 0.035714 0.087563
6 0.407857 0.387056 0.042857 0.088832
6 0.436786 0.350888 0.035000 0.079949
6 0.461429 0.350888 0.040000 0.074873
6 0.411786 0.302030 0.036429 0.076142
6 0.400714 0.321066 0.030000 0.058376
6 0.362857 0.271574 0.021429 0.040609
6 0.370714 0.249365 0.018571 0.046954
2 0.383929 0.285533 0.013571 0.035533
3 0.405357 0.175127 0.036429 0.032995
1 0.172143 0.082487 0.015714 0.015228
1 0.213214 0.371193 0.013571 0.026650
1 0.217143 0.399112 0.015714 0.029188
1 0.221429 0.428299 0.014286 0.029188
1 0.226786 0.456853 0.013571 0.025381
2 0.273571 0.977792 0.054286 0.041878
1 0.517857 0.750635 0.024286 0.059645
6 0.393571 0.253807 0.028571 0.060914
