0 0.795250 0.776000 0.235500 0.145333
0 0.598500 0.204667 0.084000 0.052000
0 0.591250 0.135333 0.073500 0.048000
0 0.587750 0.114333 0.083500 0.039333
0 0.590750 0.097333 0.076500 0.036000
0 0.585500 0.088000 0.070000 0.034667
0 0.573500 0.057333 0.065000 0.040000
0 0.514500 0.208000 0.047000 0.070667
0 0.453500 0.137667 0.063000 0.059333
0 0.107500 0.765333 0.215000 0.152000
0 0.100750 0.627000 0.201500 0.116667
2 0.293500 0.306667 0.183000 0.145333
2 0.313750 0.260333 0.149500 0.111333
0 0.335000 0.198000 0.101000 0.038667
0 0.347000 0.171667 0.094000 0.050000
0 0.362000 0.132667 0.086000 0.045333
0 0.369750 0.110333 0.084500 0.036667
0 0.382250 0.068000 0.070500 0.036000
0 0.382500 0.053000 0.064000 0.028667
0 0.401000 0.020333 0.058000 0.027333
