7 0.831786 0.654286 0.017857 0.038095
1 0.944286 0.662381 0.102857 0.054286
1 0.973214 0.629524 0.053571 0.045714
1 0.908929 0.600000 0.052143 0.034286
1 0.938571 0.594286 0.044286 0.026667
1 0.857143 0.575238 0.032857 0.020952
1 0.017500 0.583333 0.035000 0.027619
1 0.051071 0.574286 0.055000 0.026667
1 0.050000 0.562381 0.061429 0.027619
1 0.089643 0.591905 0.065000 0.035238
1 0.132500 0.582381 0.062143 0.031429
1 0.117143 0.570476 0.051429 0.026667
1 0.132143 0.552381 0.047143 0.024762
1 0.142500 0.532857 0.035000 0.020000
1 0.168929 0.536190 0.037857 0.019048
1 0.175357 0.599048 0.070714 0.036190
1 0.191071 0.575714 0.055000 0.020000
1 0.215357 0.572381 0.047857 0.024762
1 0.212857 0.591429 0.060000 0.030476
1 0.255000 0.603810 0.072857 0.041905
1 0.262500 0.586190 0.055000 0.029524
1 0.309286 0.596190 0.064286 0.034286
1 0.337857 0.589524 0.050000 0.030476
1 0.348929 0.581429 0.050714 0.027619
1 0.350000 0.616190 0.075714 0.034286
1 0.330000 0.545714 0.025714 0.019048
1 0.351786 0.546667 0.032143 0.020952
1 0.400000 0.607619 0.071429 0.038095
1 0.416786 0.595714 0.055000 0.031429
1 0.431429 0.583810 0.061429 0.028571
1 0.509643 0.618571 0.082143 0.035238
1 0.521071 0.603333 0.057857 0.031429
1 0.628214 0.555238 0.039286 0.017143
1 0.642500 0.550952 0.033571 0.016190
1 0.653214 0.549524 0.029286 0.015238
1 0.626786 0.534762 0.016429 0.012381
1 0.600714 0.533333 0.017143 0.009524
2 0.610000 0.527619 0.017143 0.011429
1 0.643571 0.528571 0.007143 0.007619
1 0.667500 0.534286 0.016429 0.009524
1 0.652857 0.531429 0.022857 0.011429
1 0.667500 0.530952 0.019286 0.012381
1 0.664286 0.528095 0.017143 0.008571
1 0.635000 0.526190 0.007143 0.008571
1 0.625000 0.522857 0.015714 0.007619
2 0.627857 0.519524 0.014286 0.008571
0 0.836071 0.557143 0.009286 0.009524
7 0.814286 0.553333 0.005714 0.007619
7 0.801786 0.548571 0.005000 0.007619
1 0.787143 0.577619 0.025714 0.025714
1 0.796071 0.568095 0.023571 0.021905
1 0.808571 0.560476 0.020000 0.016190
1 0.786071 0.561905 0.017857 0.017143
3 0.767500 0.566667 0.020714 0.022857
2 0.760357 0.560476 0.015000 0.021905
2 0.768214 0.556667 0.013571 0.014286
2 0.772500 0.552857 0.012143 0.012381
2 0.764286 0.550476 0.012857 0.013333
2 0.757857 0.546190 0.011429 0.012381
1 0.749286 0.556190 0.021429 0.020952
1 0.744286 0.551429 0.015714 0.015238
1 0.737143 0.547143 0.012857 0.012381
1 0.730000 0.543333 0.011429 0.010476
1 0.742500 0.540476 0.015000 0.012381
1 0.754286 0.541905 0.011429 0.009524
1 0.764286 0.540476 0.010000 0.008571
1 0.776071 0.539048 0.012143 0.009524
1 0.811071 0.541429 0.013571 0.010476
1 0.816071 0.535238 0.010714 0.007619
1 0.739643 0.536667 0.009286 0.010476
3 0.735000 0.534286 0.007143 0.007619
1 0.740714 0.528571 0.007143 0.007619
1 0.727143 0.524762 0.005714 0.007619
1 0.776429 0.533333 0.014286 0.009524
1 0.799643 0.527619 0.010714 0.005714
1 0.781786 0.531905 0.013571 0.008571
1 0.768571 0.529524 0.012857 0.005714
1 0.766786 0.527619 0.012143 0.007619
1 0.750000 0.524286 0.011429 0.006667
1 0.735714 0.519524 0.010000 0.006667
