2 0.666786 0.895238 0.160714 0.125714
2 0.665714 0.772857 0.155714 0.107619
1 0.655357 0.648571 0.147857 0.087619
1 0.541786 0.561429 0.070714 0.119048
1 0.605714 0.459048 0.137143 0.072381
1 0.452857 0.450000 0.057143 0.107619
2 0.433214 0.298095 0.033571 0.076190
1 0.354286 0.357619 0.098571 0.042857
1 0.445714 0.250000 0.035714 0.052381
1 0.423929 0.183333 0.072143 0.042857
1 0.421786 0.148095 0.073571 0.040952
1 0.562857 0.185238 0.075714 0.044762
1 0.555357 0.140476 0.065000 0.033333
1 0.552143 0.123810 0.060000 0.028571
1 0.427857 0.100476 0.061429 0.037143
1 0.428571 0.082857 0.061429 0.034286
1 0.431429 0.071905 0.057143 0.031429
1 0.430357 0.061905 0.052143 0.024762
1 0.431429 0.041905 0.050000 0.026667
1 0.430357 0.033810 0.050714 0.025714
1 0.522500 0.028571 0.055000 0.028571
1 0.521786 0.012857 0.050714 0.021905
1 0.541429 0.063333 0.051429 0.031429
1 0.545000 0.086190 0.060000 0.031429
1 0.358571 0.120476 0.030000 0.042857
1 0.566429 0.270952 0.085714 0.054286
1 0.585357 0.365714 0.100714 0.059048
1 0.578214 0.330476 0.090714 0.055238
1 0.778214 0.442381 0.066429 0.101905
1 0.739643 0.348571 0.050714 0.078095
1 0.617143 0.056190 0.024286 0.041905
1 0.631071 0.090476 0.033571 0.045714
