0 0.652500 0.888095 0.160714 0.223810
0 0.448929 0.744286 0.137857 0.204762
0 0.816071 0.562381 0.117857 0.120952
0 0.456786 0.370000 0.063571 0.103810
0 0.448214 0.260952 0.079286 0.080000
0 0.187500 0.182857 0.085000 0.057143
0 0.183929 0.262381 0.097857 0.067619
0 0.118929 0.300476 0.112143 0.073333
0 0.085000 0.231429 0.091429 0.072381
0 0.752857 0.220952 0.088571 0.062857
0 0.958929 0.241429 0.082143 0.061905
1 0.287143 0.706190 0.402857 0.547619
2 0.263929 0.139048 0.109286 0.087619
0 0.031429 0.263333 0.062857 0.082857
