0 0.442500 0.671905 0.069286 0.054286
0 0.338571 0.694286 0.067143 0.057143
0 0.697500 0.629524 0.060714 0.064762
0 0.597500 0.546190 0.060714 0.063810
0 0.671071 0.466667 0.033571 0.057143
0 0.760357 0.490952 0.030714 0.054286
0 0.722500 0.421429 0.025000 0.061905
0 0.731429 0.366190 0.021429 0.046667
0 0.738929 0.313810 0.019286 0.042857
0 0.783571 0.218571 0.015714 0.027619
0 0.496071 0.401429 0.026429 0.052381
0 0.128929 0.216667 0.039286 0.035238
0 0.168571 0.231905 0.028571 0.031429
0 0.192143 0.241905 0.032857 0.028571
0 0.211786 0.249048 0.035000 0.035238
0 0.261786 0.262381 0.039286 0.039048
0 0.019286 0.267619 0.030000 0.024762
0 0.040714 0.285714 0.022857 0.022857
0 0.066071 0.287143 0.029286 0.021905
0 0.101071 0.286190 0.029286 0.025714
0 0.123929 0.301905 0.045000 0.043810
0 0.151429 0.309524 0.034286 0.043810
0 0.180000 0.314762 0.027143 0.040952
0 0.202143 0.324762 0.028571 0.049524
0 0.223929 0.331429 0.037857 0.051429
0 0.252500 0.339048 0.036429 0.045714
0 0.275000 0.340476 0.034286 0.040952
0 0.306786 0.350952 0.032143 0.037143
0 0.333571 0.358571 0.031429 0.042857
0 0.350714 0.368095 0.031429 0.050476
0 0.114286 0.361429 0.031429 0.021905
0 0.185000 0.384286 0.040000 0.023810
0 0.109286 0.657619 0.042857 0.040952
0 0.049286 0.790952 0.082857 0.077143
0 0.134286 0.834286 0.087143 0.074286
0 0.077500 0.916667 0.092143 0.094286
0 0.382500 0.379524 0.027857 0.048571
0 0.412143 0.387619 0.030000 0.059048
0 0.403929 0.302381 0.023571 0.042857
0 0.439643 0.391905 0.030714 0.050476
0 0.467500 0.400476 0.023571 0.046667
0 0.567143 0.415238 0.051429 0.040000
0 0.437143 0.291429 0.034286 0.036190
0 0.484286 0.256190 0.034286 0.040000
0 0.455357 0.279048 0.033571 0.034286
0 0.618929 0.050476 0.012143 0.022857
0 0.597857 0.104286 0.022857 0.025714
0 0.566429 0.391429 0.050000 0.040000
0 0.580357 0.370000 0.050714 0.044762
0 0.584286 0.341905 0.047143 0.026667
0 0.593571 0.328095 0.050000 0.029524
0 0.606429 0.307619 0.041429 0.036190
0 0.605000 0.287143 0.037143 0.033333
0 0.778571 0.358095 0.018571 0.041905
0 0.612857 0.270000 0.041429 0.029524
0 0.617857 0.253810 0.038571 0.025714
0 0.619286 0.240000 0.037143 0.026667
0 0.625714 0.228095 0.037143 0.027619
0 0.626786 0.211429 0.036429 0.028571
0 0.632143 0.197143 0.038571 0.028571
0 0.640000 0.183810 0.035714 0.026667
0 0.641786 0.171429 0.032143 0.019048
0 0.642857 0.160000 0.030000 0.020952
0 0.648929 0.149048 0.032143 0.025714
0 0.653929 0.138095 0.033571 0.024762
0 0.660714 0.125238 0.031429 0.021905
0 0.667143 0.118095 0.034286 0.022857
0 0.673929 0.098571 0.026429 0.020000
0 0.676786 0.087143 0.029286 0.018095
0 0.677857 0.074762 0.022857 0.018095
0 0.683571 0.067619 0.028571 0.020952
0 0.685714 0.058571 0.027143 0.020000
0 0.687857 0.046190 0.025714 0.018095
0 0.692143 0.036190 0.027143 0.024762
0 0.696429 0.024286 0.024286 0.018095
0 0.702143 0.009524 0.027143 0.017143
0 0.747500 0.044762 0.013571 0.024762
0 0.739286 0.074762 0.012857 0.021905
0 0.757143 0.010952 0.011429 0.016190
0 0.751429 0.025714 0.010000 0.017143
0 0.663214 0.014762 0.022143 0.014286
0 0.779286 0.023333 0.012857 0.020000
0 0.626071 0.030952 0.012143 0.020000
0 0.796071 0.061905 0.015000 0.020952
0 0.827857 0.010476 0.011429 0.015238
0 0.826786 0.027619 0.013571 0.019048
0 0.826429 0.043333 0.012857 0.012381
0 0.824286 0.059048 0.012857 0.019048
0 0.822857 0.074762 0.012857 0.021905
0 0.820357 0.094286 0.015000 0.020952
0 0.821429 0.118095 0.014286 0.022857
0 0.818571 0.144286 0.015714 0.025714
0 0.818929 0.171429 0.019286 0.028571
0 0.817143 0.200000 0.015714 0.022857
0 0.816429 0.225714 0.017143 0.040000
0 0.974286 0.264286 0.012857 0.023810
1 0.897143 0.008571 0.011429 0.017143
0 0.896071 0.027619 0.010714 0.015238
0 0.967143 0.116190 0.015714 0.011429
0 0.967143 0.169524 0.008571 0.011429
0 0.970000 0.152381 0.012857 0.015238
