1 0.030714 0.096667 0.047143 0.067619
1 0.020000 0.018571 0.037143 0.037143
1 0.354643 0.270000 0.042143 0.084762
2 0.296786 0.363333 0.043571 0.096190
1 0.359643 0.367143 0.042143 0.107619
1 0.463214 0.343333 0.043571 0.098095
1 0.512857 0.338095 0.045714 0.083810
1 0.494643 0.263333 0.042143 0.079048
2 0.410000 0.336190 0.050000 0.121905
0 0.250714 0.225238 0.017143 0.029524
0 0.289643 0.169524 0.029286 0.022857
0 0.333214 0.169048 0.029286 0.021905
0 0.313571 0.188095 0.021429 0.018095
0 0.398214 0.159524 0.026429 0.023810
0 0.464643 0.155714 0.026429 0.021905
0 0.523929 0.165714 0.025000 0.020952
0 0.378571 0.169048 0.030000 0.021905
1 0.562857 0.329048 0.048571 0.096190
1 0.627857 0.298571 0.088571 0.060000
1 0.613929 0.258095 0.083571 0.043810
1 0.603929 0.222381 0.079286 0.044762
2 0.585000 0.106190 0.034286 0.073333
2 0.624643 0.101429 0.043571 0.086667
2 0.567500 0.048095 0.033571 0.063810
2 0.747143 0.153333 0.060000 0.080000
2 0.713571 0.086667 0.048571 0.064762
2 0.678571 0.012381 0.034286 0.024762
1 0.693929 0.520476 0.115000 0.080952
2 0.610000 0.547619 0.065714 0.118095
2 0.499643 0.585714 0.060714 0.150476
1 0.385000 0.611905 0.052857 0.157143
1 0.273929 0.833333 0.093571 0.213333
1 0.378214 0.800476 0.060714 0.178095
1 0.522143 0.756190 0.075714 0.186667
1 0.590357 0.738095 0.070714 0.171429
1 0.725000 0.712857 0.087143 0.157143
1 0.795357 0.698095 0.089286 0.161905
