1 0.266429 0.548858 0.020000 0.044416
1 0.510714 0.300127 0.015714 0.039340
1 0.566071 0.406726 0.022143 0.054569
1 0.262500 0.175127 0.010714 0.022843
1 0.216786 0.175761 0.012143 0.019036
1 0.226071 0.154822 0.013571 0.022843
1 0.443571 0.179569 0.011429 0.031726
2 0.532143 0.070431 0.011429 0.031726
2 0.528214 0.031726 0.010714 0.027919
3 0.554643 0.075508 0.017857 0.052030
1 0.602857 0.788706 0.035714 0.115482
6 0.416071 0.321701 0.017857 0.062183
1 0.086786 0.358503 0.033571 0.031726
1 0.206071 0.256980 0.023571 0.026650
1 0.176071 0.288071 0.026429 0.027919
1 0.135357 0.323604 0.027857 0.025381
1 0.038929 0.390228 0.035000 0.031726
1 0.235714 0.168782 0.010000 0.015228
1 0.225357 0.082487 0.012143 0.017766
1 0.213929 0.083122 0.010714 0.016497
1 0.182857 0.128173 0.015714 0.017766
1 0.181786 0.140863 0.016429 0.017766
1 0.207143 0.142132 0.018571 0.017766
1 0.203214 0.153553 0.016429 0.022843
6 0.231786 0.220178 0.023571 0.041878
6 0.238929 0.185914 0.016429 0.036802
