3 0.471816 0.619666 0.029228 0.083488
5 0.561326 0.929035 0.031837 0.091837
1 0.690501 0.930891 0.077244 0.075139
1 0.631524 0.830241 0.074113 0.072356
7 0.646399 0.867347 0.027662 0.031540
7 0.760699 0.936456 0.022443 0.038033
7 0.752871 0.904917 0.024530 0.034323
7 0.762526 0.852041 0.022965 0.032468
7 0.671712 0.690631 0.026096 0.036178
7 0.659969 0.589054 0.019311 0.029685
7 0.610908 0.414193 0.009916 0.019481
0 0.513309 0.398887 0.010960 0.016698
1 0.506785 0.316790 0.028184 0.023191
1 0.512265 0.290816 0.027662 0.019481
5 0.563935 0.327922 0.019311 0.025046
7 0.571764 0.345547 0.013048 0.013915
7 0.536013 0.299629 0.008351 0.011132
7 0.544363 0.298701 0.009395 0.011132
0 0.554280 0.310297 0.011482 0.012059
7 0.554541 0.301948 0.008873 0.012059
7 0.521921 0.276438 0.009395 0.011132
7 0.517223 0.282931 0.007307 0.012987
5 0.535491 0.277829 0.016701 0.017625
1 0.492432 0.243506 0.010960 0.023191
4 0.463205 0.266234 0.007829 0.018553
1 0.458507 0.258349 0.012004 0.019481
1 0.507307 0.218924 0.021921 0.014842
7 0.508873 0.199443 0.008351 0.009276
1 0.417797 0.171614 0.006785 0.012987
5 0.450157 0.167904 0.005741 0.012987
5 0.450678 0.196197 0.010960 0.013915
5 0.485125 0.157699 0.006785 0.012987
1 0.474948 0.144712 0.007307 0.011132
1 0.472077 0.187848 0.017223 0.012059
7 0.492693 0.170223 0.005219 0.008349
7 0.495042 0.163265 0.005741 0.007421
4 0.537317 0.764842 0.021399 0.076994
5 0.384656 0.549629 0.014614 0.049165
7 0.439457 0.099258 0.004175 0.005566
1 0.427453 0.078386 0.005219 0.006494
1 0.410230 0.080705 0.007307 0.007421
5 0.416754 0.075139 0.002610 0.007421
3 0.429280 0.071429 0.004697 0.011132
1 0.422234 0.059369 0.005219 0.009276
3 0.426931 0.045918 0.004175 0.010204
1 0.409708 0.090909 0.008351 0.007421
