0 0.291429 0.014286 0.035714 0.026667
0 0.405000 0.012857 0.027143 0.025714
0 0.459286 0.023810 0.031429 0.047619
0 0.357500 0.051429 0.030714 0.053333
0 0.267857 0.042381 0.061429 0.039048
0 0.228929 0.069048 0.065000 0.040952
0 0.397143 0.041905 0.025714 0.047619
0 0.344643 0.099524 0.032143 0.048571
0 0.175000 0.237619 0.071429 0.048571
0 0.118929 0.424762 0.073571 0.112381
0 0.293214 0.240952 0.027857 0.068571
0 0.335000 0.246190 0.045714 0.079048
0 0.378571 0.238571 0.032857 0.082857
0 0.446429 0.251429 0.031429 0.085714
0 0.248214 0.379524 0.053571 0.098095
0 0.350357 0.351905 0.046429 0.101905
0 0.311429 0.527619 0.060000 0.137143
0 0.210714 0.520952 0.060000 0.125714
2 0.153214 0.721905 0.103571 0.207619
2 0.515000 0.409524 0.067143 0.224762
0 0.605714 0.186667 0.034286 0.064762
0 0.670000 0.282381 0.025714 0.060000
0 0.671071 0.064286 0.049286 0.058095
0 0.675000 0.113810 0.035714 0.052381
0 0.692143 0.180476 0.038571 0.065714
0 0.709286 0.257619 0.050000 0.077143
0 0.733214 0.337143 0.049286 0.083810
0 0.770000 0.454286 0.058571 0.102857
0 0.807500 0.587619 0.076429 0.125714
0 0.856786 0.780476 0.102143 0.189524
0 0.913214 0.956667 0.093571 0.082857
