0 0.465357 0.566667 0.103571 0.072381
0 0.294643 0.702857 0.115000 0.108571
0 0.200714 0.820952 0.080000 0.160000
0 0.344643 0.392381 0.080714 0.057143
0 0.137500 0.416667 0.085000 0.052381
0 0.541429 0.343333 0.061429 0.039048
0 0.732857 0.467619 0.040000 0.072381
0 0.748571 0.329048 0.058571 0.039048
0 0.889643 0.336667 0.063571 0.042857
0 0.936071 0.288095 0.053571 0.035238
0 0.731429 0.250000 0.037143 0.029524
0 0.357143 0.297143 0.030000 0.040000
0 0.294643 0.278095 0.020714 0.040000
0 0.264643 0.279524 0.020714 0.039048
0 0.094643 0.283333 0.035000 0.039048
0 0.361071 0.233810 0.023571 0.031429
0 0.491071 0.191429 0.022143 0.028571
0 0.595000 0.193333 0.022857 0.022857
0 0.662143 0.225238 0.027143 0.025714
0 0.700714 0.224286 0.027143 0.025714
0 0.813929 0.229524 0.035000 0.022857
0 0.887500 0.260000 0.055000 0.030476
2 0.436071 0.280952 0.046429 0.074286
2 0.413929 0.250000 0.032143 0.060000
0 0.169286 0.328571 0.064286 0.038095
0 0.028571 0.369524 0.057143 0.038095
0 0.039643 0.336667 0.069286 0.039048
2 0.072143 0.642857 0.144286 0.087619
0 0.033929 0.867143 0.067857 0.162857
0 0.031071 0.407619 0.062143 0.043810
0 0.353571 0.217619 0.018571 0.025714
0 0.370714 0.275238 0.035714 0.032381
0 0.428929 0.195714 0.019286 0.025714
0 0.464286 0.087619 0.010000 0.011429
0 0.566429 0.170952 0.017143 0.018095
0 0.553929 0.158571 0.016429 0.016190
0 0.541429 0.151429 0.015714 0.017143
0 0.532143 0.139524 0.015714 0.016190
0 0.522500 0.133810 0.015000 0.012381
0 0.517143 0.123333 0.014286 0.014286
0 0.512857 0.118095 0.011429 0.011429
0 0.506071 0.113333 0.012143 0.011429
0 0.499643 0.106667 0.010714 0.011429
0 0.493929 0.100952 0.012143 0.013333
0 0.486429 0.096667 0.011429 0.012381
0 0.481786 0.091429 0.009286 0.011429
0 0.477143 0.088095 0.010000 0.010476
0 0.474643 0.083810 0.009286 0.013333
0 0.680714 0.206667 0.025714 0.024762
0 0.662143 0.188571 0.025714 0.028571
0 0.765714 0.216667 0.027143 0.025714
0 0.786429 0.225238 0.031429 0.023810
0 0.853571 0.249048 0.047143 0.029524
0 0.972857 0.215714 0.044286 0.031429
