3 0.312630 0.027829 0.039666 0.055659
3 0.285230 0.153525 0.044363 0.115955
1 0.223643 0.433673 0.048539 0.145640
1 0.149791 0.753711 0.070981 0.193878
4 0.110908 0.940631 0.057933 0.115028
2 0.397182 0.928571 0.050104 0.141002
7 0.432411 0.967532 0.026618 0.055659
1 0.464509 0.515770 0.052192 0.179963
1 0.345511 0.738868 0.055324 0.179035
0 0.588727 0.353896 0.026096 0.021336
4 0.587944 0.327458 0.060021 0.050093
0 0.537056 0.374304 0.028184 0.017625
0 0.535230 0.363636 0.023486 0.018553
4 0.595772 0.476345 0.053758 0.047310
7 0.578810 0.575139 0.036534 0.025974
7 0.523225 0.673933 0.032881 0.026902
7 0.658664 0.553803 0.008351 0.027829
4 0.497912 0.862245 0.078288 0.054731
7 0.579593 0.892393 0.032881 0.029685
7 0.582463 0.942486 0.040710 0.031540
4 0.578549 0.981911 0.075678 0.034323
7 0.775052 0.891002 0.012526 0.073284
