1 0.015357 0.851523 0.030714 0.119289
1 0.028571 0.859137 0.034286 0.111675
1 0.038929 0.909264 0.025000 0.077411
0 0.097500 0.741117 0.015000 0.038071
0 0.327143 0.716371 0.012857 0.039340
2 0.307143 0.699239 0.017143 0.048223
0 0.294286 0.529188 0.011429 0.038071
0 0.318929 0.484772 0.012143 0.040609
2 0.330000 0.351523 0.027143 0.104061
2 0.344643 0.245558 0.022143 0.074873
0 0.381071 0.276015 0.016429 0.039340
0 0.402143 0.143401 0.020000 0.017766
0 0.402857 0.122462 0.020000 0.016497
0 0.409286 0.063452 0.015714 0.017766
0 0.407143 0.041878 0.021429 0.017766
0 0.406786 0.005076 0.020714 0.010152
0 0.520000 0.095812 0.008571 0.036802
0 0.455714 0.114848 0.008571 0.036802
0 0.643929 0.045685 0.010714 0.045685
0 0.541786 0.320431 0.012143 0.041878
0 0.431786 0.375635 0.009286 0.035533
0 0.466429 0.436548 0.010000 0.040609
0 0.586071 0.661802 0.012143 0.044416
0 0.520357 0.854061 0.009286 0.040609
0 0.459643 0.914340 0.009286 0.041878
0 0.437500 0.967005 0.012143 0.043147
2 0.574286 0.976523 0.015714 0.044416
0 0.837857 0.987944 0.014286 0.021574
1 0.770714 0.784898 0.027143 0.069797
0 0.728214 0.796954 0.013571 0.040609
0 0.751786 0.720178 0.016429 0.044416
0 0.736429 0.655457 0.015714 0.044416
1 0.710714 0.524746 0.022857 0.067259
