0 0.416493 0.131262 0.010438 0.021336
0 0.496347 0.008813 0.007307 0.012059
0 0.475731 0.026438 0.006785 0.013915
0 0.465553 0.017161 0.007307 0.013915
0 0.474948 0.037106 0.006263 0.011132
2 0.474426 0.056122 0.012526 0.039889
0 0.461117 0.112709 0.009916 0.017625
1 0.460334 0.134508 0.013570 0.037106
2 0.479123 0.118738 0.015658 0.053803
0 0.500000 0.145176 0.011482 0.019481
0 0.471555 0.203618 0.013048 0.023191
2 0.483299 0.255566 0.024008 0.104824
0 0.513570 0.348794 0.016701 0.033395
2 0.472860 0.403525 0.040710 0.146568
0 0.527401 0.462894 0.021399 0.050093
2 0.495303 0.684137 0.033403 0.115955
0 0.563413 0.947588 0.034969 0.102968
0 0.732255 0.392857 0.037578 0.038033
0 0.684499 0.481911 0.039144 0.052876
0 0.677975 0.453618 0.033403 0.038961
0 0.672495 0.428108 0.031837 0.038033
0 0.781054 0.209184 0.025574 0.026902
0 0.601514 0.158627 0.022443 0.025974
0 0.599426 0.151206 0.026618 0.024119
0 0.598643 0.147959 0.026096 0.028757
0 0.581942 0.115955 0.025052 0.018553
0 0.586639 0.126623 0.021921 0.015770
0 0.590553 0.133117 0.023486 0.019481
0 0.576722 0.096939 0.020877 0.015770
0 0.570459 0.070037 0.018789 0.017625
0 0.563674 0.062616 0.018789 0.013915
0 0.563152 0.055659 0.018789 0.011132
0 0.560282 0.051020 0.017223 0.011132
0 0.535230 0.009740 0.007829 0.013915
