0 0.609500 0.658000 0.020000 0.021333
0 0.642750 0.635000 0.021500 0.018000
0 0.588000 0.626667 0.016000 0.018667
0 0.626000 0.614667 0.025000 0.014667
0 0.662000 0.612000 0.028000 0.017333
0 0.710750 0.611000 0.027500 0.016667
0 0.439500 0.637000 0.016000 0.019333
0 0.401000 0.676667 0.048000 0.034667
0 0.331500 0.656667 0.035000 0.021333
0 0.345750 0.643333 0.035500 0.020000
0 0.369000 0.632667 0.029000 0.017333
0 0.387500 0.620667 0.029000 0.013333
0 0.466250 0.613667 0.023500 0.014000
0 0.292000 0.633333 0.027000 0.016000
0 0.314750 0.620000 0.025500 0.014667
2 0.324750 0.596000 0.030500 0.021333
2 0.315250 0.576000 0.027500 0.017333
0 0.328500 0.576000 0.020000 0.009333
0 0.336250 0.574000 0.019500 0.010667
0 0.364750 0.580000 0.018500 0.010667
0 0.385250 0.567667 0.014500 0.008667
0 0.428250 0.566667 0.012500 0.008000
0 0.437500 0.564667 0.014000 0.008000
0 0.432250 0.554000 0.007500 0.008000
0 0.526500 0.608000 0.023000 0.012000
0 0.504250 0.602333 0.021500 0.012667
0 0.497000 0.596667 0.010000 0.010667
0 0.495250 0.590667 0.008500 0.009333
0 0.494250 0.585000 0.008500 0.008667
0 0.456500 0.553333 0.015000 0.008000
0 0.447500 0.549333 0.012000 0.005333
0 0.450250 0.550000 0.011500 0.005333
0 0.453500 0.551667 0.012000 0.007333
