0 0.701000 0.936333 0.089000 0.127333
0 0.754250 0.674333 0.073500 0.151333
0 0.536500 0.597667 0.046000 0.106000
0 0.521500 0.470000 0.079000 0.072000
0 0.523750 0.384333 0.079500 0.046000
0 0.556000 0.346000 0.029000 0.046667
0 0.763500 0.483000 0.052000 0.076667
0 0.551000 0.278333 0.022000 0.028667
0 0.402250 0.338667 0.027500 0.042667
0 0.326000 0.278333 0.042000 0.038000
0 0.188250 0.444333 0.089500 0.054000
0 0.970500 0.436333 0.059000 0.060667
0 0.974000 0.340333 0.052000 0.046000
0 0.940000 0.308667 0.050000 0.033333
0 0.907750 0.283333 0.038500 0.034667
0 0.660500 0.105000 0.011000 0.012667
0 0.631750 0.166000 0.014500 0.017333
0 0.624750 0.137333 0.012500 0.018667
0 0.613500 0.112667 0.010000 0.016000
0 0.599250 0.129333 0.009500 0.018667
2 0.578750 0.105333 0.013500 0.026667
0 0.564000 0.163667 0.015000 0.018000
0 0.424750 0.171333 0.031500 0.016000
0 0.428500 0.167333 0.036000 0.017333
0 0.435750 0.163000 0.029500 0.015333
0 0.439750 0.159333 0.026500 0.016000
0 0.440500 0.154667 0.029000 0.016000
0 0.447750 0.152000 0.028500 0.014667
0 0.456750 0.145667 0.027500 0.014000
0 0.459500 0.142667 0.027000 0.016000
0 0.465250 0.140000 0.023500 0.013333
0 0.478000 0.132000 0.027000 0.014667
0 0.446750 0.130000 0.020500 0.012000
0 0.485250 0.120333 0.012500 0.010000
0 0.470000 0.121667 0.014000 0.011333
0 0.456500 0.118667 0.011000 0.013333
0 0.455500 0.112333 0.013000 0.011333
0 0.441250 0.112000 0.009500 0.013333
1 0.391750 0.126000 0.066500 0.033333
1 0.397500 0.123667 0.068000 0.034000
0 0.335000 0.122000 0.015000 0.008000
2 0.340250 0.117667 0.027500 0.020667
0 0.535750 0.111667 0.016500 0.012667
0 0.528500 0.123667 0.019000 0.011333
0 0.578750 0.049000 0.003500 0.004667
0 0.585250 0.048333 0.004500 0.004667
2 0.620500 0.050000 0.006000 0.010667
2 0.616250 0.044667 0.006500 0.008000
2 0.564250 0.045333 0.007500 0.012000
0 0.564250 0.057000 0.004500 0.006000
0 0.556750 0.056667 0.004500 0.006667
0 0.557500 0.051667 0.004000 0.006000
0 0.551750 0.055333 0.005500 0.009333
