1 0.532500 0.582857 0.055000 0.032381
1 0.472857 0.559524 0.054286 0.029524
1 0.408571 0.549524 0.047143 0.034286
1 0.342857 0.686667 0.068571 0.040000
1 0.221429 0.678571 0.075714 0.037143
1 0.060000 0.681429 0.090000 0.046667
1 0.647143 0.568571 0.050000 0.030476
1 0.614643 0.532857 0.049286 0.027619
1 0.515714 0.540476 0.044286 0.020000
1 0.806429 0.558095 0.047143 0.026667
1 0.705000 0.511905 0.041429 0.023810
1 0.809286 0.521429 0.042857 0.023810
1 0.920714 0.493810 0.041429 0.018095
1 0.708214 0.482381 0.035000 0.020000
1 0.646429 0.488095 0.038571 0.021905
2 0.568929 0.467143 0.020714 0.025714
2 0.603929 0.587143 0.046429 0.039048
6 0.253929 0.578571 0.135000 0.075238
1 0.210357 0.660000 0.080714 0.043810
1 0.111786 0.650952 0.082143 0.037143
1 0.393929 0.628095 0.063571 0.037143
1 0.391429 0.607619 0.061429 0.032381
1 0.419643 0.486190 0.020714 0.025714
1 0.382857 0.477143 0.018571 0.022857
1 0.402857 0.469048 0.022857 0.020000
1 0.371429 0.469524 0.017143 0.022857
1 0.361071 0.455238 0.015000 0.019048
2 0.387857 0.452381 0.021429 0.028571
1 0.375357 0.447143 0.016429 0.016190
1 0.353929 0.407143 0.016429 0.014286
1 0.671786 0.480000 0.022143 0.019048
1 0.698929 0.477619 0.032143 0.018095
1 0.686429 0.474286 0.025714 0.019048
1 0.678929 0.469048 0.032143 0.021905
1 0.778929 0.474286 0.035000 0.019048
1 0.765000 0.466190 0.031429 0.020000
1 0.753214 0.463810 0.030714 0.017143
1 0.896786 0.489524 0.036429 0.020952
1 0.759286 0.529524 0.045714 0.022857
1 0.780357 0.516190 0.042143 0.024762
7 0.447857 0.479524 0.010000 0.014286
7 0.445357 0.457619 0.007857 0.010476
7 0.472143 0.521905 0.017143 0.013333
0 0.433571 0.521905 0.015714 0.011429
7 0.515357 0.522381 0.016429 0.012381
7 0.352143 0.508095 0.011429 0.014286
7 0.338571 0.509048 0.011429 0.012381
7 0.493214 0.650952 0.016429 0.021905
1 0.263571 0.496667 0.031429 0.029524
1 0.246071 0.433333 0.030714 0.017143
1 0.233571 0.447619 0.024286 0.019048
1 0.231429 0.402381 0.018571 0.021905
1 0.283929 0.470476 0.019286 0.022857
7 0.787857 0.706667 0.018571 0.028571
7 0.695714 0.657143 0.014286 0.026667
7 0.726786 0.540952 0.017857 0.015238
0 0.824286 0.617143 0.015714 0.015238
1 0.507857 0.897143 0.080000 0.139048
