1 0.124739 0.775510 0.061587 0.168831
2 0.193633 0.502783 0.059499 0.135436
4 0.228079 0.374768 0.042797 0.105751
1 0.254175 0.239332 0.057411 0.150278
1 0.306367 0.043135 0.038622 0.086271
1 0.411273 0.239332 0.043841 0.135436
1 0.507829 0.086271 0.042797 0.141002
4 0.530793 0.322820 0.061587 0.042672
2 0.526618 0.578850 0.072025 0.079777
4 0.616127 0.063080 0.047495 0.042672
7 0.553758 0.200835 0.028184 0.028757
7 0.602557 0.128479 0.027662 0.028757
7 0.601253 0.344620 0.028184 0.023191
2 0.455115 0.374304 0.037578 0.112245
0 0.435804 0.524119 0.030271 0.035250
7 0.668841 0.342301 0.013048 0.033395
4 0.601253 0.454545 0.073069 0.053803
4 0.600209 0.405380 0.063674 0.050093
7 0.605428 0.372449 0.027140 0.023191
7 0.545407 0.457328 0.028184 0.022263
7 0.537317 0.638219 0.032881 0.035250
7 0.575157 0.900742 0.036534 0.027829
0 0.524530 0.938312 0.038622 0.051020
4 0.585595 0.743043 0.043841 0.061224
1 0.450939 0.980519 0.096033 0.037106
0 0.761221 0.346011 0.009916 0.050093
