0 0.466071 0.272857 0.012143 0.021905
0 0.446429 0.320952 0.020000 0.026667
0 0.356786 0.527619 0.036429 0.038095
0 0.339643 0.758095 0.049286 0.064762
0 0.449643 0.690000 0.047857 0.065714
0 0.030357 0.671905 0.059286 0.065714
0 0.061429 0.698571 0.068571 0.063810
0 0.075357 0.720000 0.065000 0.066667
0 0.265714 0.870476 0.061429 0.078095
0 0.315000 0.811429 0.061429 0.068571
0 0.297857 0.715238 0.045714 0.055238
0 0.481071 0.706667 0.047857 0.066667
0 0.515000 0.226190 0.012857 0.018095
0 0.594643 0.254286 0.025000 0.017143
0 0.611071 0.801905 0.040714 0.074286
0 0.642857 0.833333 0.041429 0.083810
0 0.651786 0.955714 0.075000 0.063810
0 0.678571 0.266190 0.014286 0.014286
0 0.767143 0.441905 0.015714 0.030476
