7 0.031500 0.640333 0.015000 0.047333
7 0.102000 0.647333 0.036000 0.030667
7 0.053000 0.649667 0.027000 0.043333
7 0.072500 0.644333 0.030000 0.040667
7 0.042000 0.622000 0.010000 0.042667
7 0.055500 0.621333 0.012000 0.032000
4 0.149000 0.610667 0.031000 0.054667
7 0.142500 0.566333 0.023000 0.043333
0 0.134250 0.540667 0.027500 0.021333
5 0.202500 0.548000 0.041000 0.034667
7 0.182000 0.568667 0.013000 0.044000
7 0.212250 0.568333 0.034500 0.043333
7 0.226750 0.580667 0.026500 0.044000
5 0.242250 0.552000 0.038500 0.040000
5 0.323500 0.531333 0.037000 0.054667
3 0.122500 0.906667 0.180000 0.185333
2 0.276000 0.895000 0.162000 0.168667
2 0.444750 0.942000 0.209500 0.114667
5 0.331000 0.751667 0.086000 0.076667
7 0.234500 0.625333 0.031000 0.045333
7 0.246000 0.629000 0.030000 0.050000
7 0.260750 0.632000 0.031500 0.050667
7 0.268750 0.634667 0.033500 0.052000
7 0.280750 0.644333 0.031500 0.050000
7 0.295500 0.647333 0.029000 0.053333
7 0.310750 0.654667 0.034500 0.048000
7 0.336500 0.664333 0.028000 0.054000
7 0.363250 0.672333 0.032500 0.047333
0 0.579250 0.663000 0.014500 0.038000
0 0.519000 0.410667 0.008000 0.025333
1 0.398500 0.154000 0.017000 0.009333
1 0.481750 0.210333 0.027500 0.014000
1 0.547000 0.164667 0.020000 0.012000
2 0.604750 0.409333 0.080500 0.049333
2 0.734250 0.506667 0.042500 0.074667
2 0.810250 0.514667 0.088500 0.058667
2 0.852500 0.553667 0.105000 0.064667
5 0.970500 0.591000 0.034000 0.058000
2 0.729750 0.411333 0.030500 0.054667
1 0.598000 0.358000 0.055000 0.025333
1 0.601750 0.338000 0.055500 0.028000
1 0.616500 0.326333 0.055000 0.031333
1 0.627250 0.319667 0.052500 0.028667
3 0.629500 0.300000 0.053000 0.040000
2 0.635000 0.284667 0.056000 0.036000
1 0.740000 0.374667 0.044000 0.046667
7 0.684750 0.342333 0.006500 0.020667
2 0.844500 0.355333 0.063000 0.046667
3 0.828000 0.333333 0.075000 0.054667
1 0.737500 0.331667 0.023000 0.043333
1 0.730750 0.310667 0.030500 0.033333
1 0.734000 0.286000 0.022000 0.029333
1 0.541750 0.257000 0.029500 0.020667
1 0.590000 0.259667 0.040000 0.027333
1 0.631000 0.259667 0.043000 0.019333
0 0.665750 0.277667 0.004500 0.011333
1 0.764250 0.279000 0.044500 0.027333
1 0.782500 0.271333 0.035000 0.022667
1 0.839000 0.279000 0.038000 0.027333
1 0.899750 0.288333 0.038500 0.024667
2 0.815750 0.280333 0.044500 0.035333
1 0.573750 0.217000 0.032500 0.016667
1 0.672000 0.239000 0.038000 0.018000
1 0.624500 0.220667 0.030000 0.017333
3 0.834250 0.225333 0.084500 0.042667
