2 0.030357 0.023810 0.036429 0.036190
2 0.098571 0.078571 0.021429 0.018095
0 0.078929 0.142857 0.022143 0.019048
0 0.049643 0.268095 0.022143 0.020000
0 0.119643 0.616667 0.023571 0.020000
0 0.536786 0.817619 0.015000 0.031429
0 0.491071 0.681429 0.013571 0.027619
2 0.544286 0.730952 0.041429 0.105714
0 0.523571 0.482381 0.021429 0.018095
0 0.281429 0.243333 0.015714 0.031429
0 0.366071 0.220000 0.022143 0.015238
0 0.388571 0.261905 0.021429 0.024762
0 0.425000 0.085714 0.012857 0.026667
0 0.482500 0.183333 0.022143 0.021905
2 0.508929 0.161905 0.027857 0.030476
0 0.534286 0.140476 0.018571 0.021905
0 0.619643 0.067143 0.022143 0.025714
0 0.384286 0.053333 0.017143 0.030476
0 0.337857 0.051429 0.014286 0.030476
0 0.330714 0.016190 0.014286 0.030476
2 0.287143 0.034762 0.032857 0.069524
