1 0.325678 0.864564 0.035491 0.096475
1 0.384134 0.656772 0.049061 0.051948
1 0.351253 0.437384 0.040710 0.038033
1 0.334029 0.375696 0.029228 0.027829
1 0.353340 0.264842 0.016701 0.038033
1 0.329593 0.275510 0.018267 0.033395
7 0.039927 0.128942 0.012004 0.012987
1 0.012265 0.614564 0.024530 0.032468
1 0.009916 0.644249 0.019833 0.034323
1 0.212422 0.764842 0.056367 0.065863
1 0.156054 0.794063 0.051148 0.053803
2 0.503392 0.678108 0.050626 0.057514
1 0.896399 0.334879 0.033925 0.035250
1 0.911534 0.294527 0.028706 0.034323
1 0.992693 0.304267 0.013570 0.029685
1 0.261482 0.976345 0.056367 0.045455
