0 0.669643 0.680952 0.083571 0.047619
0 0.893929 0.785714 0.109286 0.112381
0 0.725000 0.557143 0.068571 0.045714
0 0.486786 0.775714 0.077857 0.098095
0 0.375714 0.814286 0.082857 0.104762
0 0.363929 0.659048 0.079286 0.078095
0 0.882500 0.584286 0.076429 0.061905
0 0.864643 0.534286 0.066429 0.053333
0 0.963929 0.584286 0.072143 0.063810
0 0.278214 0.939048 0.105000 0.121905
0 0.198214 0.935238 0.102143 0.129524
0 0.497500 0.397143 0.053571 0.038095
0 0.421429 0.370476 0.045714 0.036190
0 0.392857 0.390952 0.047143 0.040952
0 0.350357 0.397143 0.042143 0.040000
0 0.313929 0.369524 0.042143 0.036190
0 0.347857 0.360476 0.042857 0.035238
0 0.351786 0.332381 0.042143 0.036190
2 0.303571 0.328571 0.051429 0.041905
0 0.262500 0.310000 0.036429 0.033333
0 0.242857 0.273333 0.037143 0.030476
0 0.228929 0.287143 0.033571 0.031429
0 0.196786 0.244286 0.030714 0.027619
0 0.690714 0.382857 0.050000 0.030476
0 0.762143 0.332857 0.035714 0.031429
0 0.742143 0.309048 0.028571 0.033333
0 0.770357 0.269524 0.029286 0.034286
0 0.723929 0.288571 0.025000 0.032381
0 0.743214 0.261429 0.025000 0.029524
0 0.762143 0.238095 0.024286 0.026667
2 0.722857 0.247143 0.035714 0.052381
0 0.672857 0.273333 0.030000 0.028571
0 0.690714 0.250476 0.024286 0.030476
0 0.710714 0.232857 0.021429 0.031429
0 0.848571 0.204762 0.021429 0.020952
0 0.809286 0.183810 0.021429 0.020952
0 0.875000 0.095714 0.012857 0.018095
0 0.017500 0.138571 0.022143 0.014286
0 0.042500 0.149048 0.022143 0.014286
