1 0.173214 0.169048 0.066429 0.092381
1 0.553571 0.550476 0.115714 0.095238
1 0.373214 0.079524 0.057857 0.080952
1 0.616786 0.053333 0.083571 0.076190
2 0.837857 0.271429 0.105714 0.087619
7 0.763214 0.436190 0.020714 0.059048
2 0.588929 0.172857 0.086429 0.079048
2 0.555714 0.296190 0.081429 0.076190
1 0.562143 0.239048 0.100000 0.072381
7 0.577500 0.378571 0.025000 0.050476
7 0.542500 0.371905 0.022143 0.058095
7 0.518214 0.365238 0.020714 0.052381
7 0.484286 0.354762 0.024286 0.052381
7 0.456786 0.347143 0.017857 0.056190
7 0.433571 0.330000 0.030000 0.060000
7 0.373929 0.303333 0.023571 0.046667
7 0.390000 0.315238 0.018571 0.040000
7 0.406071 0.321905 0.025000 0.047619
7 0.376429 0.740000 0.051429 0.045714
7 0.104643 0.963810 0.047857 0.051429
7 0.147143 0.793333 0.028571 0.072381
7 0.183214 0.795238 0.039286 0.068571
7 0.271786 0.818095 0.026429 0.081905
7 0.248214 0.817143 0.029286 0.076190
7 0.201071 0.803810 0.032143 0.060952
7 0.222143 0.811429 0.022857 0.062857
7 0.123929 0.829048 0.033571 0.050476
0 0.437857 0.021905 0.012857 0.030476
7 0.980714 0.390476 0.038571 0.038095
1 0.959286 0.494286 0.081429 0.078095
1 0.211429 0.022381 0.057143 0.044762
1 0.020357 0.471905 0.040714 0.122857
1 0.523214 0.017619 0.079286 0.035238
