0 0.902718 0.585401 0.087268 0.052481
0 0.783619 0.532920 0.077969 0.037214
0 0.661302 0.363073 0.019313 0.025763
2 0.695637 0.396947 0.036481 0.062977
1 0.795064 0.327767 0.040773 0.048664
0 0.027539 0.665076 0.055079 0.057252
0 0.059728 0.591603 0.093705 0.049618
0 0.177754 0.595897 0.072246 0.031489
0 0.168813 0.555344 0.075823 0.045802
0 0.114449 0.442271 0.051502 0.023855
0 0.308298 0.598760 0.084406 0.039122
0 0.286481 0.556775 0.086552 0.046756
1 0.231760 0.664599 0.280401 0.123092
0 0.981044 0.398855 0.030758 0.015267
0 0.606581 0.420802 0.050072 0.030534
0 0.606223 0.385973 0.019313 0.021947
0 0.610873 0.370229 0.027182 0.024809
1 0.676681 0.258111 0.020029 0.021947
1 0.668455 0.245706 0.025036 0.016221
0 0.097997 0.411260 0.037196 0.041985
0 0.214950 0.415553 0.035050 0.031489
0 0.302575 0.406011 0.027182 0.023855
0 0.256795 0.419370 0.032904 0.021947
0 0.425250 0.427958 0.053648 0.023855
0 0.454578 0.395038 0.030758 0.032443
0 0.477825 0.389313 0.024320 0.036260
0 0.512876 0.388836 0.042918 0.027672
0 0.530043 0.380248 0.038627 0.023855
0 0.541130 0.372615 0.029328 0.020038
0 0.537911 0.365458 0.037196 0.020992
0 0.538627 0.354008 0.037196 0.019084
0 0.534692 0.342557 0.037911 0.019084
0 0.536838 0.330630 0.033619 0.018130
0 0.537196 0.323950 0.028612 0.016221
0 0.536838 0.316794 0.030758 0.017176
0 0.591917 0.334447 0.016452 0.016221
0 0.598712 0.353531 0.014306 0.012405
0 0.594063 0.322996 0.015021 0.016221
0 0.587983 0.320611 0.011445 0.017176
0 0.563662 0.296279 0.022890 0.012405
0 0.561874 0.288645 0.022175 0.012405
0 0.565451 0.283397 0.019313 0.011450
0 0.565451 0.278149 0.019313 0.010496
0 0.556509 0.270992 0.018598 0.011450
0 0.557225 0.262405 0.017167 0.017176
0 0.551502 0.244752 0.010014 0.008588
