1 0.818571 0.678934 0.042857 0.035533
1 0.801071 0.616117 0.042143 0.029188
6 0.810000 0.482868 0.088571 0.069797
1 0.678571 0.543782 0.038571 0.031726
1 0.622857 0.659264 0.034286 0.029188
6 0.597857 0.627538 0.050000 0.044416
1 0.467143 0.550761 0.020000 0.048223
1 0.546071 0.539340 0.035000 0.032995
1 0.484643 0.425761 0.013571 0.039340
1 0.462857 0.395939 0.012857 0.032995
1 0.477857 0.346447 0.012857 0.030457
2 0.423214 0.314721 0.017857 0.050761
1 0.423929 0.262690 0.010714 0.027919
1 0.449286 0.095178 0.010000 0.022843
1 0.428214 0.098350 0.010714 0.019036
1 0.426071 0.062183 0.009286 0.017766
1 0.453929 0.048223 0.013571 0.020305
1 0.423929 0.036168 0.007857 0.016497
1 0.436429 0.031091 0.008571 0.019036
1 0.480000 0.026015 0.017143 0.019036
1 0.441071 0.007614 0.012143 0.015228
1 0.308571 0.694797 0.040000 0.044416
1 0.290357 0.615482 0.039286 0.032995
1 0.292500 0.592640 0.037857 0.030457
7 0.321429 0.562183 0.018571 0.017766
1 0.309643 0.541244 0.035000 0.029188
1 0.242143 0.596447 0.040000 0.030457
6 0.251429 0.550127 0.095714 0.059645
1 0.202143 0.592005 0.034286 0.029188
3 0.201429 0.533629 0.061429 0.041878
2 0.168214 0.570431 0.039286 0.034264
6 0.135000 0.594543 0.064286 0.041878
6 0.082857 0.558376 0.100000 0.065990
