0 0.623214 0.772857 0.059286 0.103810
0 0.699643 0.824762 0.073571 0.118095
0 0.590714 0.904762 0.068571 0.135238
0 0.682500 0.950476 0.077857 0.099048
0 0.762857 0.960952 0.072857 0.078095
0 0.160357 0.654286 0.076429 0.045714
0 0.294286 0.583810 0.077143 0.038095
0 0.264286 0.547619 0.074286 0.041905
0 0.084286 0.615238 0.092857 0.053333
0 0.691786 0.522857 0.062143 0.040000
0 0.528929 0.547143 0.067857 0.048571
0 0.533214 0.514762 0.063571 0.035238
0 0.656429 0.500476 0.067143 0.042857
0 0.832143 0.494286 0.065714 0.040000
0 0.954643 0.473333 0.057857 0.036190
0 0.344643 0.375238 0.020714 0.036190
0 0.380000 0.369048 0.021429 0.040952
0 0.407143 0.376190 0.022857 0.038095
0 0.440357 0.369048 0.027857 0.039048
0 0.429286 0.330000 0.018571 0.031429
0 0.403214 0.340000 0.020714 0.038095
0 0.371071 0.334762 0.020714 0.040952
0 0.420357 0.292381 0.019286 0.032381
0 0.366071 0.282857 0.015000 0.032381
0 0.342857 0.263810 0.015714 0.028571
0 0.362500 0.254286 0.015000 0.024762
0 0.358214 0.205238 0.012143 0.020000
0 0.390714 0.130476 0.010000 0.011429
0 0.416071 0.133333 0.009286 0.011429
0 0.412500 0.126190 0.007857 0.012381
0 0.334286 0.080000 0.007143 0.009524
0 0.358571 0.082381 0.007143 0.010476
0 0.342500 0.090952 0.007857 0.008571
0 0.351429 0.087619 0.007143 0.009524
0 0.351071 0.093810 0.006429 0.004762
0 0.353214 0.097143 0.006429 0.007619
0 0.353571 0.102857 0.008571 0.009524
0 0.362857 0.100000 0.007143 0.009524
0 0.361429 0.092381 0.007143 0.009524
0 0.083214 0.570952 0.086429 0.031429
