2 0.347143 0.829524 0.054286 0.104762
2 0.319286 0.644762 0.027143 0.038095
0 0.257143 0.663333 0.022857 0.029524
0 0.096786 0.762857 0.042143 0.059048
0 0.175714 0.679048 0.025714 0.034286
2 0.126071 0.657619 0.056429 0.103810
0 0.178929 0.600952 0.015000 0.019048
0 0.176071 0.574286 0.013571 0.017143
0 0.241071 0.572857 0.012143 0.014286
0 0.258929 0.559048 0.010714 0.011429
0 0.274643 0.555714 0.010714 0.010476
0 0.239643 0.558571 0.010714 0.010476
0 0.239286 0.545714 0.010000 0.009524
0 0.238214 0.532857 0.007857 0.008571
0 0.233571 0.520476 0.007143 0.006667
0 0.249286 0.522857 0.007143 0.007619
0 0.241786 0.504286 0.006429 0.004762
0 0.213214 0.500476 0.006429 0.006667
0 0.238571 0.497143 0.004286 0.003810
0 0.237857 0.491429 0.004286 0.003810
0 0.231429 0.489048 0.004286 0.004762
0 0.236429 0.484286 0.002857 0.002857
0 0.228571 0.479524 0.002857 0.002857
0 0.215714 0.488571 0.004286 0.003810
0 0.215357 0.484762 0.003571 0.003810
0 0.211071 0.483810 0.003571 0.003810
0 0.208929 0.488571 0.003571 0.003810
0 0.202857 0.490476 0.004286 0.003810
0 0.205357 0.485714 0.003571 0.003810
2 0.232500 0.473333 0.005000 0.007619
0 0.230357 0.471905 0.002143 0.002857
0 0.226786 0.471905 0.002143 0.002857
