1 0.491786 0.499524 0.019286 0.040952
7 0.557143 0.271429 0.012857 0.011429
7 0.434286 0.200952 0.005714 0.015238
1 0.481071 0.240000 0.012143 0.020952
1 0.461786 0.215238 0.012143 0.019048
1 0.531071 0.186190 0.023571 0.018095
1 0.519286 0.139524 0.020000 0.016190
1 0.462143 0.089048 0.007143 0.010476
1 0.469643 0.137619 0.007857 0.014286
1 0.455000 0.123810 0.007143 0.007619
1 0.525000 0.028571 0.007143 0.009524
1 0.537143 0.020476 0.011429 0.008571
1 0.460714 0.190000 0.011429 0.018095
1 0.471429 0.152381 0.010000 0.015238
1 0.475000 0.089048 0.011429 0.012381
1 0.514643 0.030000 0.007857 0.010476
1 0.522500 0.017143 0.006429 0.009524
1 0.366429 0.012857 0.007143 0.010476
3 0.463929 0.232381 0.013571 0.028571
3 0.457500 0.150952 0.017857 0.054286
3 0.451429 0.107619 0.010000 0.024762
3 0.451071 0.084762 0.010714 0.022857
3 0.440357 0.038095 0.022143 0.019048
2 0.499643 0.028095 0.007857 0.012381
2 0.507857 0.028571 0.007143 0.009524
2 0.541429 0.028571 0.005714 0.009524
1 0.533929 0.029048 0.006429 0.008571
