6 0.565357 0.476523 0.067857 0.087563
6 0.468214 0.566624 0.083571 0.102792
6 0.325714 0.699873 0.147143 0.194162
6 0.146786 0.873096 0.146429 0.177665
6 0.696429 0.345178 0.068571 0.091371
6 0.793214 0.265863 0.056429 0.077411
1 0.758571 0.307741 0.020000 0.029188
1 0.737143 0.324239 0.021429 0.024112
1 0.261071 0.439086 0.020714 0.043147
1 0.211429 0.309645 0.020000 0.030457
2 0.247500 0.355964 0.017857 0.044416
2 0.233571 0.327411 0.020000 0.038071
2 0.181429 0.268401 0.030000 0.024112
2 0.138214 0.588198 0.026429 0.057107
2 0.162857 0.739213 0.030000 0.067259
3 0.133214 0.217640 0.026429 0.041878
3 0.155714 0.243655 0.025714 0.043147
7 0.007500 0.141497 0.007857 0.011421
7 0.483929 0.922589 0.022143 0.055838
