2 0.428929 0.208095 0.013571 0.046667
0 0.482500 0.243810 0.013571 0.034286
0 0.655714 0.203333 0.027143 0.021905
0 0.402857 0.516190 0.012857 0.036190
0 0.410714 0.630476 0.014286 0.040000
0 0.405714 0.667143 0.021429 0.033333
2 0.476071 0.596190 0.012143 0.047619
0 0.487857 0.800476 0.012857 0.037143
0 0.358571 0.920476 0.011429 0.029524
0 0.342857 0.917619 0.012857 0.025714
0 0.266071 0.929048 0.012143 0.035238
0 0.231429 0.931905 0.014286 0.033333
0 0.216429 0.932857 0.012857 0.033333
0 0.183929 0.921429 0.012143 0.037143
0 0.057857 0.991429 0.024286 0.017143
2 0.026071 0.226667 0.032143 0.049524
0 0.111786 0.588095 0.017857 0.031429
0 0.248929 0.788571 0.017857 0.032381
0 0.280000 0.791429 0.017143 0.034286
0 0.296786 0.789524 0.016429 0.034286
0 0.316429 0.791429 0.022857 0.036190
0 0.334286 0.790476 0.017143 0.032381
0 0.591786 0.291429 0.012143 0.038095
0 0.646429 0.289524 0.025714 0.019048
0 0.646071 0.311429 0.029286 0.019048
0 0.646071 0.333333 0.029286 0.020952
0 0.655357 0.367619 0.027857 0.019048
0 0.649643 0.387619 0.026429 0.017143
0 0.598571 0.406190 0.012857 0.037143
0 0.650000 0.540476 0.025714 0.016190
0 0.589286 0.658571 0.012857 0.037143
0 0.735000 0.734762 0.028571 0.018095
0 0.804643 0.737143 0.029286 0.017143
2 0.602143 0.977143 0.018571 0.045714
0 0.591071 0.009524 0.012143 0.019048
