1 0.798929 0.761429 0.135000 0.077143
1 0.318571 0.936667 0.187143 0.126667
1 0.571786 0.531905 0.030714 0.035238
1 0.540000 0.534286 0.027143 0.034286
1 0.504643 0.536190 0.025000 0.045714
1 0.468214 0.541429 0.023571 0.035238
1 0.463214 0.515238 0.020714 0.030476
1 0.495357 0.514762 0.022143 0.029524
1 0.485357 0.501905 0.017857 0.022857
1 0.477500 0.485238 0.019286 0.023810
1 0.526071 0.514762 0.020714 0.025714
1 0.512500 0.499524 0.020714 0.023810
1 0.503571 0.487143 0.018571 0.020000
1 0.496429 0.474762 0.014286 0.020000
1 0.545357 0.501905 0.022143 0.020952
1 0.528571 0.484762 0.020000 0.022857
1 0.518214 0.473333 0.019286 0.019048
1 0.552857 0.470476 0.020000 0.022857
1 0.507143 0.434762 0.014286 0.020000
7 0.583929 0.658571 0.045000 0.025714
7 0.347857 0.570000 0.012857 0.025714
7 0.409643 0.534762 0.009286 0.020000
7 0.377500 0.547619 0.009286 0.019048
7 0.391786 0.522857 0.010714 0.017143
1 0.879643 0.504286 0.059286 0.042857
