2 0.557143 0.677665 0.055714 0.170051
2 0.825357 0.597081 0.127857 0.303299
2 0.494286 0.287437 0.038571 0.118020
2 0.058214 0.394670 0.055000 0.063452
0 0.550357 0.334391 0.029286 0.064721
0 0.613929 0.395939 0.033571 0.078680
0 0.725000 0.314086 0.037143 0.074873
0 0.795357 0.361041 0.042143 0.090102
0 0.702143 0.449239 0.041429 0.114213
0 0.570714 0.064721 0.022857 0.045685
0 0.055000 0.439721 0.050000 0.041878
0 0.117500 0.391497 0.049286 0.046954
0 0.323214 0.168147 0.020714 0.036802
0 0.351429 0.063452 0.014286 0.027919
1 0.284643 0.140863 0.043571 0.088832
1 0.318929 0.044416 0.033571 0.073604
0 0.345000 0.021574 0.024286 0.022843
0 0.238929 0.059010 0.015000 0.024112
0 0.307500 0.022208 0.019286 0.019036
