0 0.226786 0.081853 0.065000 0.044416
0 0.191786 0.385787 0.027857 0.114213
0 0.228929 0.390863 0.027857 0.109137
0 0.263571 0.382614 0.028571 0.102792
0 0.303214 0.384518 0.027857 0.106599
0 0.342857 0.455584 0.027143 0.109137
0 0.381071 0.453680 0.027857 0.102792
0 0.414286 0.457487 0.022857 0.107868
0 0.492857 0.472716 0.025714 0.115482
0 0.529286 0.479061 0.028571 0.112944
0 0.525357 0.572335 0.069286 0.050761
0 0.513571 0.636421 0.055714 0.046954
0 0.515714 0.694797 0.062857 0.046954
0 0.360714 0.626904 0.030000 0.114213
0 0.406786 0.907995 0.035000 0.112944
0 0.325357 0.623731 0.026429 0.115482
0 0.288929 0.635152 0.032143 0.120558
0 0.257143 0.582487 0.030000 0.114213
0 0.221429 0.619289 0.027143 0.104061
0 0.185357 0.626904 0.030714 0.116751
0 0.143214 0.631980 0.030714 0.104061
0 0.109643 0.608503 0.029286 0.120558
0 0.074643 0.611041 0.032143 0.120558
0 0.035714 0.613579 0.032857 0.110406
0 0.009286 0.633249 0.018571 0.111675
0 0.691071 0.456853 0.027857 0.104061
0 0.660357 0.550761 0.030714 0.098985
0 0.712143 0.264594 0.061429 0.052030
0 0.909643 0.184010 0.063571 0.048223
0 0.919286 0.401650 0.037143 0.115482
0 0.873214 0.399112 0.033571 0.118020
0 0.912143 0.655457 0.027143 0.105330
0 0.873929 0.654822 0.027857 0.106599
0 0.828571 0.656091 0.041429 0.101523
0 0.834286 0.548223 0.030000 0.096447
0 0.966071 0.393401 0.035000 0.106599
0 0.841071 0.396574 0.030714 0.110406
2 0.739643 0.435279 0.045000 0.147208
2 0.795357 0.380076 0.072143 0.166244
