1 0.168058 0.607607 0.046973 0.094620
2 0.293058 0.564471 0.058977 0.064007
4 0.058194 0.559369 0.025574 0.068646
4 0.528445 0.746753 0.015136 0.072356
1 0.484603 0.551020 0.045407 0.087199
1 0.399008 0.283395 0.053758 0.043599
4 0.352818 0.527365 0.026096 0.052876
4 0.363518 0.470315 0.013048 0.044527
0 0.340814 0.468924 0.015658 0.021336
7 0.356211 0.406772 0.008873 0.026902
2 0.610386 0.300557 0.026618 0.037106
3 0.518267 0.283395 0.015658 0.049165
4 0.775574 0.976809 0.060543 0.044527
4 0.567067 0.066327 0.016180 0.023191
6 0.443894 0.012523 0.016180 0.025046
