0 0.186786 0.579048 0.089286 0.051429
0 0.173571 0.513333 0.078571 0.041905
0 0.173571 0.488571 0.074286 0.030476
0 0.189643 0.540952 0.077857 0.041905
0 0.177500 0.461429 0.070714 0.039048
0 0.176429 0.442857 0.070000 0.032381
0 0.178214 0.427143 0.066429 0.027619
0 0.182143 0.352857 0.055714 0.025714
0 0.158214 0.332857 0.055000 0.033333
0 0.160000 0.320476 0.051429 0.021905
0 0.161429 0.309048 0.042857 0.021905
0 0.182143 0.290952 0.044286 0.023810
0 0.149286 0.284286 0.037143 0.020000
0 0.152143 0.254762 0.040000 0.021905
0 0.152500 0.225238 0.040714 0.021905
0 0.037143 0.781429 0.074286 0.082857
0 0.091429 0.967619 0.065714 0.064762
0 0.104286 0.863333 0.057143 0.126667
0 0.305714 0.954286 0.130000 0.091429
0 0.299643 0.886667 0.119286 0.097143
0 0.646429 0.929524 0.121429 0.133333
0 0.693571 0.969524 0.115714 0.060952
0 0.598929 0.789524 0.092143 0.083810
0 0.586786 0.724762 0.090714 0.076190
0 0.529643 0.648095 0.080714 0.061905
0 0.465357 0.581905 0.075000 0.055238
0 0.452143 0.549524 0.071429 0.051429
0 0.404643 0.471905 0.065000 0.042857
0 0.390714 0.447143 0.064286 0.044762
0 0.384286 0.428095 0.057143 0.035238
0 0.375000 0.410000 0.057143 0.037143
0 0.363214 0.392381 0.047857 0.036190
0 0.352857 0.378095 0.058571 0.038095
0 0.356429 0.356667 0.045714 0.027619
0 0.346786 0.347143 0.039286 0.023810
0 0.340000 0.336667 0.042857 0.029524
0 0.308214 0.325714 0.040714 0.028571
0 0.285357 0.320476 0.046429 0.027619
0 0.282500 0.309048 0.040714 0.025714
0 0.288571 0.292857 0.041429 0.021905
0 0.286071 0.280952 0.043571 0.020952
0 0.258214 0.270952 0.040714 0.029524
0 0.248929 0.257619 0.035000 0.021905
0 0.245714 0.242381 0.030000 0.020000
0 0.237500 0.227619 0.036429 0.022857
0 0.228571 0.179524 0.028571 0.016190
0 0.021429 0.620952 0.042857 0.078095
0 0.031786 0.530952 0.040714 0.058095
0 0.037500 0.475238 0.036429 0.045714
0 0.144286 0.151429 0.028571 0.013333
0 0.158214 0.210000 0.033571 0.018095
0 0.156786 0.202381 0.033571 0.016190
0 0.154286 0.196667 0.035714 0.016190
0 0.155000 0.180952 0.031429 0.015238
0 0.041786 0.135714 0.015000 0.014286
0 0.196786 0.051905 0.015000 0.008571
0 0.151071 0.130952 0.026429 0.014286
0 0.149286 0.106667 0.025714 0.011429
0 0.151786 0.120000 0.023571 0.013333
0 0.147857 0.091905 0.024286 0.010476
0 0.151786 0.080952 0.022143 0.007619
0 0.177143 0.088571 0.012857 0.020952
1 0.045000 0.015714 0.012857 0.014286
1 0.020357 0.036667 0.015000 0.020000
0 0.049643 0.049524 0.016429 0.007619
0 0.290714 0.234286 0.014286 0.024762
0 0.184286 0.366190 0.060000 0.027619
0 0.181429 0.047143 0.011429 0.006667
