0 0.068000 0.599333 0.088000 0.077333
0 0.219500 0.882000 0.081000 0.166667
0 0.740750 0.913667 0.162500 0.140667
0 0.789000 0.744333 0.123000 0.087333
2 0.561500 0.606000 0.193000 0.116000
0 0.588250 0.561667 0.085500 0.075333
0 0.693250 0.531667 0.043500 0.062000
0 0.766250 0.481667 0.038500 0.066000
0 0.625000 0.327333 0.033000 0.030667
0 0.974000 0.345333 0.028000 0.025333
0 0.964500 0.312667 0.022000 0.020000
0 0.890750 0.299000 0.021500 0.022000
0 0.815000 0.340667 0.022000 0.030667
0 0.737000 0.331333 0.022000 0.030667
0 0.745750 0.314667 0.021500 0.026667
0 0.821750 0.304667 0.021500 0.026667
0 0.792000 0.272667 0.020000 0.022667
0 0.785250 0.213667 0.012500 0.015333
0 0.786000 0.207000 0.012000 0.014000
0 0.861000 0.282333 0.037000 0.020667
0 0.855000 0.272667 0.033000 0.018667
0 0.861000 0.265333 0.036000 0.021333
0 0.832500 0.247667 0.017000 0.019333
0 0.832250 0.239333 0.015500 0.018667
0 0.940750 0.259000 0.020500 0.020667
0 0.937250 0.249333 0.021500 0.016000
0 0.878000 0.226333 0.015000 0.014000
0 0.918750 0.221000 0.014500 0.015333
0 0.907250 0.206667 0.012500 0.012000
0 0.882000 0.206333 0.014000 0.012667
0 0.894250 0.195333 0.014500 0.012000
2 0.825250 0.196000 0.017500 0.018667
0 0.806500 0.153667 0.017000 0.011333
0 0.255250 0.322333 0.038500 0.030000
0 0.233250 0.318000 0.039500 0.030667
0 0.065000 0.280000 0.024000 0.024000
0 0.160500 0.248667 0.034000 0.018667
0 0.137250 0.298333 0.033500 0.022000
0 0.217500 0.265333 0.038000 0.020000
0 0.041750 0.275667 0.037500 0.019333
0 0.011000 0.264000 0.022000 0.025333
