1 0.016701 0.317718 0.026096 0.056586
1 0.019050 0.428108 0.038100 0.041744
1 0.331159 0.144249 0.024530 0.043599
7 0.313674 0.089981 0.008351 0.014842
3 0.030532 0.138219 0.061065 0.055659
3 0.303497 0.019017 0.098643 0.038033
0 0.576722 0.401206 0.017745 0.017625
1 0.578027 0.502783 0.049582 0.048237
1 0.585595 0.546382 0.043841 0.048237
1 0.636743 0.703154 0.053236 0.055659
2 0.665971 0.785250 0.070981 0.073284
1 0.680324 0.853432 0.064196 0.070501
5 0.709290 0.953154 0.050104 0.058442
1 0.876044 0.474490 0.042276 0.045455
