0 0.346555 0.633117 0.017745 0.021336
7 0.343685 0.649814 0.019311 0.017625
4 0.359081 0.659091 0.028184 0.028757
5 0.323330 0.710575 0.030793 0.046382
7 0.414144 0.654917 0.020355 0.033395
7 0.413361 0.583952 0.015658 0.021336
7 0.425626 0.540816 0.013048 0.025974
5 0.584812 0.821892 0.020355 0.068646
4 0.579854 0.753247 0.018789 0.035250
5 0.833768 0.821892 0.057933 0.050093
4 0.796712 0.824675 0.026618 0.035250
1 0.755480 0.678108 0.056889 0.051948
1 0.670929 0.630798 0.044363 0.050093
4 0.639353 0.562616 0.028184 0.026902
4 0.615344 0.538497 0.010438 0.028757
7 0.629958 0.478200 0.012526 0.012059
5 0.572286 0.478664 0.027662 0.025974
5 0.568894 0.467996 0.021921 0.026902
5 0.507046 0.488868 0.015136 0.033395
5 0.627610 0.461039 0.018267 0.012987
5 0.465553 0.399814 0.009395 0.024119
5 0.509395 0.397959 0.008351 0.025974
4 0.506785 0.375232 0.008351 0.023191
5 0.497390 0.360390 0.010438 0.023191
5 0.573330 0.413729 0.023486 0.022263
4 0.572547 0.376623 0.019833 0.016698
4 0.573330 0.358534 0.009916 0.023191
7 0.466858 0.338590 0.004697 0.012987
7 0.489823 0.482839 0.006785 0.019481
5 0.599687 0.405380 0.008351 0.025974
7 0.609603 0.402597 0.009395 0.011132
3 0.565501 0.339518 0.028706 0.029685
4 0.576983 0.325139 0.017223 0.017625
7 0.597077 0.301020 0.006263 0.008349
5 0.567067 0.294527 0.012004 0.015770
5 0.511221 0.294527 0.006785 0.015770
7 0.514875 0.291744 0.004697 0.008349
4 0.531054 0.298701 0.006785 0.011132
4 0.567589 0.280612 0.005741 0.008349
5 0.555585 0.276902 0.012004 0.012059
5 0.561065 0.280148 0.013570 0.011132
5 0.555324 0.262987 0.009395 0.010204
2 0.557672 0.223098 0.004697 0.012059
4 0.564718 0.223562 0.005219 0.009276
7 0.507046 0.216605 0.005741 0.004638
7 0.515919 0.221243 0.002610 0.006494
7 0.521138 0.221243 0.002610 0.006494
4 0.523747 0.202226 0.003653 0.009276
7 0.524008 0.197124 0.002088 0.002783
