1 0.033571 0.769048 0.067143 0.120952
1 0.185357 0.504762 0.050714 0.083810
1 0.258571 0.497619 0.044286 0.079048
1 0.637143 0.364286 0.030000 0.046667
1 0.637500 0.338095 0.025000 0.040000
1 0.630357 0.292857 0.015000 0.033333
1 0.628929 0.278095 0.035000 0.030476
1 0.872857 0.364762 0.054286 0.041905
1 0.975000 0.403333 0.050000 0.044762
2 0.915714 0.360952 0.061429 0.047619
2 0.963571 0.363810 0.042857 0.032381
2 0.988571 0.361905 0.022857 0.030476
7 0.398929 0.584286 0.046429 0.040952
0 0.580714 0.308095 0.007143 0.023810
0 0.785714 0.266667 0.010000 0.013333
0 0.893929 0.206190 0.006429 0.010476
7 0.798929 0.269524 0.015000 0.013333
7 0.319643 0.314762 0.020714 0.020000
7 0.203929 0.269524 0.012143 0.015238
7 0.203214 0.321429 0.007857 0.020000
7 0.192500 0.320952 0.010714 0.022857
7 0.497857 0.403333 0.027143 0.027619
7 0.471071 0.430952 0.030714 0.023810
2 0.418214 0.464286 0.042143 0.092381
2 0.429643 0.400952 0.085000 0.043810
0 0.477143 0.414762 0.008571 0.021905
7 0.394286 0.379048 0.055714 0.034286
4 0.158929 0.410952 0.035000 0.021905
1 0.127857 0.377619 0.078571 0.044762
5 0.250357 0.272857 0.026429 0.029524
5 0.183571 0.251429 0.028571 0.032381
1 0.243929 0.253810 0.035000 0.021905
1 0.209286 0.242857 0.045714 0.022857
2 0.185357 0.232857 0.040714 0.025714
5 0.349286 0.289048 0.037143 0.039048
5 0.298929 0.285714 0.019286 0.043810
1 0.863571 0.116190 0.005714 0.007619
1 0.848929 0.198571 0.012143 0.012381
1 0.773929 0.180476 0.015000 0.014286
1 0.802857 0.182381 0.017143 0.014286
2 0.906429 0.160000 0.018571 0.028571
2 0.738214 0.230476 0.020714 0.024762
2 0.762143 0.234762 0.018571 0.025714
1 0.713214 0.228095 0.020714 0.018095
1 0.732500 0.212857 0.019286 0.021905
1 0.750000 0.220952 0.011429 0.019048
1 0.759643 0.209524 0.017857 0.019048
1 0.771429 0.223810 0.014286 0.020952
1 0.753571 0.151905 0.011429 0.012381
1 0.693571 0.168095 0.018571 0.014286
1 0.331786 0.166190 0.020714 0.016190
1 0.418214 0.200000 0.020714 0.017143
1 0.439643 0.202381 0.017857 0.014286
1 0.455000 0.205238 0.015714 0.014286
1 0.469643 0.208095 0.022143 0.016190
1 0.527500 0.193810 0.016429 0.014286
1 0.510000 0.189524 0.021429 0.015238
1 0.500000 0.189048 0.017143 0.014286
1 0.369643 0.189048 0.022143 0.014286
2 0.362500 0.178571 0.020714 0.012381
2 0.343214 0.186190 0.023571 0.014286
2 0.447500 0.178571 0.026429 0.016190
2 0.470714 0.185238 0.018571 0.021905
1 0.582143 0.192381 0.028571 0.019048
1 0.570000 0.183810 0.018571 0.015238
1 0.557143 0.172381 0.022857 0.011429
1 0.700000 0.168095 0.020000 0.010476
1 0.715000 0.163810 0.008571 0.009524
1 0.691071 0.134762 0.013571 0.010476
1 0.682143 0.135238 0.020000 0.011429
1 0.669286 0.163333 0.012857 0.010476
1 0.652143 0.167619 0.020000 0.013333
1 0.627500 0.159048 0.009286 0.011429
1 0.653571 0.148095 0.014286 0.008571
1 0.639286 0.160000 0.011429 0.011429
1 0.623214 0.171429 0.015000 0.017143
4 0.583214 0.169048 0.012143 0.018095
1 0.892143 0.119048 0.004286 0.007619
1 0.898214 0.107143 0.005000 0.010476
1 0.843571 0.136190 0.005714 0.007619
1 0.832143 0.142857 0.005714 0.011429
1 0.837143 0.130000 0.007143 0.006667
6 0.847857 0.118095 0.011429 0.017143
1 0.886786 0.114762 0.006429 0.008571
1 0.855714 0.114286 0.005714 0.005714
1 0.905000 0.110952 0.005714 0.006667
1 0.833929 0.113810 0.005000 0.006667
