2 0.297857 0.253333 0.012857 0.022857
3 0.308214 0.254286 0.010714 0.022857
1 0.318929 0.256667 0.009286 0.016190
1 0.578214 0.600000 0.023571 0.049524
1 0.575000 0.515714 0.021429 0.035238
1 0.462500 0.143810 0.006429 0.011429
1 0.466786 0.091905 0.005000 0.008571
3 0.721786 0.195714 0.032143 0.050476
3 0.764286 0.194286 0.017143 0.036190
3 0.792143 0.226190 0.045714 0.029524
3 0.495000 0.275714 0.020000 0.039048
7 0.539286 0.400476 0.007143 0.014286
7 0.509286 0.321905 0.005714 0.013333
1 0.272143 0.195238 0.008571 0.017143
1 0.302500 0.190952 0.006429 0.018095
