2 0.155271 0.340909 0.048539 0.028757
2 0.167015 0.338590 0.038622 0.029685
2 0.171973 0.334879 0.037056 0.029685
2 0.185282 0.330241 0.035491 0.022263
2 0.124478 0.385900 0.036013 0.033395
2 0.135177 0.384045 0.033403 0.031540
2 0.145877 0.389147 0.038100 0.030612
2 0.159969 0.393321 0.041232 0.033395
2 0.166754 0.402597 0.053758 0.040816
2 0.209551 0.405844 0.044363 0.028757
2 0.242432 0.412338 0.025574 0.025046
2 0.224426 0.369666 0.056367 0.032468
2 0.280532 0.380798 0.048539 0.034323
2 0.290971 0.375696 0.048539 0.033395
2 0.258090 0.363636 0.051670 0.025974
2 0.232255 0.349722 0.053236 0.024119
2 0.239301 0.347403 0.052714 0.025046
2 0.255480 0.344156 0.046451 0.024119
2 0.263309 0.334416 0.044363 0.026902
2 0.241910 0.307514 0.046451 0.021336
0 0.304019 0.785714 0.043319 0.053803
0 0.376044 0.650278 0.034969 0.040816
0 0.511482 0.609462 0.017745 0.031540
0 0.474948 0.527829 0.025052 0.022263
0 0.479645 0.515306 0.025052 0.021336
0 0.485647 0.507421 0.026618 0.020408
0 0.613518 0.495826 0.020355 0.023191
0 0.560282 0.441558 0.022443 0.018553
0 0.600992 0.390074 0.015136 0.013915
0 0.610125 0.381725 0.017745 0.013915
0 0.630219 0.362709 0.014092 0.014842
0 0.632307 0.355288 0.013048 0.012987
0 0.638570 0.342764 0.013048 0.010204
0 0.646138 0.330705 0.013570 0.010204
0 0.649791 0.329314 0.012526 0.009276
2 0.662317 0.383117 0.021921 0.035250
0 0.688152 0.349722 0.010960 0.012987
0 0.687630 0.344156 0.012004 0.012987
0 0.690762 0.342764 0.010960 0.013915
2 0.698330 0.326994 0.012526 0.021336
2 0.684499 0.272727 0.015136 0.009276
0 0.689457 0.271800 0.007307 0.007421
2 0.728079 0.622449 0.027140 0.074212
0 0.759134 0.523655 0.014092 0.023191
2 0.758090 0.406772 0.015136 0.034323
2 0.744781 0.314007 0.013570 0.023191
2 0.765397 0.334879 0.012004 0.027829
2 0.781837 0.340909 0.012526 0.039889
2 0.766701 0.314007 0.011482 0.019481
2 0.770355 0.292208 0.012526 0.027829
0 0.747129 0.282004 0.007829 0.009276
2 0.776096 0.262059 0.007307 0.019481
0 0.780010 0.260204 0.003653 0.006494
1 0.764092 0.248145 0.005219 0.010204
2 0.770355 0.245826 0.005219 0.012987
2 0.778184 0.242115 0.007307 0.012987
0 0.771660 0.236549 0.004697 0.007421
0 0.779228 0.233302 0.003132 0.006494
1 0.782098 0.222635 0.004697 0.007421
0 0.775313 0.218924 0.002610 0.005566
0 0.779228 0.209647 0.002088 0.003711
0 0.776618 0.203618 0.002088 0.002783
0 0.778184 0.206865 0.003132 0.003711
2 0.783664 0.210111 0.003653 0.006494
0 0.950418 0.927180 0.035491 0.065863
2 0.908142 0.706401 0.035491 0.043599
0 0.889353 0.652597 0.032359 0.051020
0 0.883090 0.628015 0.024008 0.035250
0 0.884916 0.613173 0.027662 0.037106
2 0.930063 0.558905 0.026096 0.036178
0 0.868998 0.560761 0.031315 0.026902
0 0.860647 0.528293 0.024008 0.028757
2 0.865084 0.494434 0.019311 0.027829
0 0.846816 0.451299 0.022443 0.017625
0 0.847338 0.446197 0.022443 0.018553
0 0.839770 0.405380 0.009395 0.014842
0 0.836378 0.391466 0.015136 0.014842
0 0.833246 0.385900 0.016180 0.011132
0 0.824635 0.336271 0.011482 0.010204
2 0.840814 0.318646 0.012526 0.021336
2 0.837161 0.294991 0.005219 0.011132
0 0.816023 0.287106 0.007829 0.008349
0 0.816023 0.277829 0.006785 0.006494
0 0.824374 0.276438 0.004697 0.007421
2 0.824896 0.255102 0.009916 0.016698
2 0.818111 0.248145 0.006785 0.013915
2 0.833507 0.243506 0.007307 0.012059
2 0.821242 0.242115 0.005741 0.011132
0 0.812370 0.235622 0.003653 0.005566
