5 0.504175 0.733766 0.034447 0.176252
0 0.519833 0.267161 0.011482 0.029685
1 0.495564 0.055195 0.026618 0.019481
2 0.553758 0.057514 0.026096 0.022263
1 0.723904 0.361781 0.091858 0.061224
7 0.553236 0.087662 0.003132 0.019481
7 0.651879 0.704082 0.028184 0.074212
4 0.746868 0.943878 0.126305 0.110390
1 0.896399 0.686456 0.099687 0.204082
7 0.984342 0.797310 0.030271 0.082560
1 0.294363 0.924861 0.172234 0.142857
3 0.561065 0.035714 0.005219 0.015770
7 0.562109 0.079777 0.006263 0.016698
4 0.467902 0.095083 0.019311 0.019481
