0 0.610714 0.867143 0.262857 0.221905
0 0.072857 0.504286 0.047143 0.033333
0 0.060000 0.486190 0.038571 0.042857
0 0.050714 0.475238 0.032857 0.032381
0 0.043571 0.461429 0.030000 0.040952
0 0.186429 0.539048 0.108571 0.055238
0 0.259643 0.514286 0.090714 0.043810
0 0.297857 0.485714 0.044286 0.047619
0 0.357143 0.515238 0.097143 0.043810
0 0.433214 0.490000 0.083571 0.042857
0 0.488929 0.494286 0.080714 0.038095
0 0.427143 0.462857 0.032857 0.036190
0 0.458929 0.460000 0.030714 0.036190
0 0.491429 0.453333 0.035714 0.036190
0 0.516786 0.450476 0.033571 0.028571
0 0.547857 0.447619 0.037143 0.034286
0 0.578214 0.444286 0.033571 0.033333
0 0.608929 0.442381 0.039286 0.033333
0 0.636429 0.441429 0.034286 0.033333
0 0.663571 0.439048 0.042857 0.030476
0 0.589286 0.465714 0.068571 0.034286
0 0.654286 0.457143 0.064286 0.034286
0 0.673929 0.430952 0.039286 0.031429
0 0.713571 0.463333 0.062857 0.033333
0 0.711429 0.447619 0.058571 0.040000
0 0.703929 0.429524 0.037857 0.030476
0 0.757143 0.444286 0.037143 0.040952
0 0.817857 0.422381 0.032857 0.035238
0 0.856786 0.430000 0.039286 0.029524
0 0.918929 0.422857 0.049286 0.036190
0 0.890357 0.412857 0.036429 0.035238
0 0.906786 0.409524 0.036429 0.038095
0 0.922500 0.405714 0.027857 0.028571
0 0.933571 0.404762 0.031429 0.030476
0 0.955357 0.419524 0.040714 0.029524
0 0.955000 0.400952 0.028571 0.028571
0 0.987857 0.412381 0.022857 0.028571
