1 0.552143 0.759518 0.034286 0.052030
1 0.523571 0.734137 0.027143 0.046954
1 0.580357 0.716371 0.030714 0.044416
1 0.591071 0.689086 0.036429 0.050761
1 0.601071 0.665609 0.035000 0.046954
1 0.615357 0.641497 0.035000 0.046954
1 0.629643 0.620558 0.030714 0.045685
1 0.558571 0.550127 0.028571 0.044416
1 0.642500 0.597716 0.036429 0.045685
1 0.496786 0.873096 0.036429 0.055838
2 0.525000 0.813452 0.035714 0.058376
2 0.508214 0.842005 0.037857 0.062183
2 0.569286 0.741117 0.035714 0.053299
2 0.533571 0.586929 0.027143 0.054569
1 0.451071 0.329949 0.025000 0.032995
1 0.482857 0.362310 0.024286 0.031726
1 0.509643 0.383883 0.020714 0.039340
2 0.221786 0.969543 0.033571 0.058376
2 0.430000 0.285533 0.028571 0.038071
1 0.011429 0.731599 0.022857 0.046954
