3 0.170407 0.897032 0.050626 0.137291
7 0.210856 0.815863 0.039666 0.043599
7 0.227557 0.769017 0.031315 0.042672
5 0.317067 0.680427 0.043319 0.075139
1 0.293841 0.609462 0.075157 0.055659
7 0.299582 0.557050 0.024008 0.023191
7 0.365344 0.414193 0.017745 0.021336
7 0.357255 0.404917 0.017223 0.019481
4 0.438674 0.360390 0.008873 0.021336
7 0.425626 0.659555 0.007829 0.046382
7 0.563674 0.474954 0.017745 0.024119
1 0.544885 0.432746 0.027140 0.032468
7 0.531054 0.408163 0.016180 0.018553
7 0.539405 0.378942 0.013048 0.017625
7 0.533142 0.367811 0.013048 0.017625
1 0.390658 0.267625 0.026618 0.017625
4 0.434760 0.193878 0.004175 0.011132
4 0.455898 0.190167 0.004697 0.014842
5 0.443372 0.249072 0.006785 0.023191
3 0.425104 0.228200 0.013048 0.029685
0 0.229645 0.907699 0.043841 0.034323
