0 0.310021 0.897495 0.069937 0.071429
2 0.532359 0.720779 0.036534 0.122449
0 0.504697 0.436920 0.035491 0.040816
0 0.507307 0.419759 0.021921 0.028757
0 0.493737 0.332096 0.029228 0.025974
0 0.497390 0.307514 0.021921 0.025046
0 0.493215 0.294527 0.026096 0.025046
0 0.496347 0.285714 0.025052 0.025974
0 0.385960 0.312152 0.024530 0.021336
0 0.390397 0.304731 0.028184 0.023191
2 0.490866 0.258349 0.030793 0.021336
2 0.486952 0.186456 0.015658 0.040816
0 0.484864 0.164193 0.008351 0.012987
0 0.443894 0.121521 0.006785 0.011132
2 0.417276 0.187848 0.041232 0.032468
2 0.413622 0.175325 0.027662 0.020408
0 0.423539 0.110853 0.014092 0.010204
0 0.444676 0.110853 0.012526 0.008349
0 0.440762 0.106215 0.012004 0.010204
2 0.420929 0.072820 0.012004 0.008349
0 0.479645 0.104824 0.010438 0.011132
0 0.478862 0.096475 0.008873 0.011132
0 0.478079 0.089518 0.010438 0.010204
2 0.475992 0.074675 0.008351 0.019481
2 0.443111 0.051948 0.012526 0.012987
2 0.415710 0.045918 0.023486 0.023191
0 0.445981 0.042208 0.008873 0.006494
0 0.469468 0.034787 0.007829 0.008349
0 0.466597 0.025510 0.007307 0.006494
1 0.849426 0.874304 0.137265 0.249536
0 0.938152 0.957792 0.067328 0.082560
