0 0.328214 0.675714 0.053571 0.077143
0 0.614643 0.248095 0.040714 0.029524
0 0.653929 0.208095 0.039286 0.029524
0 0.668214 0.333333 0.046429 0.034286
0 0.736429 0.254286 0.040000 0.038095
1 0.615357 0.675238 0.057857 0.207619
0 0.812500 0.696667 0.049286 0.082857
2 0.729286 0.565238 0.131429 0.218095
0 0.827143 0.401429 0.034286 0.044762
2 0.881429 0.282381 0.072857 0.117143
2 0.798571 0.220000 0.072857 0.102857
2 0.846071 0.155714 0.057857 0.084762
0 0.948571 0.176190 0.025714 0.026667
2 0.975000 0.105238 0.050000 0.096190
0 0.891429 0.095714 0.022857 0.025714
2 0.924643 0.052381 0.035000 0.049524
2 0.947143 0.023333 0.040000 0.046667
2 0.759286 0.100476 0.032857 0.025714
2 0.788929 0.078095 0.049286 0.040000
0 0.807857 0.040476 0.031429 0.020000
