7 0.267143 0.913810 0.032857 0.040952
7 0.276786 0.880476 0.025000 0.042857
0 0.306071 0.807619 0.029286 0.030476
7 0.275714 0.736190 0.027143 0.028571
0 0.293571 0.725714 0.022857 0.022857
7 0.292857 0.700476 0.025714 0.037143
7 0.193214 0.856190 0.015000 0.059048
3 0.761429 0.117143 0.018571 0.019048
1 0.776786 0.120476 0.013571 0.012381
7 0.815000 0.152857 0.005714 0.012381
1 0.728571 0.305714 0.035714 0.030476
7 0.777500 0.317143 0.015000 0.013333
0 0.899643 0.390952 0.017857 0.016190
0 0.931071 0.444762 0.015000 0.017143
1 0.979643 0.188571 0.017857 0.013333
7 0.858571 0.197619 0.011429 0.008571
0 0.665714 0.152857 0.008571 0.006667
1 0.622857 0.106667 0.012857 0.007619
1 0.433571 0.062857 0.007143 0.009524
