0 0.534643 0.734286 0.025000 0.055238
0 0.582143 0.822381 0.037143 0.069524
0 0.560000 0.623810 0.024286 0.038095
0 0.563571 0.501905 0.017143 0.022857
0 0.532857 0.432857 0.014286 0.023810
0 0.187857 0.920476 0.062857 0.101905
0 0.225714 0.833333 0.055714 0.087619
0 0.394286 0.344762 0.008571 0.005714
0 0.392857 0.340476 0.008571 0.006667
0 0.410357 0.325714 0.007857 0.007619
0 0.415000 0.316667 0.005714 0.004762
0 0.419643 0.311905 0.007857 0.006667
0 0.431071 0.301429 0.009286 0.006667
0 0.422500 0.392857 0.009286 0.010476
0 0.425714 0.387143 0.008571 0.010476
0 0.435000 0.362857 0.010000 0.011429
0 0.442857 0.345238 0.012857 0.012381
0 0.448571 0.331905 0.007143 0.008571
0 0.451786 0.327619 0.006429 0.007619
0 0.453214 0.323810 0.006429 0.007619
0 0.456071 0.316667 0.005000 0.008571
0 0.457857 0.312857 0.005714 0.006667
0 0.460357 0.309048 0.005000 0.008571
0 0.462857 0.299048 0.007143 0.007619
0 0.466429 0.292381 0.007143 0.007619
0 0.486071 0.319048 0.006429 0.007619
0 0.492143 0.360000 0.008571 0.011429
1 0.497143 0.282381 0.005714 0.012381
0 0.435714 0.601905 0.030000 0.028571
0 0.511429 0.264762 0.004286 0.005714
0 0.508571 0.257143 0.004286 0.005714
0 0.503929 0.261429 0.005000 0.006667
0 0.576786 0.360952 0.010714 0.009524
0 0.572500 0.353810 0.010714 0.006667
0 0.583214 0.381905 0.016429 0.011429
0 0.603929 0.407619 0.016429 0.013333
1 0.616071 0.433810 0.022143 0.033333
