2 0.556250 0.139667 0.128500 0.038000
2 0.614500 0.128333 0.067000 0.040667
0 0.594500 0.161667 0.038000 0.023333
0 0.494000 0.205333 0.033000 0.028000
0 0.462500 0.171333 0.044000 0.021333
0 0.415500 0.140000 0.031000 0.018667
0 0.389500 0.187000 0.041000 0.031333
0 0.362000 0.142667 0.034000 0.020000
0 0.254500 0.141667 0.035000 0.022000
0 0.328500 0.166000 0.040000 0.024000
0 0.332250 0.189000 0.035500 0.024667
0 0.326750 0.215000 0.049500 0.039333
0 0.431000 0.183333 0.047000 0.026667
0 0.535750 0.195667 0.018500 0.031333
0 0.439000 0.246333 0.058000 0.032667
0 0.429500 0.258333 0.056000 0.030000
0 0.417750 0.269000 0.060500 0.030000
0 0.557750 0.292667 0.043500 0.040000
0 0.538000 0.224667 0.026000 0.028000
0 0.577500 0.177333 0.031000 0.022667
0 0.564000 0.192333 0.039000 0.028667
0 0.650250 0.188667 0.030500 0.029333
0 0.679000 0.183000 0.029000 0.028667
0 0.138000 0.083667 0.029000 0.015333
0 0.321250 0.088000 0.029500 0.018667
