0 0.352857 0.278571 0.021429 0.031429
0 0.346429 0.312857 0.024286 0.037143
0 0.472143 0.490952 0.025714 0.060000
0 0.472500 0.411429 0.023571 0.055238
0 0.466429 0.068571 0.011429 0.024762
0 0.464643 0.043333 0.010714 0.020000
0 0.464286 0.020952 0.011429 0.017143
0 0.482857 0.022857 0.011429 0.019048
0 0.520714 0.010952 0.020000 0.016190
0 0.531786 0.039048 0.009286 0.013333
0 0.534643 0.052381 0.010714 0.013333
0 0.537500 0.069048 0.012143 0.016190
0 0.556786 0.172857 0.017857 0.023810
0 0.563571 0.197143 0.017143 0.022857
0 0.542143 0.665238 0.032857 0.088571
0 0.550357 0.112857 0.020714 0.035238
