0 0.453214 0.743810 0.039286 0.121905
0 0.527857 0.835714 0.038571 0.100000
0 0.522500 0.567143 0.022143 0.040952
0 0.565357 0.471905 0.015000 0.031429
0 0.528214 0.440952 0.017857 0.026667
0 0.533214 0.245714 0.009286 0.009524
0 0.534643 0.217619 0.006429 0.008571
0 0.532857 0.198095 0.005714 0.005714
0 0.543214 0.191429 0.005000 0.005714
0 0.545357 0.210000 0.007857 0.006667
0 0.540357 0.151429 0.005000 0.003810
0 0.532500 0.148095 0.003571 0.004762
0 0.533929 0.140952 0.005000 0.005714
0 0.540357 0.144286 0.003571 0.004762
0 0.516429 0.137619 0.004286 0.004762
0 0.520357 0.132381 0.005000 0.003810
0 0.537500 0.133810 0.003571 0.004762
0 0.532500 0.190476 0.005000 0.005714
0 0.533929 0.183333 0.005000 0.004762
0 0.544286 0.201905 0.007143 0.007619
1 0.492143 0.174762 0.004286 0.006667
0 0.733214 0.295238 0.025000 0.013333
0 0.698929 0.963333 0.027857 0.073333
1 0.801429 0.249048 0.027143 0.027619
