0 0.093214 0.480000 0.022143 0.032381
0 0.160714 0.549524 0.030000 0.019048
2 0.249643 0.505238 0.033571 0.018095
0 0.407857 0.369048 0.030000 0.020000
0 0.408571 0.346667 0.028571 0.019048
0 0.551786 0.522857 0.026429 0.022857
0 0.555714 0.436190 0.012857 0.040000
0 0.605714 0.476190 0.017143 0.036190
0 0.461429 0.189524 0.014286 0.038095
0 0.400000 0.088095 0.014286 0.040952
0 0.383214 0.093333 0.016429 0.040000
0 0.489286 0.377619 0.027143 0.018095
0 0.491071 0.355238 0.025000 0.015238
0 0.426786 0.192381 0.029286 0.022857
0 0.383571 0.169524 0.025714 0.019048
2 0.412857 0.249524 0.040000 0.028571
2 0.493571 0.336190 0.027143 0.019048
2 0.497857 0.406190 0.031429 0.018095
2 0.492143 0.425238 0.027143 0.020000
0 0.578571 0.749524 0.014286 0.036190
2 0.579286 0.975238 0.012857 0.049524
0 0.817143 0.041905 0.030000 0.020952
0 0.815714 0.066190 0.028571 0.021905
0 0.713571 0.680000 0.014286 0.040000
0 0.693571 0.680952 0.015714 0.040000
0 0.879286 0.735238 0.027143 0.032381
0 0.807857 0.567143 0.028571 0.016190
0 0.922857 0.598095 0.030000 0.019048
0 0.988214 0.481429 0.017857 0.039048
2 0.847143 0.592857 0.114286 0.027619
2 0.941786 0.565714 0.110714 0.026667
2 0.706786 0.829048 0.017857 0.056190
2 0.731786 0.856667 0.026429 0.096190
2 0.708571 0.939048 0.024286 0.085714
2 0.728571 0.949048 0.017143 0.058095
