1 0.487500 0.844667 0.054000 0.124000
2 0.500750 0.636000 0.040500 0.088000
2 0.517750 0.529000 0.033500 0.066000
1 0.464750 0.522667 0.032500 0.061333
1 0.531250 0.462000 0.033500 0.050667
1 0.469250 0.296333 0.027500 0.031333
7 0.665250 0.238667 0.014500 0.012000
4 0.487250 0.231333 0.008500 0.016000
7 0.571000 0.090667 0.005000 0.010667
1 0.561250 0.105333 0.014500 0.018667
1 0.620250 0.006000 0.015500 0.009333
1 0.596500 0.004667 0.020000 0.008000
7 0.450750 0.173333 0.006500 0.012000
2 0.464500 0.157667 0.019000 0.046000
3 0.488750 0.155000 0.030500 0.076667
1 0.471000 0.140333 0.011000 0.018000
1 0.477250 0.128667 0.014500 0.020000
1 0.502000 0.135000 0.014000 0.024667
1 0.510750 0.115333 0.013500 0.020000
1 0.491750 0.115333 0.013500 0.017333
2 0.496000 0.099333 0.013000 0.022667
2 0.512000 0.101667 0.015000 0.018000
1 0.503750 0.088667 0.010500 0.017333
3 0.502000 0.075667 0.013000 0.019333
2 0.505000 0.065333 0.009000 0.016000
1 0.513250 0.062333 0.011500 0.015333
1 0.524000 0.074000 0.012000 0.013333
1 0.529750 0.053333 0.010500 0.014667
1 0.535000 0.038333 0.009000 0.014000
3 0.514750 0.049333 0.014500 0.016000
3 0.521250 0.030000 0.017500 0.033333
3 0.528500 0.010667 0.017000 0.021333
6 0.539250 0.020000 0.014500 0.029333
7 0.238750 0.210000 0.013500 0.012000
1 0.030250 0.432667 0.060500 0.050667
5 0.015750 0.349000 0.031500 0.039333
1 0.017250 0.182000 0.034500 0.028000
