1 0.337143 0.413333 0.050000 0.028571
1 0.495357 0.412381 0.055000 0.030476
1 0.519643 0.390476 0.042143 0.022857
1 0.545000 0.387143 0.042857 0.021905
1 0.563929 0.383810 0.037857 0.022857
1 0.577143 0.377619 0.041429 0.025714
1 0.486786 0.385714 0.047857 0.022857
1 0.509286 0.379048 0.045714 0.028571
0 0.440714 0.480476 0.032857 0.025714
1 0.483571 0.354286 0.022857 0.017143
1 0.475357 0.349048 0.015000 0.016190
1 0.462500 0.343810 0.019286 0.015238
1 0.473214 0.339524 0.020714 0.016190
0 0.694286 0.468095 0.031429 0.023810
1 0.719286 0.417619 0.062857 0.029524
2 0.717500 0.406190 0.049286 0.035238
1 0.907857 0.400952 0.045714 0.026667
7 0.898214 0.546667 0.036429 0.041905
7 0.910357 0.535238 0.027857 0.028571
0 0.922500 0.553810 0.033571 0.033333
0 0.921071 0.544762 0.029286 0.024762
