7 0.117500 0.369048 0.045000 0.035238
0 0.143571 0.327619 0.038571 0.019048
0 0.149286 0.315238 0.034286 0.020952
0 0.156071 0.299524 0.039286 0.018095
7 0.160357 0.265714 0.043571 0.026667
7 0.151786 0.286190 0.039286 0.016190
0 0.207500 0.153333 0.033571 0.026667
7 0.967500 0.232381 0.049286 0.024762
0 0.964286 0.215714 0.050000 0.031429
7 0.957857 0.199048 0.052857 0.032381
0 0.958214 0.119524 0.045000 0.031429
0 0.961786 0.146667 0.042143 0.026667
0 0.173214 0.244286 0.036429 0.031429
0 0.177500 0.240952 0.030714 0.019048
0 0.176429 0.227619 0.028571 0.019048
0 0.851429 0.032857 0.027143 0.023810
0 0.849643 0.010476 0.033571 0.020952
0 0.843929 0.007619 0.032143 0.015238
0 0.837857 0.005714 0.031429 0.011429
0 0.913214 0.133333 0.035000 0.043810
0 0.888214 0.073810 0.039286 0.033333
0 0.890357 0.082857 0.039286 0.034286
0 0.896786 0.094286 0.040714 0.022857
0 0.896786 0.050476 0.032143 0.022857
0 0.896429 0.126190 0.034286 0.023810
0 0.905000 0.128095 0.028571 0.033333
7 0.293571 0.008571 0.015714 0.017143
7 0.892500 0.021429 0.037857 0.020000
7 0.978571 0.180000 0.042857 0.036190
