0 0.026071 0.747143 0.052143 0.040952
0 0.042500 0.691429 0.059286 0.030476
0 0.597500 0.737619 0.029286 0.069524
0 0.749286 0.739524 0.032857 0.065714
0 0.638929 0.647619 0.047857 0.028571
0 0.641429 0.676190 0.048571 0.030476
2 0.636071 0.736667 0.032143 0.075238
0 0.557500 0.447619 0.036429 0.024762
0 0.562500 0.425238 0.037857 0.021905
0 0.677857 0.532857 0.047143 0.029524
0 0.546786 0.265238 0.029286 0.023810
0 0.614643 0.259048 0.022143 0.019048
0 0.424286 0.403333 0.018571 0.033333
0 0.502143 0.160952 0.012857 0.022857
0 0.233214 0.167619 0.025000 0.015238
0 0.293214 0.178095 0.025000 0.015238
0 0.297500 0.169524 0.026429 0.013333
2 0.203214 0.211429 0.029286 0.017143
0 0.212857 0.194286 0.027143 0.017143
2 0.186071 0.250952 0.045000 0.023810
2 0.210714 0.300000 0.027143 0.019048
0 0.210714 0.336667 0.028571 0.016190
