0 0.217000 0.820333 0.053000 0.075333
2 0.212250 0.607667 0.108500 0.159333
2 0.275000 0.812000 0.092000 0.174667
0 0.322250 0.449667 0.018500 0.019333
0 0.341000 0.426000 0.014000 0.017333
0 0.387250 0.481000 0.013500 0.020667
2 0.411000 0.337333 0.007000 0.009333
0 0.402750 0.317667 0.004500 0.006000
0 0.381500 0.297000 0.007000 0.003333
0 0.390500 0.299333 0.008000 0.004000
0 0.334750 0.295333 0.004500 0.005333
2 0.142750 0.426333 0.035500 0.022000
0 0.445250 0.299000 0.010500 0.004667
0 0.741000 0.981333 0.116000 0.037333
0 0.699250 0.873000 0.092500 0.068667
0 0.856500 0.802000 0.092000 0.058667
0 0.824000 0.755667 0.079000 0.047333
0 0.646250 0.749667 0.076500 0.047333
0 0.758500 0.657000 0.062000 0.036667
0 0.607750 0.640333 0.057500 0.032667
0 0.590750 0.585667 0.053500 0.028667
0 0.646750 0.488000 0.037500 0.020000
0 0.630750 0.463667 0.034500 0.018000
0 0.614500 0.444000 0.031000 0.016000
0 0.603000 0.422667 0.028000 0.013333
0 0.601000 0.417000 0.028000 0.011333
0 0.597250 0.412667 0.023500 0.010667
0 0.592000 0.407000 0.028000 0.012667
0 0.529250 0.413000 0.019500 0.015333
0 0.549000 0.380333 0.020000 0.012667
0 0.586250 0.372000 0.014500 0.012000
0 0.623750 0.378333 0.018500 0.010000
0 0.566750 0.378000 0.019500 0.009333
0 0.562000 0.371000 0.020000 0.010000
0 0.562750 0.368000 0.016500 0.008000
0 0.553750 0.362333 0.021500 0.008667
0 0.551500 0.358333 0.016000 0.007333
0 0.545250 0.351333 0.015500 0.009333
0 0.527000 0.357333 0.011000 0.009333
0 0.536250 0.346667 0.016500 0.008000
0 0.533250 0.342333 0.012500 0.006000
0 0.530250 0.341333 0.013500 0.006667
0 0.498500 0.346000 0.018000 0.009333
0 0.484750 0.333667 0.014500 0.006000
0 0.468750 0.319000 0.014500 0.007333
0 0.463250 0.314667 0.013500 0.005333
0 0.495000 0.315333 0.011000 0.005333
0 0.506250 0.323333 0.009500 0.005333
0 0.506250 0.321667 0.011500 0.004667
0 0.493000 0.314000 0.013000 0.005333
2 0.349750 0.624333 0.049500 0.063333
