0 0.925357 0.053333 0.029286 0.038095
0 0.890000 0.045238 0.030000 0.035238
0 0.868929 0.034286 0.027857 0.036190
0 0.856786 0.133333 0.027857 0.038095
0 0.811786 0.138095 0.033571 0.030476
2 0.865357 0.236190 0.026429 0.059048
0 0.806429 0.181429 0.032857 0.031429
0 0.753929 0.314286 0.030714 0.043810
0 0.840357 0.420952 0.037857 0.049524
0 0.714286 0.331429 0.031429 0.053333
0 0.839286 0.549524 0.027143 0.064762
0 0.863571 0.649524 0.041429 0.068571
0 0.823571 0.717619 0.054286 0.077143
2 0.788929 0.808571 0.050714 0.089524
2 0.736429 0.887619 0.037143 0.116190
2 0.664643 0.928095 0.065000 0.107619
0 0.309286 0.851429 0.065714 0.091429
0 0.457500 0.655714 0.055000 0.073333
0 0.512143 0.538571 0.052857 0.054286
0 0.482857 0.477143 0.047143 0.043810
0 0.552857 0.470476 0.051429 0.051429
0 0.662143 0.449524 0.048571 0.051429
2 0.650000 0.402381 0.050000 0.060000
