0 0.432500 0.778095 0.030714 0.062857
0 0.345714 0.850476 0.025714 0.112381
0 0.437500 0.593810 0.019286 0.040952
0 0.366429 0.574762 0.020000 0.054286
0 0.417143 0.475714 0.017143 0.029524
0 0.388571 0.436190 0.017143 0.030476
0 0.379643 0.334762 0.010714 0.023810
0 0.457500 0.969048 0.027857 0.061905
0 0.268571 0.475238 0.014286 0.036190
0 0.289643 0.247143 0.012143 0.016190
0 0.288929 0.231429 0.012143 0.017143
0 0.295000 0.160952 0.008571 0.009524
0 0.296429 0.139048 0.008571 0.015238
0 0.297500 0.125238 0.009286 0.012381
0 0.275714 0.024762 0.010000 0.007619
0 0.302500 0.080952 0.006429 0.007619
0 0.304286 0.077143 0.005714 0.007619
0 0.306429 0.030952 0.005714 0.008571
0 0.305000 0.038095 0.005714 0.005714
0 0.306429 0.043333 0.005714 0.006667
0 0.304286 0.047619 0.007143 0.005714
0 0.304643 0.053333 0.005000 0.005714
0 0.302500 0.069048 0.006429 0.006667
0 0.302857 0.062381 0.005714 0.006667
0 0.300714 0.087619 0.005714 0.009524
0 0.345357 0.031905 0.005000 0.006667
0 0.328929 0.011429 0.005000 0.005714
0 0.329286 0.016667 0.005714 0.006667
0 0.373214 0.024286 0.003571 0.006667
0 0.375714 0.032857 0.005714 0.006667
0 0.370000 0.168095 0.008571 0.014286
0 0.409286 0.639524 0.022857 0.046667
0 0.404643 0.143810 0.007857 0.011429
0 0.401429 0.131905 0.008571 0.010476
0 0.397500 0.080952 0.005000 0.007619
0 0.381071 0.053333 0.006429 0.007619
0 0.379643 0.045238 0.005000 0.008571
0 0.453929 0.111905 0.015000 0.010476
0 0.566071 0.338571 0.015000 0.029524
