1 0.277143 0.881905 0.140000 0.236190
1 0.398571 0.613810 0.101429 0.170476
1 0.660357 0.696190 0.092143 0.173333
1 0.695714 0.549524 0.068571 0.123810
2 0.860714 0.514286 0.065714 0.121905
1 0.716786 0.430000 0.050714 0.094286
1 0.497500 0.445238 0.072143 0.113333
1 0.641429 0.421429 0.065714 0.109524
1 0.551429 0.339524 0.057143 0.088571
1 0.583214 0.280476 0.049286 0.073333
1 0.729286 0.349524 0.052857 0.076190
1 0.667857 0.342381 0.058571 0.094286
1 0.746429 0.269048 0.038571 0.065714
1 0.691071 0.267619 0.045000 0.072381
1 0.605000 0.230476 0.042857 0.062857
1 0.629643 0.190476 0.037857 0.045714
1 0.850000 0.305714 0.045714 0.070476
1 0.844643 0.246190 0.042143 0.058095
1 0.844286 0.194286 0.034286 0.043810
1 0.772500 0.169524 0.032143 0.045714
2 0.661071 0.113810 0.032143 0.046667
1 0.676429 0.098095 0.022857 0.038095
1 0.846071 0.151905 0.027857 0.035238
1 0.760357 0.065238 0.026429 0.029524
1 0.850000 0.077143 0.021429 0.032381
1 0.767857 0.089048 0.028571 0.037143
1 0.791429 0.068095 0.024286 0.031429
1 0.759643 0.050952 0.023571 0.023810
1 0.785357 0.040000 0.030714 0.034286
1 0.713929 0.029524 0.022143 0.032381
1 0.829643 0.022381 0.029286 0.033333
1 0.668214 0.066190 0.047857 0.031429
1 0.622857 0.050952 0.027143 0.037143
1 0.852857 0.112381 0.025714 0.049524
