2 0.076429 0.589467 0.035714 0.057107
0 0.556786 0.815990 0.015000 0.048223
0 0.550357 0.681472 0.015000 0.040609
0 0.509286 0.669416 0.011429 0.031726
0 0.545714 0.599619 0.011429 0.026650
0 0.531429 0.553299 0.010000 0.022843
0 0.527143 0.505711 0.010000 0.024112
0 0.541786 0.507614 0.010714 0.020305
0 0.489643 0.487310 0.009286 0.015228
0 0.526071 0.469543 0.009286 0.017766
0 0.538929 0.465102 0.009286 0.019036
0 0.468214 0.442893 0.007857 0.015228
0 0.482143 0.430203 0.007143 0.015228
0 0.493929 0.408629 0.007857 0.010152
0 0.537500 0.420051 0.007857 0.020305
2 0.523571 0.421954 0.010000 0.024112
0 0.516786 0.400381 0.006429 0.021574
1 0.523929 0.333122 0.007857 0.029188
0 0.488214 0.349619 0.006429 0.013959
0 0.522857 0.308376 0.005714 0.012690
