0 0.738750 0.966000 0.052500 0.061333
0 0.733250 0.917667 0.058500 0.070000
0 0.722500 0.869667 0.056000 0.056667
0 0.341000 0.832333 0.051000 0.026000
0 0.343250 0.798333 0.052500 0.030000
0 0.450250 0.817000 0.045500 0.026000
0 0.503500 0.820000 0.048000 0.025333
0 0.447750 0.792667 0.048500 0.028000
0 0.504250 0.792333 0.045500 0.031333
0 0.450750 0.769667 0.040500 0.027333
0 0.503000 0.769333 0.037000 0.026667
0 0.448500 0.748333 0.041000 0.026000
0 0.449750 0.705000 0.041500 0.024667
0 0.499250 0.723333 0.049500 0.030667
0 0.504000 0.702333 0.044000 0.024667
0 0.394250 0.712000 0.024500 0.042667
0 0.500500 0.683333 0.039000 0.028000
0 0.454750 0.666667 0.040500 0.024000
0 0.498000 0.664333 0.039000 0.022000
0 0.497500 0.647333 0.039000 0.021333
0 0.510500 0.603000 0.035000 0.023333
0 0.562750 0.601333 0.040500 0.022667
0 0.084000 0.588667 0.023000 0.029333
0 0.101250 0.561667 0.019500 0.027333
0 0.117000 0.535667 0.018000 0.023333
0 0.133750 0.510000 0.013500 0.018667
0 0.462750 0.526000 0.028500 0.018667
0 0.465500 0.514000 0.031000 0.016000
0 0.464000 0.492000 0.027000 0.017333
0 0.469250 0.482333 0.030500 0.014000
0 0.470500 0.472333 0.030000 0.015333
0 0.474500 0.457667 0.026000 0.015333
0 0.435500 0.441000 0.015000 0.020667
0 0.436250 0.423667 0.023500 0.016667
0 0.451250 0.384000 0.011500 0.017333
0 0.483500 0.412000 0.024000 0.010667
0 0.484250 0.405000 0.024500 0.008667
0 0.483500 0.398333 0.022000 0.012667
0 0.473500 0.381000 0.010000 0.016667
0 0.465000 0.313333 0.010000 0.018667
0 0.189000 0.441000 0.018000 0.020667
0 0.153500 0.406333 0.018000 0.018000
0 0.196000 0.399667 0.016000 0.019333
0 0.229250 0.390667 0.013500 0.020000
0 0.261500 0.325333 0.014000 0.016000
0 0.278250 0.324333 0.011500 0.014000
2 0.242500 0.366667 0.017000 0.025333
0 0.226750 0.327000 0.014500 0.018000
0 0.264750 0.309667 0.013500 0.015333
0 0.285500 0.312333 0.012000 0.014000
0 0.293000 0.302333 0.011000 0.014000
0 0.301000 0.293333 0.010000 0.012000
0 0.293750 0.291667 0.009500 0.011333
0 0.294750 0.276333 0.011500 0.012667
0 0.314000 0.275333 0.010000 0.012000
0 0.320500 0.268667 0.010000 0.012000
0 0.326750 0.261333 0.009500 0.012000
0 0.330750 0.252667 0.009500 0.010667
0 0.346500 0.231000 0.008000 0.011333
0 0.365500 0.189667 0.006000 0.010000
0 0.373500 0.188667 0.006000 0.009333
0 0.368750 0.181333 0.004500 0.008000
0 0.383250 0.179667 0.005500 0.007333
0 0.392250 0.160667 0.006500 0.009333
0 0.382250 0.145333 0.005500 0.009333
0 0.360750 0.200333 0.006500 0.010000
0 0.356250 0.197000 0.006500 0.007333
0 0.361500 0.219333 0.010000 0.013333
2 0.373500 0.174333 0.010000 0.015333
0 0.398000 0.136000 0.005000 0.010667
0 0.388750 0.134667 0.005500 0.006667
0 0.382250 0.130333 0.006500 0.006000
0 0.422000 0.104333 0.005000 0.006000
0 0.387000 0.111000 0.005000 0.004667
0 0.407000 0.109000 0.007000 0.006000
0 0.379250 0.113667 0.008500 0.006000
0 0.380000 0.155333 0.006000 0.008000
