1 0.150357 0.008571 0.025000 0.017143
1 0.208571 0.029524 0.030000 0.017143
1 0.211429 0.021429 0.027143 0.016190
1 0.092857 0.066190 0.031429 0.016190
1 0.097500 0.057143 0.030714 0.013333
1 0.105357 0.049524 0.025000 0.017143
1 0.109643 0.041905 0.026429 0.013333
1 0.117857 0.037143 0.027143 0.015238
1 0.122143 0.029048 0.028571 0.014286
1 0.112143 0.021905 0.025714 0.013333
1 0.085000 0.017143 0.025714 0.011429
1 0.076786 0.011429 0.023571 0.013333
1 0.075357 0.023810 0.026429 0.015238
1 0.062500 0.037619 0.029286 0.016190
1 0.052143 0.049524 0.031429 0.015238
1 0.038571 0.064286 0.031429 0.016190
1 0.053214 0.111429 0.033571 0.013333
1 0.042857 0.120000 0.037143 0.020952
1 0.034643 0.130000 0.036429 0.020000
1 0.028214 0.142857 0.040714 0.017143
1 0.018214 0.153333 0.036429 0.019048
1 0.033214 0.076190 0.035000 0.015238
2 0.384286 0.044286 0.028571 0.040952
2 0.327143 0.094762 0.054286 0.061905
3 0.352143 0.197619 0.071429 0.069524
7 0.354643 0.186667 0.013571 0.009524
7 0.368571 0.250476 0.017143 0.013333
7 0.381071 0.178095 0.013571 0.015238
6 0.250714 0.938095 0.082857 0.118095
2 0.373214 0.445714 0.047857 0.087619
2 0.407857 0.511429 0.070000 0.179048
2 0.457143 0.369048 0.030000 0.048571
2 0.487857 0.294762 0.034286 0.048571
2 0.523929 0.222857 0.037857 0.051429
2 0.584643 0.117619 0.013571 0.027619
2 0.459643 0.150476 0.016429 0.055238
2 0.458571 0.104286 0.018571 0.046667
2 0.574286 0.070000 0.015714 0.037143
2 0.615000 0.022381 0.018571 0.031429
1 0.691071 0.152857 0.035000 0.025714
1 0.761429 0.173333 0.032857 0.024762
1 0.808214 0.201905 0.020714 0.034286
1 0.694286 0.256667 0.042857 0.029524
1 0.682857 0.004286 0.010000 0.008571
1 0.697500 0.004762 0.012143 0.009524
1 0.845714 0.657143 0.078571 0.043810
1 0.832143 0.616667 0.070000 0.039048
1 0.822500 0.548095 0.062143 0.040952
1 0.895000 0.869524 0.097143 0.060952
1 0.877500 0.805238 0.087857 0.052381
1 0.855714 0.701905 0.075714 0.047619
1 0.940714 0.509048 0.040000 0.071429
7 0.963929 0.492857 0.015000 0.029524
7 0.992143 0.503810 0.014286 0.011429
7 0.987143 0.534762 0.021429 0.016190
7 0.986071 0.523810 0.022143 0.011429
7 0.978571 0.494762 0.015714 0.016190
7 0.973214 0.485238 0.015000 0.014286
7 0.993929 0.201905 0.012143 0.015238
7 0.988214 0.198095 0.013571 0.013333
7 0.978214 0.195238 0.009286 0.015238
5 0.960000 0.187619 0.030000 0.028571
7 0.838929 0.290476 0.019286 0.019048
7 0.820714 0.270476 0.018571 0.017143
7 0.778929 0.129048 0.015000 0.012381
7 0.850357 0.120000 0.007857 0.017143
7 0.773214 0.117143 0.013571 0.011429
7 0.629286 0.272857 0.014286 0.023810
7 0.742500 0.092857 0.012143 0.012381
1 0.886429 0.122381 0.017143 0.021905
1 0.918929 0.126667 0.020714 0.022857
1 0.829286 0.037143 0.020000 0.024762
2 0.817857 0.083333 0.032857 0.021905
1 0.811429 0.071429 0.022857 0.011429
1 0.807857 0.063333 0.031429 0.014286
1 0.802143 0.057143 0.025714 0.017143
1 0.799643 0.046190 0.030714 0.014286
1 0.795357 0.040476 0.026429 0.016190
1 0.791429 0.032381 0.028571 0.017143
1 0.784643 0.026667 0.022143 0.013333
1 0.782857 0.020000 0.024286 0.015238
1 0.780000 0.012857 0.030000 0.018095
1 0.774286 0.063333 0.031429 0.016190
1 0.770357 0.055714 0.032143 0.018095
1 0.761071 0.041905 0.029286 0.017143
1 0.764286 0.049048 0.020000 0.018095
1 0.761429 0.032381 0.030000 0.017143
1 0.757143 0.027143 0.027143 0.020000
1 0.753571 0.021429 0.025714 0.020000
1 0.751786 0.013810 0.030714 0.018095
1 0.746786 0.008571 0.029286 0.017143
1 0.706429 0.042857 0.025714 0.020952
1 0.700714 0.034286 0.025714 0.013333
1 0.699286 0.026190 0.030000 0.014286
1 0.698214 0.018571 0.026429 0.014286
