1 0.187143 0.818095 0.080000 0.120000
7 0.144286 0.777619 0.031429 0.027619
7 0.220000 0.913810 0.038571 0.063810
7 0.314286 0.772857 0.031429 0.060000
7 0.421429 0.644286 0.025714 0.061905
7 0.382143 0.554762 0.027143 0.060000
7 0.248929 0.451905 0.026429 0.044762
7 0.238929 0.451429 0.026429 0.032381
7 0.228214 0.444286 0.027857 0.040952
7 0.215714 0.431905 0.034286 0.039048
7 0.201786 0.423333 0.032143 0.048571
7 0.356071 0.402381 0.033571 0.035238
7 0.462143 0.452857 0.022857 0.042857
7 0.604286 0.431429 0.020000 0.047619
7 0.576071 0.126190 0.019286 0.052381
7 0.744286 0.191429 0.027143 0.032381
7 0.927143 0.116190 0.031429 0.043810
7 0.742143 0.449048 0.035714 0.035238
7 0.903929 0.942857 0.046429 0.041905
2 0.280000 0.662381 0.078571 0.132381
1 0.325000 0.470000 0.071429 0.128571
1 0.387857 0.335238 0.065714 0.108571
1 0.680714 0.498571 0.055714 0.109524
1 0.718929 0.365714 0.060714 0.120000
1 0.745000 0.259524 0.048571 0.098095
1 0.788929 0.091905 0.045000 0.096190
5 0.422857 0.233333 0.058571 0.059048
