0 0.247143 0.965736 0.041429 0.065990
0 0.328214 0.946066 0.036429 0.105330
0 0.369286 0.981599 0.031429 0.034264
2 0.036786 0.977157 0.073571 0.040609
2 0.031786 0.932741 0.063571 0.078680
2 0.038214 0.870558 0.076429 0.093909
1 0.040357 0.815355 0.080714 0.082487
1 0.296786 0.608503 0.057857 0.217005
1 0.336429 0.596447 0.061429 0.215736
1 0.448929 0.555203 0.066429 0.201777
1 0.616786 0.490482 0.075000 0.163706
1 0.481429 0.546320 0.065714 0.191624
0 0.533929 0.669416 0.042143 0.100254
0 0.396786 0.916878 0.037857 0.100254
0 0.680357 0.569162 0.040714 0.072335
2 0.048214 0.757614 0.096429 0.098985
2 0.051429 0.714467 0.102857 0.109137
2 0.065000 0.657360 0.130000 0.114213
2 0.731429 0.659264 0.074286 0.135787
2 0.826429 0.820431 0.098571 0.161168
2 0.566071 0.372462 0.042143 0.085025
2 0.604286 0.392766 0.047143 0.095178
0 0.645357 0.492386 0.033571 0.068528
0 0.522857 0.270939 0.022857 0.046954
0 0.506786 0.194162 0.022143 0.040609
0 0.495357 0.166878 0.016429 0.026650
0 0.476071 0.163706 0.020714 0.032995
0 0.493214 0.200508 0.020714 0.038071
2 0.457500 0.121193 0.025000 0.062183
