0 0.540357 0.728095 0.040714 0.061905
0 0.548929 0.543810 0.023571 0.030476
0 0.565000 0.515714 0.017143 0.020000
0 0.575000 0.486190 0.024286 0.027619
0 0.524286 0.582857 0.030000 0.040000
0 0.497857 0.624286 0.032857 0.044762
0 0.503929 0.570952 0.026429 0.035238
0 0.461786 0.684286 0.043571 0.052381
0 0.412857 0.759524 0.047143 0.065714
0 0.392857 0.731905 0.051429 0.063810
0 0.437143 0.659048 0.035714 0.041905
0 0.341429 0.807143 0.054286 0.077143
0 0.279643 0.892381 0.070714 0.099048
0 0.365000 0.847619 0.054286 0.081905
0 0.567500 0.472857 0.017857 0.023810
0 0.279643 0.970000 0.060714 0.060000
