0 0.451500 0.659333 0.031000 0.052000
0 0.504000 0.734000 0.038000 0.065333
2 0.455000 0.507667 0.029000 0.054000
2 0.672500 0.880667 0.159000 0.238667
0 0.574000 0.640333 0.031000 0.046000
0 0.713250 0.675000 0.078500 0.039333
2 0.489750 0.569667 0.040500 0.072667
0 0.825250 0.650667 0.064500 0.041333
0 0.830000 0.602000 0.055000 0.033333
0 0.800750 0.586333 0.048500 0.027333
0 0.793000 0.563333 0.055000 0.025333
0 0.497500 0.474000 0.015000 0.016000
2 0.516000 0.466000 0.017000 0.025333
2 0.465500 0.449667 0.019000 0.027333
0 0.446250 0.414333 0.009500 0.011333
0 0.460500 0.416667 0.010000 0.012000
0 0.484500 0.409000 0.011000 0.011333
0 0.507750 0.406667 0.022500 0.009333
0 0.449000 0.388667 0.009000 0.009333
0 0.458250 0.397000 0.009500 0.012667
0 0.475250 0.398000 0.008500 0.008000
0 0.722000 0.476000 0.036000 0.024000
0 0.735750 0.467333 0.024500 0.014667
0 0.680750 0.451667 0.015500 0.014000
0 0.629250 0.425000 0.017500 0.010000
0 0.632750 0.408667 0.013500 0.009333
0 0.544250 0.372333 0.006500 0.006000
2 0.541750 0.365000 0.004500 0.006000
2 0.484750 0.394333 0.006500 0.011333
0 0.469750 0.380667 0.006500 0.006667
0 0.475250 0.373667 0.004500 0.007333
0 0.467500 0.376000 0.005000 0.005333
0 0.466000 0.370667 0.005000 0.006667
0 0.472000 0.370667 0.004000 0.006667
2 0.452250 0.359333 0.005500 0.009333
2 0.468500 0.363333 0.006000 0.009333
2 0.466750 0.366000 0.005500 0.005333
0 0.446000 0.346667 0.008000 0.005333
0 0.445500 0.353000 0.004000 0.004667
0 0.448500 0.354667 0.004000 0.005333
