0 0.418929 0.826190 0.020714 0.025714
0 0.557143 0.838095 0.024286 0.024762
0 0.370714 0.744762 0.017143 0.019048
0 0.814286 0.621905 0.012857 0.015238
2 0.782857 0.659048 0.020000 0.020952
0 0.646429 0.757619 0.020000 0.021905
2 0.050714 0.368095 0.015714 0.020000
0 0.084286 0.397143 0.010000 0.011429
0 0.105357 0.417619 0.012143 0.012381
0 0.042857 0.326190 0.008571 0.010476
0 0.126786 0.283810 0.006429 0.009524
0 0.020357 0.270000 0.007857 0.008571
2 0.136786 0.276667 0.010714 0.014286
0 0.592857 0.822381 0.018571 0.027619
2 0.509643 0.318571 0.015000 0.012381
0 0.493929 0.265238 0.010714 0.006667
2 0.429643 0.307619 0.010714 0.017143
1 0.022857 0.224286 0.010000 0.020000
0 0.675000 0.438095 0.014286 0.007619
2 0.923571 0.536190 0.014286 0.017143
