0 0.136429 0.062381 0.051429 0.100000
0 0.200357 0.073810 0.045000 0.103810
0 0.264286 0.052857 0.048571 0.105714
0 0.328929 0.053810 0.042143 0.105714
0 0.381071 0.049524 0.042143 0.099048
0 0.483929 0.024762 0.106429 0.049524
0 0.238929 0.269048 0.060714 0.103810
0 0.176071 0.301429 0.057857 0.124762
0 0.110714 0.318571 0.057143 0.130476
0 0.717143 0.018095 0.051429 0.036190
0 0.804286 0.045714 0.105714 0.066667
0 0.946429 0.037619 0.102857 0.075238
0 0.838214 0.244762 0.093571 0.104762
0 0.948929 0.204286 0.099286 0.080952
0 0.813571 0.363810 0.087143 0.144762
0 0.677143 0.791429 0.168571 0.135238
0 0.655357 0.660000 0.156429 0.121905
0 0.605714 0.555714 0.148571 0.107619
0 0.370000 0.676667 0.072857 0.199048
0 0.263214 0.672381 0.073571 0.200000
0 0.171786 0.805238 0.085000 0.227619
0 0.070000 0.900476 0.081429 0.191429
