1 0.415357 0.755238 0.137857 0.106667
2 0.375714 0.852857 0.142857 0.130476
2 0.327500 0.937143 0.149286 0.125714
2 0.553571 0.472381 0.075714 0.072381
1 0.558571 0.441905 0.090000 0.064762
1 0.575000 0.409524 0.078571 0.053333
1 0.588214 0.383333 0.082143 0.050476
2 0.596429 0.353333 0.070000 0.051429
2 0.603214 0.331429 0.069286 0.045714
1 0.616786 0.314286 0.072143 0.047619
1 0.623571 0.293810 0.071429 0.039048
1 0.634643 0.274762 0.065000 0.033333
1 0.640714 0.256667 0.062857 0.042857
2 0.648214 0.232381 0.066429 0.047619
1 0.661429 0.211429 0.050000 0.026667
1 0.663929 0.194762 0.050714 0.025714
1 0.672143 0.189048 0.047143 0.029524
1 0.673214 0.177143 0.052143 0.026667
1 0.678929 0.163810 0.052143 0.026667
1 0.680357 0.153810 0.046429 0.027619
1 0.685357 0.146667 0.047857 0.030476
1 0.691429 0.141429 0.048571 0.035238
1 0.698929 0.120476 0.049286 0.025714
1 0.701429 0.106667 0.045714 0.022857
1 0.676429 0.091429 0.017143 0.026667
1 0.657143 0.087619 0.017143 0.026667
1 0.625714 0.106667 0.022857 0.032381
1 0.636429 0.096190 0.021429 0.022857
1 0.635000 0.080476 0.020000 0.021905
7 0.238214 0.673333 0.043571 0.059048
1 0.567857 0.259048 0.037143 0.043810
0 0.496786 0.309524 0.016429 0.020952
7 0.481429 0.342857 0.011429 0.030476
7 0.487857 0.335714 0.008571 0.031429
4 0.680714 0.427619 0.017143 0.040000
0 0.601071 0.229048 0.007857 0.027619
0 0.595714 0.179048 0.015714 0.022857
7 0.557857 0.211429 0.010000 0.020952
1 0.790357 0.152857 0.030714 0.027619
2 0.707143 0.031905 0.027143 0.020000
2 0.896786 0.197619 0.026429 0.033333
2 0.923214 0.157143 0.025000 0.028571
1 0.942500 0.229048 0.032143 0.039048
2 0.978929 0.181429 0.033571 0.039048
7 0.981786 0.262857 0.010714 0.024762
7 0.902857 0.126190 0.017143 0.012381
1 0.779286 0.029524 0.014286 0.022857
1 0.798214 0.035238 0.010714 0.020952
1 0.820000 0.034762 0.012857 0.025714
1 0.842500 0.042857 0.016429 0.019048
2 0.823571 0.017619 0.011429 0.021905
1 0.734643 0.025714 0.012143 0.017143
1 0.837500 0.007619 0.010714 0.015238
2 0.917500 0.020952 0.027857 0.017143
