0 0.349286 0.758095 0.232857 0.146667
0 0.791429 0.605238 0.188571 0.111429
0 0.920357 0.532381 0.125000 0.081905
0 0.771429 0.466190 0.130000 0.075238
0 0.924286 0.462381 0.151429 0.088571
0 0.575357 0.465238 0.139286 0.073333
0 0.186429 0.466667 0.160000 0.074286
0 0.331429 0.341905 0.114286 0.051429
0 0.519643 0.365238 0.099286 0.058095
0 0.655357 0.410000 0.119286 0.069524
2 0.382143 0.448571 0.151429 0.091429
2 0.946071 0.363810 0.107857 0.104762
1 0.906429 0.320952 0.184286 0.118095
0 0.641786 0.146667 0.027857 0.026667
0 0.646786 0.137143 0.023571 0.024762
0 0.669286 0.155238 0.030000 0.022857
0 0.707500 0.163333 0.033571 0.025714
0 0.755714 0.178095 0.035714 0.030476
0 0.930357 0.228571 0.036429 0.040000
0 0.036429 0.480952 0.072857 0.085714
