0 0.500000 0.132189 0.025052 0.084416
0 0.466858 0.193878 0.058977 0.050093
0 0.537056 0.126160 0.025052 0.089054
0 0.569415 0.106679 0.031315 0.090909
2 0.606733 0.060761 0.027662 0.121521
0 0.561065 0.252783 0.026096 0.099258
0 0.560804 0.442022 0.027662 0.112245
0 0.450678 0.546846 0.066284 0.052876
0 0.453549 0.609926 0.067850 0.056586
0 0.456681 0.673933 0.063674 0.060297
0 0.446242 0.810297 0.075157 0.062152
0 0.449896 0.892857 0.077244 0.064007
0 0.445459 0.970779 0.076722 0.056586
0 0.640136 0.929035 0.037056 0.132653
0 0.566806 0.675788 0.034447 0.134508
0 0.639092 0.675788 0.034969 0.119666
0 0.650574 0.071892 0.032881 0.089981
