0 0.292500 0.982857 0.036429 0.034286
0 0.253571 0.970000 0.070000 0.060000
0 0.332500 0.928095 0.059286 0.086667
0 0.305357 0.902381 0.066429 0.096190
0 0.280000 0.873810 0.062857 0.098095
0 0.257500 0.835714 0.059286 0.086667
0 0.229643 0.807143 0.067857 0.084762
0 0.212500 0.780952 0.062143 0.074286
0 0.188214 0.755714 0.067857 0.082857
0 0.165714 0.730952 0.061429 0.075238
0 0.146429 0.702857 0.061429 0.076190
0 0.122143 0.680476 0.064286 0.080952
0 0.101786 0.658095 0.072143 0.080000
0 0.222857 0.956667 0.055714 0.082857
0 0.205714 0.919524 0.068571 0.092381
0 0.177857 0.894762 0.072857 0.096190
0 0.154286 0.856190 0.064286 0.085714
0 0.128571 0.834286 0.062857 0.081905
0 0.107500 0.804286 0.063571 0.084762
0 0.082143 0.776190 0.065714 0.076190
0 0.057857 0.756190 0.067143 0.078095
0 0.028214 0.721429 0.056429 0.084762
0 0.289286 0.526190 0.071429 0.077143
0 0.409643 0.730952 0.095000 0.115238
0 0.373571 0.797619 0.072857 0.092381
2 0.931071 0.837143 0.137857 0.156190
0 0.851071 0.705238 0.030714 0.077143
0 0.884286 0.711905 0.034286 0.073333
2 0.117857 0.213810 0.045714 0.052381
2 0.202857 0.192857 0.078571 0.084762
0 0.072857 0.172857 0.040000 0.039048
0 0.127857 0.051905 0.041429 0.025714
0 0.397143 0.311905 0.035714 0.052381
0 0.425714 0.322857 0.030000 0.051429
0 0.448214 0.348571 0.037857 0.051429
0 0.523571 0.403333 0.037143 0.054286
0 0.598929 0.463333 0.025000 0.060000
