0 0.509643 0.803299 0.023571 0.076142
0 0.507143 0.671954 0.038571 0.059645
0 0.421429 0.555838 0.034286 0.045685
0 0.371429 0.536802 0.040000 0.030457
0 0.513214 0.526015 0.016429 0.057107
0 0.436786 0.385787 0.016429 0.043147
0 0.433571 0.304569 0.012857 0.035533
0 0.439286 0.229061 0.012857 0.034264
0 0.492143 0.399746 0.012857 0.045685
0 0.509286 0.393401 0.012857 0.040609
0 0.400000 0.456218 0.014286 0.039340
0 0.294286 0.551396 0.044286 0.029188
0 0.513214 0.335025 0.013571 0.043147
0 0.512500 0.239213 0.012143 0.034264
0 0.490714 0.211294 0.011429 0.031726
0 0.511786 0.448604 0.013571 0.046954
0 0.492500 0.303299 0.012143 0.035533
0 0.449643 0.144670 0.012143 0.027919
0 0.494286 0.039340 0.010000 0.025381
0 0.457500 0.017132 0.009286 0.019036
0 0.513214 0.285533 0.012143 0.035533
0 0.533929 0.319797 0.010714 0.043147
0 0.508929 0.202411 0.009286 0.031726
0 0.510000 0.151650 0.011429 0.031726
0 0.468929 0.033629 0.012143 0.026650
0 0.353571 0.585660 0.034286 0.031726
0 0.516429 0.972716 0.018571 0.052030
1 0.543214 0.060914 0.017857 0.073604
0 0.773214 0.574873 0.040714 0.035533
1 0.676429 0.926396 0.044286 0.144670
1 0.712857 0.927030 0.045714 0.143401
1 0.748929 0.930203 0.040714 0.137056
