0 0.779228 0.378015 0.042797 0.060297
0 0.759656 0.322356 0.038100 0.054731
0 0.776357 0.307514 0.038100 0.056586
0 0.468946 0.778757 0.026618 0.078850
0 0.309760 0.863636 0.034969 0.103896
0 0.158664 0.729128 0.032359 0.098330
0 0.179019 0.943878 0.039666 0.110390
0 0.140919 0.952690 0.042797 0.092764
0 0.236430 0.443878 0.027140 0.065863
0 0.178758 0.373840 0.036013 0.051948
0 0.213466 0.192022 0.040710 0.040816
0 0.277140 0.172078 0.021921 0.041744
0 0.260699 0.094156 0.022443 0.047310
0 0.758612 0.575139 0.037056 0.040816
0 0.721294 0.364100 0.018789 0.045455
0 0.809760 0.765306 0.044363 0.066790
