1 0.080357 0.222381 0.116429 0.073333
7 0.027143 0.325714 0.042857 0.041905
7 0.013571 0.357619 0.027143 0.027619
0 0.278929 0.219048 0.016429 0.051429
2 0.238929 0.204286 0.062143 0.124762
2 0.812857 0.840476 0.084286 0.193333
1 0.566071 0.942857 0.166429 0.114286
7 0.241071 0.737143 0.052143 0.055238
0 0.215714 0.740952 0.027143 0.070476
1 0.438571 0.581429 0.070000 0.172381
7 0.907500 0.501429 0.047857 0.061905
1 0.776429 0.384762 0.067143 0.148571
0 0.670000 0.332381 0.021429 0.047619
1 0.327143 0.299524 0.092857 0.111429
2 0.203214 0.346190 0.069286 0.130476
1 0.340714 0.220000 0.097143 0.116190
1 0.364286 0.144286 0.105714 0.090476
7 0.408929 0.240000 0.019286 0.051429
1 0.485714 0.233333 0.055714 0.114286
1 0.597143 0.039524 0.090000 0.073333
4 0.462857 0.030476 0.032857 0.060952
1 0.384286 0.031429 0.087143 0.060952
