0 0.910714 0.710476 0.032857 0.034286
0 0.617857 0.776190 0.031429 0.057143
0 0.493214 0.723333 0.039286 0.037143
0 0.534643 0.587619 0.015000 0.009524
0 0.564643 0.590476 0.020714 0.011429
0 0.603571 0.586667 0.015714 0.009524
0 0.594643 0.578095 0.009286 0.007619
0 0.631786 0.585238 0.010714 0.008571
0 0.638929 0.581905 0.010714 0.009524
0 0.651786 0.578571 0.009286 0.008571
0 0.642857 0.578095 0.008571 0.009524
0 0.644286 0.570952 0.014286 0.006667
0 0.647500 0.568571 0.010714 0.007619
0 0.665714 0.571429 0.007143 0.007619
0 0.676429 0.564762 0.007143 0.007619
0 0.694643 0.567619 0.006429 0.005714
0 0.646429 0.701905 0.028571 0.030476
0 0.666786 0.670952 0.022143 0.025714
0 0.677143 0.652857 0.020000 0.021905
0 0.724286 0.556190 0.005714 0.005714
0 0.711429 0.555714 0.004286 0.004762
0 0.729286 0.543333 0.002857 0.002857
0 0.732143 0.541905 0.002857 0.001905
0 0.925714 0.964762 0.074286 0.070476
0 0.780357 0.618095 0.012143 0.013333
0 0.778214 0.610476 0.012143 0.011429
0 0.754286 0.604286 0.011429 0.012381
0 0.767857 0.584286 0.008571 0.008571
0 0.784643 0.577143 0.006429 0.007619
0 0.811429 0.580000 0.007143 0.007619
0 0.780357 0.571905 0.006429 0.006667
0 0.778571 0.567619 0.005714 0.005714
0 0.777143 0.566667 0.005714 0.007619
0 0.773214 0.561905 0.005000 0.005714
0 0.763929 0.571429 0.005000 0.005714
0 0.765000 0.565714 0.005714 0.005714
0 0.761429 0.561905 0.004286 0.005714
0 0.761786 0.557619 0.005000 0.004762
0 0.770714 0.559048 0.004286 0.003810
0 0.770714 0.556667 0.004286 0.002857
0 0.769643 0.554762 0.003571 0.002857
0 0.768929 0.553333 0.003571 0.003810
0 0.767500 0.551429 0.003571 0.003810
0 0.759643 0.550000 0.003571 0.002857
0 0.776786 0.553333 0.003571 0.003810
0 0.765714 0.547619 0.002857 0.003810
0 0.758214 0.548095 0.003571 0.002857
0 0.760000 0.546190 0.002857 0.002857
0 0.753929 0.544762 0.002143 0.001905
0 0.753214 0.543333 0.002143 0.002857
0 0.763571 0.544762 0.002857 0.001905
2 0.768571 0.571905 0.008571 0.014286
0 0.793929 0.555714 0.007857 0.004762
0 0.789286 0.554762 0.008571 0.004762
