3 0.472857 0.543333 0.021429 0.050476
3 0.474643 0.455714 0.016429 0.031429
3 0.189286 0.547143 0.074286 0.141905
3 0.163214 0.714286 0.090714 0.177143
3 0.095357 0.910000 0.100714 0.174286
3 0.426071 0.279048 0.019286 0.045714
3 0.435357 0.244762 0.015000 0.032381
3 0.046786 0.556667 0.063571 0.035238
3 0.031786 0.607143 0.063571 0.035238
3 0.296786 0.300476 0.013571 0.029524
3 0.326071 0.255714 0.015000 0.035238
6 0.231071 0.424286 0.037857 0.067619
1 0.827857 0.256667 0.010000 0.008571
1 0.892857 0.396667 0.017143 0.018095
6 0.938929 0.312381 0.023571 0.026667
7 0.865357 0.393333 0.005000 0.009524
1 0.693214 0.716190 0.036429 0.064762
1 0.699286 0.647619 0.030000 0.040000
7 0.594643 0.775238 0.010714 0.024762
7 0.582857 0.732857 0.010000 0.023810
1 0.417500 0.196667 0.006429 0.006667
1 0.352143 0.194286 0.005714 0.007619
1 0.341429 0.198095 0.005714 0.007619
1 0.326071 0.228095 0.006429 0.008571
2 0.340357 0.221429 0.006429 0.012381
2 0.375000 0.120952 0.004286 0.007619
2 0.404643 0.171429 0.005000 0.007619
3 0.408214 0.185714 0.009286 0.020952
3 0.420000 0.227143 0.011429 0.029524
3 0.400714 0.144762 0.005714 0.011429
1 0.392857 0.129048 0.004286 0.004762
3 0.355000 0.100476 0.007143 0.008571
3 0.298929 0.143333 0.010714 0.006667
1 0.158214 0.661429 0.035000 0.050476
7 0.512857 0.474762 0.005714 0.008571
3 0.436429 0.338571 0.015714 0.039048
1 0.447857 0.304762 0.010000 0.013333
3 0.577500 0.199524 0.007857 0.008571
3 0.021786 0.152381 0.016429 0.015238
3 0.115714 0.404286 0.032857 0.018095
1 0.128929 0.381429 0.026429 0.016190
1 0.144643 0.365238 0.019286 0.016190
1 0.185357 0.303810 0.020714 0.011429
3 0.168571 0.311905 0.022857 0.012381
1 0.160000 0.275714 0.011429 0.012381
1 0.086786 0.360952 0.029286 0.011429
1 0.095000 0.350476 0.022857 0.011429
1 0.206429 0.285238 0.021429 0.010476
1 0.209643 0.280952 0.019286 0.009524
1 0.195000 0.290000 0.018571 0.010476
1 0.177143 0.273810 0.010000 0.010476
4 0.075357 0.468095 0.015000 0.014286
2 0.080000 0.834762 0.042857 0.071429
1 0.262857 0.441429 0.012857 0.023810
1 0.162857 0.317619 0.020000 0.012381
