2 0.226429 0.882857 0.152857 0.135238
1 0.181429 0.568571 0.082857 0.036190
1 0.187143 0.519048 0.070000 0.032381
1 0.095714 0.510000 0.077143 0.035238
1 0.212143 0.494762 0.067143 0.033333
1 0.300714 0.487619 0.058571 0.030476
1 0.021071 0.452381 0.042143 0.026667
1 0.093929 0.448571 0.057857 0.028571
1 0.171786 0.439524 0.050714 0.027619
1 0.283929 0.438095 0.052143 0.026667
1 0.264643 0.431429 0.047857 0.026667
1 0.334643 0.423333 0.049286 0.025714
1 0.399286 0.420476 0.045714 0.025714
2 0.171786 0.383810 0.020714 0.019048
1 0.199286 0.378571 0.021429 0.020000
1 0.223214 0.380000 0.025000 0.019048
1 0.258929 0.375714 0.017857 0.018095
1 0.291786 0.342381 0.022143 0.018095
2 0.359286 0.327619 0.017143 0.013333
1 0.412857 0.292857 0.012857 0.012381
1 0.461429 0.286190 0.025714 0.010476
1 0.440714 0.243333 0.014286 0.006667
1 0.482500 0.280000 0.019286 0.013333
2 0.456071 0.253810 0.010714 0.008571
1 0.458214 0.244762 0.015000 0.007619
6 0.537500 0.286190 0.033571 0.020000
1 0.522143 0.273810 0.018571 0.010476
1 0.519286 0.270476 0.018571 0.009524
1 0.513929 0.266667 0.019286 0.009524
2 0.462500 0.412381 0.042143 0.028571
2 0.515000 0.408571 0.038571 0.022857
1 0.569286 0.403333 0.040000 0.023810
1 0.779286 0.572857 0.065714 0.054286
1 0.866429 0.528571 0.055714 0.040000
6 0.816429 0.473810 0.075714 0.054286
1 0.945714 0.486190 0.048571 0.037143
1 0.988214 0.466667 0.023571 0.047619
6 0.688571 0.333333 0.051429 0.041905
7 0.628571 0.397143 0.008571 0.019048
7 0.675714 0.372857 0.011429 0.016190
1 0.646071 0.675238 0.087857 0.076190
1 0.345357 0.729524 0.133571 0.091429
