1 0.033571 0.278571 0.061429 0.086667
1 0.313929 0.355238 0.047857 0.087619
1 0.152857 0.533333 0.068571 0.125714
1 0.198571 0.540952 0.068571 0.116190
2 0.239286 0.553333 0.067143 0.102857
1 0.290000 0.561905 0.064286 0.110476
3 0.345357 0.593333 0.093571 0.167619
1 0.057500 0.496190 0.080714 0.116190
1 0.025357 0.474762 0.050714 0.098095
2 0.623214 0.646667 0.056429 0.123810
7 0.663929 0.622381 0.020714 0.050476
1 0.698929 0.672381 0.047857 0.112381
7 0.747857 0.629524 0.037143 0.045714
7 0.748214 0.679524 0.025000 0.033333
7 0.771429 0.667143 0.010000 0.042857
