0 0.582500 0.301396 0.019286 0.026650
0 0.472857 0.332487 0.015714 0.030457
0 0.349286 0.139594 0.015714 0.015228
2 0.653929 0.186548 0.037857 0.030457
2 0.615000 0.152284 0.032857 0.020305
2 0.618214 0.147208 0.033571 0.025381
2 0.621429 0.143401 0.032857 0.027919
2 0.631429 0.136421 0.031429 0.026650
2 0.639286 0.131345 0.030000 0.024112
1 0.638571 0.123096 0.022857 0.017766
2 0.928214 0.220178 0.047857 0.034264
2 0.975000 0.230964 0.047143 0.040609
0 0.449643 0.624365 0.023571 0.043147
0 0.309643 0.555838 0.025000 0.040609
0 0.227143 0.388959 0.021429 0.031726
0 0.124286 0.379442 0.021429 0.025381
0 0.143214 0.211929 0.012143 0.015228
0 0.033571 0.043782 0.007143 0.011421
0 0.595357 0.038706 0.009286 0.013959
0 0.536429 0.039340 0.007143 0.010152
0 0.647500 0.048858 0.007857 0.011421
0 0.656786 0.009518 0.007857 0.008883
