1 0.438214 0.794286 0.035000 0.095238
1 0.495357 0.911429 0.036429 0.118095
1 0.427143 0.642381 0.028571 0.075238
1 0.411429 0.524762 0.024286 0.059048
1 0.404286 0.462381 0.021429 0.044762
1 0.402857 0.133333 0.021429 0.028571
1 0.259286 0.137143 0.035714 0.015238
1 0.253214 0.128571 0.035000 0.017143
1 0.256786 0.116667 0.035000 0.018095
1 0.258214 0.106190 0.033571 0.014286
1 0.258929 0.102381 0.029286 0.016190
1 0.257143 0.096190 0.025714 0.015238
1 0.266786 0.087143 0.032143 0.020000
1 0.260000 0.075238 0.025714 0.015238
1 0.263571 0.068571 0.032857 0.019048
1 0.262143 0.059048 0.028571 0.015238
1 0.259643 0.050000 0.023571 0.012381
1 0.263571 0.043333 0.028571 0.018095
1 0.260714 0.034286 0.028571 0.017143
1 0.261786 0.025714 0.029286 0.019048
1 0.267500 0.020000 0.029286 0.019048
1 0.266429 0.011429 0.030000 0.017143
1 0.269286 0.005238 0.024286 0.008571
1 0.164286 0.077619 0.021429 0.025714
1 0.146786 0.093810 0.027857 0.020000
1 0.112500 0.118095 0.027857 0.024762
1 0.183929 0.150952 0.015000 0.027619
1 0.140000 0.152857 0.012857 0.027619
0 0.187857 0.004762 0.012857 0.009524
7 0.180357 0.029524 0.010714 0.007619
7 0.178214 0.045238 0.009286 0.006667
7 0.181429 0.022381 0.010000 0.006667
2 0.206786 0.145238 0.015000 0.033333
1 0.161786 0.151905 0.016429 0.025714
1 0.135714 0.105238 0.031429 0.021905
2 0.332143 0.044286 0.011429 0.021905
1 0.355714 0.068571 0.011429 0.020952
1 0.360000 0.118571 0.014286 0.027619
1 0.358214 0.092381 0.013571 0.024762
7 0.316071 0.131905 0.005000 0.018095
1 0.312500 0.241429 0.046429 0.023810
1 0.223929 0.260952 0.049286 0.022857
1 0.122143 0.271905 0.051429 0.023810
1 0.027500 0.262857 0.049286 0.026667
1 0.131071 0.315714 0.059286 0.025714
1 0.061071 0.376190 0.046429 0.026667
1 0.252143 0.447619 0.054286 0.038095
1 0.271429 0.488571 0.054286 0.041905
1 0.256786 0.513810 0.060714 0.052381
7 0.308571 0.440476 0.011429 0.023810
1 0.252857 0.622381 0.054286 0.048571
1 0.249286 0.705238 0.057143 0.079048
7 0.296429 0.605714 0.018571 0.013333
7 0.298929 0.744762 0.022143 0.015238
1 0.265714 0.848095 0.055714 0.088571
1 0.266071 0.955238 0.065000 0.089524
1 0.393571 0.018571 0.012857 0.020000
1 0.392143 0.007619 0.011429 0.013333
1 0.492143 0.012381 0.008571 0.011429
2 0.564643 0.127619 0.033571 0.024762
1 0.558929 0.220952 0.043571 0.022857
1 0.620357 0.110476 0.020714 0.015238
7 0.603571 0.150476 0.010000 0.013333
1 0.586786 0.068571 0.027857 0.015238
1 0.622857 0.323333 0.044286 0.025714
1 0.656429 0.373810 0.051429 0.031429
7 0.704643 0.321429 0.015000 0.010476
0 0.585714 0.372857 0.005714 0.021905
7 0.592857 0.900952 0.022857 0.015238
7 0.599643 0.926190 0.027857 0.021905
7 0.575000 0.973810 0.028571 0.025714
7 0.570357 0.816667 0.026429 0.018095
7 0.565357 0.794762 0.025000 0.018095
2 0.782143 0.140476 0.027143 0.027619
1 0.813571 0.304286 0.040000 0.025714
7 0.834643 0.441905 0.017857 0.017143
7 0.823929 0.459048 0.017857 0.013333
7 0.826786 0.471905 0.015000 0.012381
1 0.703571 0.622857 0.048571 0.068571
1 0.734643 0.588095 0.050714 0.058095
1 0.860357 0.299048 0.040714 0.024762
2 0.851786 0.147143 0.033571 0.021905
1 0.850000 0.140476 0.028571 0.018095
1 0.867143 0.132381 0.022857 0.019048
1 0.887143 0.133810 0.017143 0.018095
1 0.954286 0.129048 0.040000 0.025714
2 0.850357 0.032381 0.012143 0.020952
