1 0.027857 0.839048 0.055714 0.066667
1 0.055714 0.715238 0.072857 0.040000
1 0.188929 0.667143 0.047857 0.035238
1 0.120357 0.691905 0.060714 0.033333
3 0.244643 0.637619 0.046429 0.042857
1 0.095000 0.550952 0.030000 0.012381
1 0.268929 0.565714 0.019286 0.011429
1 0.331786 0.568571 0.020714 0.011429
1 0.354286 0.570476 0.020000 0.009524
1 0.385357 0.564286 0.010714 0.006667
1 0.395714 0.564762 0.010000 0.007619
1 0.285714 0.630952 0.032857 0.025714
1 0.319286 0.618571 0.030000 0.021905
1 0.347500 0.610000 0.023571 0.020000
5 0.420714 0.635238 0.021429 0.022857
5 0.422500 0.610000 0.016429 0.016190
0 0.242500 0.698571 0.013571 0.023810
0 0.249643 0.696667 0.013571 0.023810
0 0.253929 0.691905 0.013571 0.023810
0 0.257500 0.690952 0.013571 0.023810
0 0.262500 0.688095 0.013571 0.023810
0 0.268214 0.686190 0.013571 0.023810
0 0.274643 0.683333 0.013571 0.023810
0 0.281071 0.681429 0.013571 0.023810
0 0.286786 0.680476 0.013571 0.023810
0 0.289643 0.677619 0.013571 0.023810
0 0.293929 0.674286 0.012143 0.019048
0 0.311071 0.664286 0.012143 0.020000
0 0.323214 0.659048 0.012143 0.019048
0 0.333571 0.653810 0.011429 0.020000
0 0.338214 0.652857 0.012143 0.020000
0 0.343929 0.648571 0.012143 0.019048
0 0.362500 0.640476 0.012143 0.020000
1 0.371429 0.600476 0.021429 0.018095
1 0.390357 0.593810 0.017857 0.016190
1 0.418571 0.585714 0.015714 0.013333
3 0.406786 0.587619 0.017857 0.017143
1 0.446071 0.582857 0.015000 0.007619
1 0.458929 0.570952 0.012143 0.010476
1 0.468214 0.565714 0.012143 0.009524
1 0.474643 0.562381 0.010714 0.008571
1 0.479643 0.559524 0.010714 0.006667
1 0.504286 0.564762 0.010000 0.009524
2 0.505357 0.556190 0.007857 0.009524
1 0.492857 0.563810 0.010000 0.009524
1 0.490714 0.558095 0.010000 0.007619
1 0.467857 0.553810 0.011429 0.008571
2 0.465714 0.551905 0.014286 0.010476
3 0.484643 0.549524 0.012143 0.009524
1 0.508214 0.549048 0.013571 0.008571
2 0.556786 0.543810 0.009286 0.009524
1 0.556071 0.532857 0.005000 0.004762
1 0.577857 0.578571 0.022857 0.014286
1 0.612857 0.580476 0.022857 0.012381
1 0.633214 0.576667 0.007857 0.010476
