0 0.499000 0.037000 0.006000 0.010000
0 0.603500 0.065000 0.008000 0.010000
0 0.581250 0.085667 0.015500 0.012667
0 0.478750 0.115667 0.007500 0.014000
0 0.478250 0.128667 0.008500 0.014667
0 0.477250 0.141000 0.010500 0.016667
0 0.627750 0.155667 0.010500 0.014000
0 0.474250 0.185333 0.010500 0.018667
0 0.471250 0.197667 0.009500 0.018000
0 0.471500 0.212333 0.011000 0.019333
0 0.466250 0.271667 0.011500 0.018000
2 0.464500 0.359000 0.026000 0.038000
0 0.456500 0.391000 0.018000 0.038000
0 0.454750 0.430667 0.017500 0.037333
0 0.455000 0.507000 0.041000 0.042000
0 0.441500 0.642333 0.041000 0.055333
0 0.437500 0.695333 0.040000 0.065333
0 0.434000 0.752000 0.049000 0.065333
0 0.426000 0.843333 0.053000 0.085333
0 0.419750 0.949333 0.063500 0.086667
0 0.830750 0.739333 0.043500 0.077333
0 0.920250 0.978667 0.046500 0.041333
0 0.578000 0.788000 0.028000 0.073333
0 0.552000 0.555000 0.034000 0.038000
0 0.743750 0.497000 0.028500 0.043333
0 0.546750 0.491000 0.028500 0.044667
0 0.543000 0.451333 0.033000 0.037333
0 0.544750 0.427333 0.029500 0.037333
2 0.543000 0.329333 0.017000 0.041333
0 0.535750 0.274333 0.011500 0.022000
0 0.534000 0.254000 0.011000 0.020000
0 0.573000 0.238000 0.025000 0.016000
2 0.621250 0.247667 0.019500 0.040667
0 0.630250 0.236000 0.022500 0.021333
0 0.621000 0.220000 0.027000 0.016000
0 0.680750 0.247000 0.015500 0.023333
