2 0.047857 0.304762 0.095714 0.102857
2 0.217500 0.327619 0.139286 0.100952
5 0.369643 0.356667 0.123571 0.079048
0 0.249286 0.430000 0.054286 0.040952
7 0.444286 0.294286 0.047143 0.040000
5 0.796071 0.020952 0.062143 0.040000
5 0.655357 0.430952 0.035000 0.088571
5 0.705357 0.546667 0.125000 0.205714
5 0.739286 0.893333 0.182857 0.211429
3 0.486429 0.523810 0.080000 0.260952
5 0.796071 0.470952 0.082143 0.073333
5 0.762857 0.392381 0.151429 0.100952
5 0.838929 0.403810 0.056429 0.064762
5 0.937500 0.485238 0.049286 0.071429
2 0.681786 0.301429 0.106429 0.090476
