0 0.087944 0.314007 0.034969 0.076994
0 0.117432 0.311224 0.031315 0.071429
0 0.149530 0.312152 0.031837 0.075139
0 0.176670 0.314007 0.033925 0.076994
0 0.232255 0.327922 0.036534 0.073284
0 0.260960 0.336271 0.031315 0.075139
0 0.288361 0.337199 0.031837 0.073284
0 0.317328 0.345083 0.031315 0.077922
0 0.348643 0.346939 0.029228 0.070501
0 0.402662 0.358998 0.028706 0.076067
0 0.429802 0.357143 0.023486 0.081633
0 0.456681 0.360853 0.024008 0.074212
0 0.639875 0.398423 0.025052 0.080705
0 0.680324 0.447124 0.053758 0.044527
0 0.688152 0.495826 0.058977 0.043599
0 0.703027 0.538961 0.063674 0.048237
0 0.607777 0.511596 0.058977 0.052876
2 0.736952 0.587662 0.078288 0.073284
0 0.821242 0.581633 0.069415 0.053803
0 0.498956 0.488868 0.059499 0.048237
0 0.384395 0.474026 0.062109 0.046382
0 0.371868 0.557514 0.058977 0.051948
0 0.261221 0.532004 0.061065 0.051020
0 0.174322 0.434137 0.056367 0.044527
2 0.148486 0.506030 0.076722 0.065863
0 0.063674 0.415584 0.061587 0.048237
0 0.036013 0.493970 0.061587 0.051020
