2 0.617250 0.592333 0.042500 0.080667
0 0.565500 0.700667 0.037000 0.077333
0 0.553500 0.647667 0.034000 0.064667
0 0.589750 0.490333 0.023500 0.030000
0 0.599250 0.524667 0.026500 0.034667
0 0.556250 0.546333 0.028500 0.035333
0 0.524750 0.592000 0.057500 0.036000
0 0.514250 0.572333 0.062500 0.035333
0 0.508500 0.551000 0.054000 0.030000
0 0.512250 0.534000 0.054500 0.032000
0 0.506750 0.513000 0.049500 0.026000
0 0.505500 0.498000 0.051000 0.026667
0 0.499500 0.484333 0.047000 0.024667
0 0.500750 0.472667 0.045500 0.024000
0 0.501250 0.457667 0.045500 0.024667
0 0.503500 0.448667 0.042000 0.021333
0 0.505250 0.438000 0.042500 0.021333
0 0.456250 0.372000 0.015500 0.020000
0 0.499250 0.301333 0.025500 0.016000
0 0.498500 0.298667 0.025000 0.014667
0 0.500750 0.293667 0.024500 0.015333
0 0.496000 0.282667 0.024000 0.013333
0 0.496000 0.279333 0.024000 0.012000
0 0.494000 0.275667 0.022000 0.011333
0 0.530250 0.247000 0.009500 0.012667
0 0.524750 0.236333 0.009500 0.011333
0 0.522750 0.232333 0.008500 0.008667
0 0.499000 0.237333 0.007000 0.009333
0 0.497000 0.233000 0.007000 0.010000
0 0.505750 0.214667 0.008500 0.009333
0 0.503500 0.211667 0.008000 0.008667
0 0.485750 0.225000 0.015500 0.010000
0 0.483500 0.221667 0.017000 0.011333
0 0.486500 0.214667 0.007000 0.009333
0 0.482250 0.212000 0.006500 0.008000
0 0.477250 0.206333 0.006500 0.007333
0 0.473750 0.203000 0.005500 0.007333
0 0.470000 0.200333 0.005000 0.006000
0 0.493000 0.203667 0.008000 0.007333
0 0.489000 0.201000 0.007000 0.007333
0 0.481000 0.192000 0.011000 0.006667
0 0.478000 0.177000 0.010000 0.006000
