1 0.407750 0.866000 0.120500 0.268000
2 0.692750 0.533667 0.138500 0.092667
7 0.676250 0.691000 0.035500 0.076667
7 0.662250 0.638667 0.056500 0.064000
0 0.676500 0.604667 0.045000 0.041333
0 0.626250 0.508333 0.013500 0.043333
7 0.611250 0.514667 0.018500 0.048000
7 0.594250 0.517000 0.022500 0.046000
0 0.262500 0.682667 0.024000 0.078667
0 0.304250 0.577667 0.026500 0.051333
7 0.334250 0.558667 0.020500 0.057333
7 0.359250 0.563667 0.021500 0.063333
7 0.348500 0.526667 0.018000 0.048000
7 0.375500 0.511667 0.024000 0.048667
0 0.470250 0.480667 0.015500 0.042667
4 0.422250 0.455333 0.030500 0.061333
0 0.386250 0.420667 0.025500 0.028000
0 0.490750 0.360000 0.007500 0.025333
7 0.437500 0.349667 0.005000 0.020667
1 0.474250 0.287333 0.015500 0.017333
7 0.655000 0.500667 0.034000 0.042667
0 0.521250 0.313000 0.004500 0.011333
7 0.507000 0.287000 0.003000 0.012667
2 0.525750 0.278333 0.014500 0.012667
2 0.516750 0.275333 0.035500 0.021333
1 0.466500 0.264667 0.022000 0.014667
