0 0.262143 0.978426 0.031429 0.040609
0 0.472857 0.778553 0.025714 0.087563
0 0.524286 0.704315 0.028571 0.086294
0 0.343214 0.657360 0.025000 0.068528
0 0.301429 0.687183 0.024286 0.067259
0 0.388929 0.413071 0.017857 0.052030
0 0.364643 0.373096 0.017857 0.050761
0 0.362857 0.270939 0.018571 0.039340
0 0.351071 0.196701 0.017857 0.032995
0 0.374286 0.174492 0.014286 0.031726
0 0.399643 0.140228 0.015000 0.029188
0 0.482143 0.185914 0.015714 0.041878
1 0.358214 0.071066 0.023571 0.071066
0 0.400357 0.060914 0.013571 0.030457
1 0.760357 0.324873 0.079286 0.071066
1 0.703214 0.115482 0.049286 0.088832
1 0.965000 0.483503 0.070000 0.068528
1 0.971429 0.429569 0.057143 0.049492
1 0.951429 0.397208 0.087143 0.055838
1 0.934643 0.359772 0.083571 0.052030
1 0.934643 0.315990 0.076429 0.060914
1 0.852500 0.315990 0.069286 0.068528
1 0.854286 0.240482 0.071429 0.052030
1 0.895714 0.211929 0.077143 0.058376
1 0.871786 0.190990 0.076429 0.057107
1 0.886786 0.164340 0.073571 0.052030
1 0.870000 0.137056 0.061429 0.050761
1 0.861071 0.117386 0.072143 0.067259
0 0.552500 0.032995 0.020714 0.025381
0 0.870714 0.029822 0.017143 0.031726
