1 0.186429 0.239048 0.037143 0.076190
1 0.122500 0.347619 0.039286 0.085714
1 0.776786 0.623810 0.059286 0.116190
1 0.728929 0.628571 0.063571 0.116190
1 0.663214 0.045238 0.035000 0.054286
1 0.721786 0.193810 0.040714 0.065714
1 0.305000 0.178095 0.031429 0.070476
1 0.049643 0.400476 0.089286 0.058095
1 0.078929 0.147143 0.069286 0.039048
6 0.749286 0.356667 0.124286 0.237143
6 0.919286 0.808095 0.160000 0.376190
6 0.307143 0.904286 0.072857 0.187619
1 0.836429 0.434762 0.052857 0.084762
1 0.776429 0.322857 0.045714 0.076190
1 0.067857 0.276667 0.072857 0.035238
1 0.069643 0.245714 0.070714 0.040000
1 0.077500 0.118571 0.072143 0.039048
1 0.068929 0.215238 0.077857 0.041905
1 0.216786 0.357619 0.036429 0.086667
2 0.195714 0.472857 0.050000 0.105714
2 0.176071 0.600952 0.043571 0.120000
1 0.057857 0.316667 0.080000 0.060000
1 0.102500 0.056667 0.057857 0.040952
2 0.620000 0.199524 0.044286 0.079048
2 0.698214 0.401429 0.050714 0.088571
1 0.905357 0.018095 0.056429 0.036190
1 0.978214 0.378095 0.043571 0.045714
1 0.989643 0.424762 0.020714 0.045714
1 0.966429 0.338095 0.067143 0.040000
1 0.712857 0.019524 0.050000 0.039048
1 0.022500 0.959048 0.045000 0.064762
1 0.031071 0.869048 0.062143 0.075238
2 0.037143 0.605238 0.074286 0.050476
2 0.027143 0.804286 0.054286 0.061905
1 0.042500 0.544286 0.085000 0.058095
1 0.041786 0.492857 0.083571 0.060000
1 0.242500 0.154286 0.030714 0.066667
1 0.237857 0.090476 0.027143 0.062857
2 0.234643 0.027143 0.032143 0.054286
1 0.772857 0.012857 0.034286 0.025714
1 0.972857 0.008571 0.054286 0.017143
7 0.762857 0.186190 0.018571 0.031429
7 0.856071 0.572381 0.026429 0.036190
0 0.170000 0.971905 0.025714 0.050476
0 0.023929 0.673810 0.045000 0.025714
5 0.042500 0.744762 0.057857 0.053333
