0 0.660357 0.604762 0.073571 0.060952
0 0.781071 0.635238 0.105000 0.066667
0 0.488214 0.560476 0.052143 0.048571
0 0.434643 0.562857 0.045000 0.047619
0 0.474286 0.492381 0.034286 0.030476
0 0.478214 0.467619 0.030714 0.026667
0 0.365000 0.421905 0.018571 0.019048
0 0.344286 0.400000 0.012857 0.013333
0 0.318214 0.427619 0.016429 0.017143
0 0.331429 0.441429 0.018571 0.020000
0 0.353214 0.468571 0.023571 0.024762
0 0.370357 0.485714 0.023571 0.030476
0 0.386786 0.506190 0.025000 0.033333
0 0.409643 0.526190 0.037857 0.037143
0 0.399643 0.479048 0.026429 0.028571
0 0.421071 0.496190 0.035000 0.040000
0 0.954643 0.795238 0.090714 0.110476
