0 0.132500 0.602333 0.179000 0.122000
0 0.122250 0.403667 0.133500 0.092667
0 0.125500 0.352667 0.121000 0.085333
0 0.111500 0.249000 0.099000 0.056667
0 0.106250 0.226000 0.074500 0.050667
0 0.240500 0.157667 0.034000 0.051333
0 0.370500 0.197000 0.083000 0.046000
0 0.328500 0.082333 0.044000 0.034000
0 0.139500 0.193333 0.085000 0.048000
0 0.093250 0.189000 0.080500 0.050000
0 0.099750 0.148000 0.070500 0.037333
0 0.065500 0.171667 0.063000 0.036667
0 0.063250 0.166333 0.065500 0.031333
0 0.080000 0.138333 0.069000 0.039333
0 0.121750 0.075000 0.044500 0.027333
0 0.047000 0.067000 0.046000 0.028667
0 0.014500 0.060667 0.029000 0.026667
0 0.111250 0.033333 0.035500 0.021333
0 0.146750 0.035667 0.032500 0.022000
0 0.178500 0.038000 0.036000 0.025333
0 0.611000 0.033667 0.036000 0.019333
0 0.666000 0.028000 0.033000 0.020000
0 0.670750 0.022667 0.032500 0.017333
0 0.614500 0.019000 0.032000 0.016667
0 0.863000 0.284333 0.092000 0.055333
0 0.886750 0.034667 0.023500 0.021333
0 0.895250 0.019333 0.021500 0.017333
0 0.841750 0.489667 0.147500 0.092667
0 0.526000 0.836000 0.221000 0.200000
