2 0.693250 0.811333 0.202500 0.144000
2 0.663750 0.665667 0.208500 0.143333
2 0.663500 0.568667 0.154000 0.116000
2 0.664000 0.480000 0.129000 0.101333
2 0.656250 0.398667 0.128500 0.101333
2 0.643250 0.331000 0.137500 0.086000
2 0.738000 0.960667 0.229000 0.078667
2 0.080000 0.923000 0.160000 0.144667
2 0.214250 0.509333 0.257500 0.186667
2 0.241000 0.420333 0.215000 0.154000
2 0.248500 0.367667 0.138000 0.086000
1 0.616250 0.278667 0.120500 0.072000
1 0.287750 0.260000 0.131500 0.068000
1 0.302250 0.203333 0.131500 0.068000
1 0.308750 0.158000 0.114500 0.064000
1 0.322250 0.117667 0.113500 0.056667
1 0.336750 0.077333 0.113500 0.056000
2 0.620000 0.215667 0.112000 0.090000
2 0.624750 0.171333 0.108500 0.078667
1 0.494500 0.100000 0.061000 0.082667
1 0.607000 0.095333 0.109000 0.056000
1 0.605000 0.061667 0.098000 0.059333
1 0.601500 0.030667 0.083000 0.049333
2 0.344750 0.025667 0.096500 0.051333
