3 0.280357 0.894762 0.067857 0.048571
3 0.269643 0.528571 0.030714 0.083810
3 0.296071 0.550000 0.016429 0.044762
3 0.348929 0.457143 0.026429 0.057143
3 0.311786 0.448095 0.025000 0.060000
3 0.326429 0.346190 0.025714 0.082857
3 0.257143 0.599524 0.022857 0.050476
3 0.240000 0.572381 0.018571 0.043810
3 0.293929 0.412381 0.029286 0.089524
3 0.340714 0.307143 0.014286 0.023810
3 0.519286 0.397143 0.040000 0.019048
3 0.449643 0.436667 0.025000 0.012381
3 0.451786 0.415714 0.020714 0.014286
3 0.377143 0.156190 0.008571 0.019048
3 0.324286 0.251905 0.010000 0.020000
1 0.154286 0.555714 0.024286 0.029524
1 0.136071 0.574762 0.025000 0.021905
1 0.221071 0.663810 0.020714 0.043810
1 0.232143 0.617143 0.015714 0.038095
1 0.304643 0.505714 0.013571 0.032381
1 0.284643 0.473810 0.013571 0.031429
1 0.507857 0.572857 0.025714 0.031429
1 0.589643 0.542857 0.015000 0.036190
1 0.606071 0.544286 0.012143 0.039048
1 0.556071 0.537619 0.010714 0.031429
1 0.541786 0.537619 0.012143 0.029524
2 0.248929 0.657143 0.017857 0.038095
6 0.281786 0.614286 0.027857 0.081905
1 0.361071 0.201905 0.007857 0.011429
1 0.329643 0.240000 0.009286 0.013333
1 0.342143 0.204286 0.005714 0.010476
1 0.338929 0.217143 0.007857 0.013333
1 0.361071 0.163333 0.005000 0.010476
1 0.348571 0.196667 0.008571 0.010476
1 0.348929 0.187619 0.006429 0.011429
1 0.363571 0.157619 0.007143 0.008571
1 0.375357 0.130476 0.005000 0.009524
1 0.372143 0.138095 0.005714 0.007619
1 0.396429 0.112381 0.004286 0.007619
1 0.384643 0.109524 0.005000 0.005714
1 0.379643 0.120476 0.005000 0.006667
1 0.357143 0.172381 0.007143 0.009524
6 0.423571 0.087143 0.007143 0.012381
4 0.388571 0.159524 0.004286 0.008571
7 0.458214 0.917619 0.022143 0.014286
7 0.585000 0.780000 0.017143 0.015238
7 0.596071 0.768571 0.019286 0.015238
7 0.251071 0.736190 0.013571 0.022857
7 0.361429 0.783810 0.005714 0.028571
7 0.408929 0.655238 0.005000 0.015238
4 0.345000 0.788571 0.018571 0.028571
5 0.500000 0.808095 0.011429 0.033333
0 0.436429 0.800476 0.004286 0.018095
7 0.111429 0.546190 0.008571 0.016190
7 0.125714 0.523810 0.011429 0.007619
7 0.129643 0.518095 0.010714 0.007619
7 0.274286 0.453333 0.005714 0.011429
7 0.128214 0.670476 0.013571 0.017143
7 0.189643 0.764286 0.006429 0.018095
2 0.161071 0.831429 0.053571 0.030476
3 0.396429 0.863810 0.061429 0.043810
1 0.030357 0.799524 0.046429 0.031429
1 0.031786 0.651905 0.039286 0.025714
6 0.092500 0.871905 0.129286 0.067619
5 0.198571 0.774286 0.011429 0.032381
7 0.014643 0.622857 0.007857 0.013333
7 0.036429 0.630952 0.012857 0.012381
2 0.168571 0.539524 0.024286 0.023810
2 0.182857 0.522381 0.027143 0.025714
1 0.139286 0.506667 0.030000 0.019048
2 0.236071 0.460952 0.020714 0.024762
2 0.171071 0.452857 0.025000 0.016190
2 0.166786 0.440952 0.025000 0.017143
1 0.260000 0.486190 0.014286 0.029524
1 0.224286 0.478571 0.024286 0.020000
1 0.160357 0.467143 0.029286 0.014286
1 0.157500 0.482857 0.029286 0.015238
1 0.198214 0.511905 0.027857 0.021905
1 0.147143 0.495238 0.032857 0.017143
1 0.189286 0.429048 0.022857 0.010476
1 0.655357 0.956667 0.056429 0.033333
1 0.599643 0.892381 0.049286 0.032381
1 0.810714 0.920476 0.050000 0.037143
3 0.889643 0.974286 0.092143 0.051429
3 0.970357 0.773333 0.052143 0.028571
3 0.784286 0.776667 0.030000 0.031429
1 0.833214 0.699048 0.026429 0.038095
5 0.683571 0.715714 0.012857 0.033333
1 0.507143 0.372857 0.022857 0.016190
1 0.507143 0.382857 0.022857 0.013333
2 0.452143 0.375238 0.021429 0.015238
2 0.449286 0.383333 0.020000 0.014286
1 0.451786 0.394286 0.023571 0.015238
1 0.452500 0.405714 0.017857 0.013333
1 0.455357 0.421905 0.022143 0.017143
1 0.510714 0.440952 0.022857 0.015238
1 0.511429 0.429524 0.021429 0.013333
1 0.513214 0.417143 0.026429 0.015238
1 0.512143 0.410952 0.022857 0.010476
2 0.448929 0.447619 0.025000 0.019048
2 0.318571 0.415238 0.011429 0.022857
2 0.313929 0.280952 0.009286 0.017143
1 0.310000 0.358095 0.011429 0.022857
2 0.308571 0.295714 0.008571 0.018095
2 0.236071 0.290476 0.009286 0.015238
