0 0.225000 0.465667 0.015000 0.012667
7 0.151500 0.513667 0.017000 0.012667
7 0.148500 0.508333 0.015000 0.014000
2 0.099750 0.616000 0.045500 0.036000
1 0.194750 0.607667 0.060500 0.035333
1 0.250000 0.605667 0.050000 0.034000
1 0.269500 0.669333 0.073000 0.044000
1 0.344000 0.658667 0.061000 0.042667
1 0.389000 0.629667 0.065000 0.040667
1 0.301000 0.719000 0.076000 0.047333
1 0.179000 0.739000 0.086000 0.050000
1 0.467250 0.617667 0.064500 0.038000
1 0.523750 0.696000 0.074500 0.045333
1 0.615000 0.601667 0.057000 0.035333
1 0.753000 0.697667 0.063000 0.064667
1 0.833750 0.687000 0.069500 0.072667
1 0.869250 0.649333 0.073500 0.042667
1 0.835000 0.598000 0.057000 0.036000
1 0.687000 0.592333 0.063000 0.035333
1 0.670000 0.577000 0.056000 0.032667
1 0.652500 0.557000 0.058000 0.040667
1 0.786250 0.546333 0.057500 0.028667
1 0.842000 0.540333 0.054000 0.030000
1 0.898750 0.533000 0.050500 0.030000
1 0.894250 0.493667 0.027500 0.027333
1 0.959000 0.583000 0.064000 0.034000
1 0.954750 0.532000 0.056500 0.030667
1 0.986750 0.521333 0.026500 0.029333
1 0.512750 0.351333 0.018500 0.010667
2 0.536750 0.360333 0.020500 0.015333
1 0.588000 0.360667 0.024000 0.013333
2 0.591000 0.347667 0.021000 0.012667
1 0.620250 0.346333 0.021500 0.011333
1 0.984000 0.340000 0.010000 0.014667
1 0.960500 0.329333 0.016000 0.009333
1 0.359500 0.569333 0.026000 0.040000
1 0.391750 0.570000 0.025500 0.044000
1 0.424000 0.648333 0.068000 0.040667
1 0.570750 0.629000 0.062500 0.042000
1 0.674250 0.713667 0.054500 0.064667
1 0.724250 0.612000 0.064500 0.037333
1 0.718000 0.551000 0.056000 0.035333
