1 0.163805 0.859256 0.078684 0.199427
1 0.463162 0.503340 0.053648 0.109733
1 0.516452 0.498569 0.048641 0.094466
1 0.313305 0.434160 0.097282 0.057252
1 0.400215 0.504771 0.047926 0.110687
1 0.576896 0.507156 0.055079 0.098282
1 0.680973 0.490935 0.060086 0.098282
1 0.593705 0.422233 0.094421 0.052481
1 0.633763 0.504294 0.052933 0.111641
2 0.339056 0.515267 0.055794 0.108779
2 0.274678 0.519084 0.061516 0.101145
0 0.972461 0.519561 0.040773 0.037214
0 0.893062 0.485687 0.017883 0.043893
5 0.828326 0.667462 0.072961 0.042939
7 0.231402 0.131679 0.015021 0.032443
3 0.030401 0.804866 0.060801 0.229962
0 0.411302 0.407443 0.017167 0.036260
7 0.626252 0.606393 0.019313 0.039122
5 0.711016 0.552958 0.035765 0.060115
1 0.616595 0.308683 0.045780 0.073473
0 0.646996 0.282920 0.015021 0.035305
0 0.227110 0.200382 0.015021 0.024809
