0 0.446071 0.062857 0.035000 0.104762
0 0.345357 0.075238 0.075000 0.047619
0 0.333929 0.174286 0.076429 0.049524
0 0.486429 0.165714 0.035714 0.112381
0 0.646429 0.064286 0.034286 0.077143
0 0.650000 0.179048 0.035714 0.097143
0 0.655357 0.299048 0.033571 0.100952
0 0.660357 0.536667 0.036429 0.109524
0 0.665714 0.673333 0.037143 0.112381
0 0.675000 0.946190 0.042857 0.105714
0 0.487500 0.978571 0.040714 0.040952
0 0.489643 0.875714 0.037857 0.130476
0 0.327857 0.930476 0.091429 0.060952
0 0.486429 0.694762 0.041429 0.124762
0 0.443929 0.583810 0.035000 0.110476
0 0.488929 0.546667 0.036429 0.112381
0 0.489643 0.296190 0.032143 0.100952
0 0.338214 0.491429 0.089286 0.051429
