0 0.094643 0.045685 0.012143 0.015228
0 0.100357 0.033629 0.010714 0.016497
0 0.112143 0.048223 0.011429 0.015228
0 0.108571 0.060279 0.010000 0.013959
0 0.220714 0.103426 0.011429 0.013959
0 0.276071 0.216371 0.013571 0.016497
0 0.289643 0.250635 0.013571 0.019036
0 0.301429 0.181472 0.012857 0.015228
0 0.123929 0.985406 0.020714 0.024112
2 0.249643 0.757614 0.067857 0.076142
0 0.261786 0.724619 0.017857 0.022843
2 0.277143 0.768401 0.030000 0.041878
0 0.308929 0.707487 0.020714 0.026650
0 0.306786 0.683376 0.016429 0.019036
0 0.412857 0.100254 0.012857 0.015228
0 0.339286 0.220812 0.012857 0.020305
0 0.337500 0.279822 0.013571 0.019036
1 0.408214 0.321701 0.037857 0.054569
1 0.413571 0.364213 0.020000 0.030457
1 0.463929 0.362310 0.025000 0.034264
0 0.487143 0.390863 0.015714 0.020305
0 0.493214 0.414975 0.015000 0.020305
0 0.505000 0.409264 0.014286 0.021574
0 0.325000 0.755076 0.021429 0.030457
1 0.382500 0.717005 0.045000 0.053299
0 0.401429 0.548858 0.017143 0.024112
0 0.429643 0.555203 0.019286 0.021574
0 0.453214 0.536168 0.016429 0.019036
0 0.440357 0.631345 0.019286 0.024112
0 0.344286 0.675127 0.020000 0.025381
0 0.366429 0.655457 0.020000 0.024112
0 0.437143 0.593274 0.018571 0.021574
0 0.459286 0.572335 0.017143 0.022843
1 0.476786 0.621827 0.025000 0.030457
2 0.487857 0.589467 0.028571 0.039340
2 0.388571 0.609137 0.064286 0.065990
1 0.399643 0.580584 0.030714 0.034264
2 0.579643 0.401015 0.019286 0.017766
1 0.508214 0.364848 0.022143 0.026650
1 0.501786 0.475888 0.042143 0.053299
0 0.494286 0.451777 0.017143 0.020305
0 0.548929 0.506980 0.017857 0.016497
2 0.616071 0.500635 0.039286 0.046954
0 0.633214 0.468909 0.017857 0.021574
1 0.692143 0.456218 0.042857 0.054569
0 0.727143 0.424492 0.015714 0.021574
1 0.651071 0.375000 0.023571 0.026650
1 0.710000 0.286168 0.035714 0.054569
0 0.948214 0.043147 0.009286 0.020305
0 0.834286 0.015863 0.011429 0.019036
0 0.855357 0.093909 0.009286 0.017766
0 0.852857 0.124365 0.011429 0.020305
0 0.850357 0.250000 0.012143 0.020305
0 0.756071 0.395939 0.016429 0.020305
