0 0.606071 0.555203 0.045000 0.046954
0 0.765000 0.539975 0.044286 0.041878
0 0.651786 0.870558 0.025000 0.058376
0 0.784643 0.888959 0.057857 0.067259
0 0.701786 0.837563 0.052143 0.060914
0 0.692143 0.911802 0.028571 0.090102
0 0.720000 0.932107 0.030000 0.100254
0 0.750714 0.944797 0.025714 0.092640
0 0.481429 0.737944 0.045714 0.057107
0 0.607500 0.645305 0.047857 0.046954
0 0.683214 0.656726 0.050714 0.062183
0 0.651786 0.673858 0.037857 0.053299
0 0.635714 0.748731 0.048571 0.048223
0 0.494643 0.913706 0.049286 0.063452
0 0.476071 0.832487 0.049286 0.053299
0 0.522143 0.939721 0.065714 0.072335
0 0.793929 0.950508 0.059286 0.063452
0 0.696429 0.772208 0.067143 0.079949
0 0.711071 0.734772 0.062143 0.076142
2 0.770357 0.623731 0.106429 0.107868
2 0.785000 0.693528 0.057143 0.069797
0 0.933214 0.525381 0.025000 0.063452
0 0.967500 0.583756 0.049286 0.053299
0 0.971786 0.560914 0.049286 0.045685
0 0.959286 0.395939 0.044286 0.040609
0 0.968929 0.482868 0.046429 0.036802
0 0.973929 0.508883 0.052143 0.050761
0 0.965000 0.461929 0.045714 0.038071
0 0.962857 0.438452 0.044286 0.039340
0 0.972500 0.425127 0.049286 0.043147
0 0.858571 0.255711 0.018571 0.057107
0 0.912143 0.293782 0.021429 0.052030
0 0.926786 0.330584 0.017857 0.062183
0 0.945714 0.295051 0.017143 0.044416
2 0.981429 0.354061 0.037143 0.050761
1 0.887143 0.293147 0.035714 0.137056
0 0.451071 0.108503 0.019286 0.044416
0 0.467500 0.105330 0.017857 0.038071
0 0.582857 0.079315 0.030000 0.029188
0 0.577500 0.049492 0.030714 0.030457
0 0.619286 0.042513 0.028571 0.031726
0 0.648929 0.093909 0.027857 0.025381
0 0.653929 0.075508 0.029286 0.034264
0 0.536071 0.020305 0.029286 0.027919
1 0.768214 0.127538 0.085000 0.079949
0 0.839643 0.124365 0.035000 0.032995
0 0.886786 0.153553 0.035000 0.038071
0 0.428214 0.522843 0.037857 0.035533
0 0.423929 0.451142 0.037857 0.039340
0 0.415714 0.421954 0.040000 0.034264
0 0.403214 0.301396 0.019286 0.049492
0 0.384643 0.240482 0.020714 0.052030
0 0.375357 0.206853 0.013571 0.032995
0 0.367500 0.283629 0.035000 0.034264
0 0.358571 0.265228 0.034286 0.030457
0 0.355357 0.250000 0.030714 0.035533
0 0.351071 0.232234 0.033571 0.027919
0 0.349643 0.218909 0.029286 0.029188
0 0.348929 0.203046 0.026429 0.030457
0 0.364286 0.182107 0.024286 0.029188
0 0.357500 0.173858 0.027857 0.030457
0 0.352857 0.157995 0.031429 0.026650
