1 0.955714 0.321429 0.052857 0.027619
0 0.933571 0.326190 0.017143 0.012381
2 0.901786 0.342857 0.065000 0.041905
1 0.918571 0.344286 0.040000 0.020000
1 0.851786 0.364762 0.059286 0.036190
1 0.824643 0.377143 0.047857 0.032381
2 0.783929 0.376190 0.053571 0.041905
0 0.887143 0.360952 0.018571 0.020952
0 0.873929 0.358095 0.017857 0.019048
1 0.991429 0.332857 0.017143 0.031429
3 0.973571 0.403333 0.052857 0.044762
1 0.718214 0.356190 0.049286 0.030476
1 0.736071 0.407143 0.065000 0.048571
1 0.717857 0.417619 0.065714 0.044762
2 0.727143 0.535238 0.091429 0.089524
1 0.644286 0.453333 0.065714 0.053333
1 0.798571 0.697143 0.104286 0.081905
1 0.698214 0.804286 0.126429 0.130476
1 0.565714 0.917619 0.182857 0.164762
0 0.628929 0.772857 0.037857 0.058095
1 0.579286 0.615238 0.101429 0.091429
4 0.461786 0.753810 0.065000 0.058095
