0 0.031750 0.951000 0.048500 0.067333
0 0.059250 0.881000 0.045500 0.058000
0 0.020000 0.708000 0.040000 0.028000
0 0.190500 0.605667 0.028000 0.036667
0 0.221000 0.696667 0.034000 0.042667
0 0.233750 0.708000 0.030500 0.044000
0 0.248250 0.726000 0.034500 0.048000
0 0.532250 0.962333 0.045500 0.074000
0 0.559500 0.907000 0.059000 0.071333
0 0.586000 0.860000 0.047000 0.074667
0 0.524500 0.827333 0.052000 0.064000
0 0.542500 0.796333 0.047000 0.059333
0 0.559500 0.763667 0.051000 0.058000
0 0.631250 0.751667 0.054500 0.047333
0 0.573500 0.733333 0.049000 0.048000
2 0.641750 0.709667 0.067500 0.064667
0 0.616750 0.645333 0.040500 0.049333
0 0.669750 0.656000 0.052500 0.032000
0 0.684500 0.632000 0.046000 0.030667
0 0.638500 0.591333 0.042000 0.049333
0 0.689000 0.606667 0.047000 0.034667
0 0.648250 0.567333 0.039500 0.044000
0 0.580750 0.533667 0.039500 0.031333
0 0.672250 0.536000 0.038500 0.030667
2 0.740000 0.574000 0.039000 0.072000
0 0.779750 0.505000 0.029500 0.028667
0 0.731250 0.478667 0.035500 0.026667
0 0.658500 0.439667 0.033000 0.027333
2 0.410500 0.300667 0.025000 0.020000
0 0.352500 0.349000 0.022000 0.014000
0 0.369250 0.312667 0.014500 0.017333
0 0.385500 0.287333 0.015000 0.016000
0 0.404000 0.261667 0.013000 0.014000
0 0.415500 0.244333 0.011000 0.011333
0 0.422500 0.233000 0.011000 0.010000
0 0.438750 0.208667 0.010500 0.012000
0 0.975000 0.396667 0.036000 0.021333
0 0.950750 0.378667 0.033500 0.021333
0 0.757000 0.266333 0.025000 0.016667
0 0.729500 0.257667 0.025000 0.016667
0 0.642750 0.231333 0.019500 0.013333
0 0.657000 0.251333 0.019000 0.014667
0 0.679000 0.260333 0.022000 0.016667
0 0.706750 0.267333 0.018500 0.016000
0 0.734750 0.275333 0.022500 0.017333
0 0.652500 0.275000 0.023000 0.014000
0 0.683750 0.322667 0.024500 0.016000
0 0.696500 0.317333 0.025000 0.016000
0 0.704750 0.309333 0.024500 0.014667
0 0.708000 0.342667 0.024000 0.016000
0 0.717250 0.336667 0.024500 0.018667
0 0.765250 0.377333 0.021500 0.021333
0 0.771250 0.370667 0.030500 0.018667
0 0.776250 0.362333 0.026500 0.018000
0 0.788250 0.348667 0.025500 0.017333
0 0.796750 0.339000 0.027500 0.015333
