0 0.307500 0.846667 0.070000 0.116000
0 0.560500 0.700333 0.068000 0.052667
0 0.574250 0.660667 0.067500 0.038667
0 0.578000 0.628000 0.077000 0.041333
0 0.588000 0.598667 0.063000 0.036000
0 0.588750 0.571333 0.070500 0.037333
0 0.492750 0.536000 0.040500 0.049333
0 0.597250 0.547667 0.065500 0.030000
0 0.603750 0.524333 0.055500 0.032667
0 0.614500 0.501333 0.056000 0.028000
0 0.610500 0.480333 0.048000 0.028667
0 0.581000 0.453667 0.029000 0.028667
0 0.705250 0.240333 0.012500 0.012667
0 0.715250 0.219333 0.012500 0.013333
0 0.711250 0.139667 0.006500 0.007333
