1 0.508929 0.670000 0.022143 0.052381
7 0.580000 0.695714 0.021429 0.016190
1 0.545357 0.450476 0.012143 0.019048
1 0.522500 0.401429 0.016429 0.010476
1 0.578929 0.422857 0.020714 0.013333
1 0.550714 0.416190 0.020000 0.013333
1 0.596071 0.431905 0.019286 0.016190
1 0.629286 0.428095 0.024286 0.014286
1 0.645357 0.370000 0.013571 0.008571
1 0.655357 0.380476 0.013571 0.008571
1 0.641429 0.468095 0.012857 0.016190
1 0.623929 0.507619 0.013571 0.017143
1 0.624286 0.532857 0.014286 0.021905
1 0.627857 0.564286 0.017143 0.021905
2 0.628929 0.599048 0.017857 0.030476
1 0.695357 0.439048 0.022143 0.013333
1 0.671071 0.429524 0.026429 0.011429
1 0.561071 0.390952 0.016429 0.012381
1 0.697857 0.392857 0.012857 0.012381
7 0.653929 0.462381 0.003571 0.010476
7 0.655357 0.473810 0.005000 0.010476
7 0.688214 0.623333 0.005000 0.014286
7 0.716071 0.824286 0.006429 0.025714
7 0.696071 0.824762 0.010714 0.028571
1 0.622143 0.491429 0.011429 0.013333
6 0.623929 0.467619 0.017857 0.036190
