1 0.378214 0.806190 0.040714 0.140000
1 0.387500 0.970000 0.047857 0.060000
1 0.385000 0.450476 0.057143 0.040000
1 0.259286 0.384762 0.025714 0.030476
1 0.200714 0.307619 0.021429 0.030476
5 0.048214 0.601905 0.070714 0.043810
7 0.307857 0.687143 0.022857 0.039048
1 0.257500 0.353333 0.020714 0.032381
1 0.235714 0.293810 0.018571 0.023810
1 0.233214 0.318095 0.019286 0.024762
1 0.263571 0.253810 0.017143 0.020000
1 0.236786 0.199048 0.016429 0.019048
1 0.215714 0.208095 0.021429 0.021905
1 0.253929 0.218095 0.015000 0.019048
1 0.271071 0.117143 0.007857 0.007619
1 0.261429 0.109048 0.008571 0.010476
1 0.268929 0.099048 0.007857 0.007619
1 0.270357 0.087619 0.006429 0.007619
1 0.274643 0.065238 0.006429 0.006667
1 0.280000 0.072857 0.005714 0.006667
1 0.283214 0.054762 0.005000 0.004762
1 0.280714 0.048571 0.005714 0.005714
1 0.283214 0.060000 0.005000 0.005714
1 0.278214 0.084762 0.006429 0.005714
1 0.271429 0.126190 0.007143 0.008571
6 0.262857 0.132381 0.014286 0.022857
1 0.310000 0.049524 0.004286 0.005714
1 0.305357 0.055714 0.005000 0.004762
1 0.311429 0.054762 0.004286 0.002857
1 0.263214 0.086190 0.006429 0.006667
1 0.268571 0.063810 0.004286 0.005714
1 0.274286 0.058095 0.004286 0.005714
1 0.319643 0.073810 0.005000 0.004762
7 0.246429 0.133810 0.004286 0.004762
7 0.254286 0.102381 0.002857 0.004762
7 0.258571 0.091905 0.002857 0.004762
1 0.268929 0.070476 0.003571 0.003810
1 0.210000 0.118571 0.007143 0.006667
2 0.318214 0.418095 0.047857 0.041905
7 0.472143 0.692381 0.015714 0.040000
7 0.497857 0.681905 0.011429 0.036190
2 0.544643 0.457619 0.053571 0.035238
1 0.647500 0.450952 0.060714 0.035238
1 0.666429 0.413333 0.050000 0.028571
1 0.598929 0.419524 0.050714 0.033333
1 0.613571 0.437619 0.047143 0.033333
1 0.741429 0.405714 0.054286 0.032381
1 0.865357 0.432381 0.065000 0.034286
1 0.956786 0.334286 0.040714 0.020952
1 0.900357 0.392381 0.050714 0.024762
