0 0.673250 0.968000 0.050500 0.064000
0 0.539250 0.964333 0.055500 0.071333
0 0.700500 0.884667 0.046000 0.094667
0 0.737750 0.784000 0.043500 0.085333
0 0.764500 0.711667 0.036000 0.064667
0 0.588250 0.878000 0.055500 0.097333
0 0.689500 0.640000 0.040000 0.066667
0 0.806750 0.591000 0.028500 0.052667
0 0.842750 0.478667 0.029500 0.052000
0 0.751250 0.583667 0.033500 0.056667
0 0.717000 0.575667 0.033000 0.054000
0 0.740250 0.512333 0.026500 0.043333
0 0.486500 0.712000 0.057000 0.065333
0 0.635500 0.454333 0.039000 0.032667
0 0.991250 0.403667 0.017500 0.023333
0 0.943000 0.341333 0.042000 0.040000
0 0.796750 0.355000 0.045500 0.026000
0 0.754750 0.407000 0.047500 0.028667
