7 0.333929 0.012857 0.023571 0.018095
7 0.332500 0.024762 0.023571 0.019048
2 0.342500 0.058095 0.059286 0.045714
1 0.342857 0.168095 0.064286 0.039048
7 0.325357 0.213333 0.023571 0.017143
4 0.395000 0.214286 0.022857 0.043810
2 0.470714 0.040000 0.027143 0.080000
0 0.428214 0.045238 0.022143 0.014286
3 0.445714 0.123810 0.031429 0.110476
3 0.450000 0.229048 0.032857 0.101905
1 0.572857 0.050000 0.025714 0.067619
1 0.578929 0.128095 0.025000 0.069524
1 0.576071 0.219524 0.025000 0.077143
1 0.581429 0.386667 0.027143 0.081905
7 0.553214 0.376667 0.009286 0.031429
7 0.352143 0.516667 0.015714 0.033333
1 0.396429 0.481429 0.025714 0.088571
1 0.492500 0.551429 0.025000 0.085714
1 0.589286 0.593810 0.030000 0.092381
2 0.449643 0.587619 0.023571 0.074286
3 0.438571 0.697143 0.037143 0.129524
1 0.590714 0.709048 0.025714 0.077143
1 0.401786 0.837143 0.036429 0.106667
7 0.291071 0.721429 0.012143 0.031429
