5 0.444154 0.326067 0.025052 0.058442
4 0.528967 0.344620 0.018267 0.054731
5 0.510960 0.325603 0.016701 0.053803
4 0.477035 0.276902 0.038622 0.030612
4 0.503653 0.256957 0.013570 0.022263
4 0.459551 0.251391 0.023486 0.031540
1 0.369259 0.300093 0.051670 0.043599
4 0.401879 0.480056 0.034447 0.069573
3 0.598904 0.416048 0.080898 0.075139
4 0.583768 0.392857 0.042276 0.036178
4 0.530271 0.204545 0.031315 0.025046
0 0.500261 0.198980 0.015136 0.019481
5 0.406054 0.124768 0.008351 0.021336
4 0.399530 0.147495 0.009916 0.022263
4 0.412056 0.186456 0.015136 0.020408
3 0.493215 0.184137 0.036534 0.032468
5 0.573069 0.623840 0.043841 0.112245
4 0.567850 0.555659 0.033403 0.089054
7 0.686326 0.658627 0.031315 0.063080
4 0.391180 0.256957 0.032881 0.031540
