0 0.289286 0.157619 0.011429 0.008571
2 0.473929 0.058095 0.007857 0.026667
0 0.480000 0.130476 0.004286 0.011429
2 0.472857 0.138571 0.005714 0.016190
0 0.457857 0.451429 0.008571 0.019048
0 0.502500 0.547619 0.009286 0.022857
2 0.515357 0.649524 0.019286 0.060952
2 0.520000 0.062381 0.012857 0.008571
0 0.753929 0.157143 0.006429 0.009524
0 0.760714 0.155714 0.005714 0.008571
0 0.767143 0.157143 0.005714 0.009524
0 0.782857 0.160952 0.005714 0.009524
0 0.797857 0.161429 0.007143 0.008571
0 0.807857 0.162381 0.007143 0.008571
0 0.949643 0.169524 0.012143 0.009524
