0 0.356429 0.510152 0.031429 0.063452
0 0.410714 0.444797 0.027143 0.057107
0 0.451786 0.265228 0.020714 0.043147
1 0.435714 0.159898 0.040000 0.126904
0 0.482143 0.027284 0.014286 0.034264
0 0.738571 0.133249 0.018571 0.043147
0 0.923929 0.048858 0.019286 0.039340
0 0.872143 0.284264 0.021429 0.053299
0 0.895357 0.286802 0.019286 0.045685
0 0.872857 0.352157 0.021429 0.059645
0 0.812500 0.395305 0.020714 0.059645
0 0.792857 0.491751 0.021429 0.067259
0 0.816071 0.532995 0.023571 0.071066
1 0.897500 0.409264 0.062143 0.181472
0 0.787143 0.730964 0.030000 0.091371
0 0.921429 0.984772 0.038571 0.027919
0 0.943571 0.867386 0.058571 0.064721
0 0.950000 0.821701 0.050000 0.059645
0 0.989286 0.600254 0.021429 0.076142
0 0.733571 0.548858 0.022857 0.057107
