2 0.500714 0.782995 0.017143 0.053299
2 0.652857 0.661802 0.017143 0.049492
1 0.469643 0.639594 0.013571 0.027919
1 0.454286 0.604061 0.012857 0.022843
2 0.426786 0.580584 0.013571 0.026650
1 0.465357 0.485406 0.010714 0.019036
1 0.560000 0.536168 0.011429 0.024112
2 0.505357 0.449239 0.010714 0.027919
1 0.506429 0.416244 0.008571 0.017766
1 0.516429 0.344543 0.008571 0.011421
2 0.527857 0.334391 0.007143 0.016497
1 0.507500 0.297589 0.006429 0.013959
1 0.484286 0.281726 0.005714 0.012690
1 0.515000 0.275381 0.005714 0.012690
2 0.682143 0.543147 0.028571 0.025381
2 0.737857 0.538071 0.030000 0.027919
