3 0.417143 0.530952 0.031429 0.073333
3 0.409643 0.467619 0.040714 0.091429
3 0.470714 0.366190 0.034286 0.080952
3 0.498571 0.277143 0.020000 0.045714
3 0.470357 0.299524 0.022143 0.039048
3 0.543929 0.146190 0.015000 0.037143
3 0.564286 0.079048 0.012857 0.028571
3 0.557500 0.047143 0.019286 0.054286
1 0.121071 0.926667 0.059286 0.068571
1 0.276429 0.848571 0.031429 0.070476
1 0.370357 0.686190 0.027857 0.054286
1 0.356071 0.630000 0.029286 0.058095
1 0.446429 0.462381 0.021429 0.037143
1 0.426429 0.311429 0.015714 0.026667
1 0.523214 0.213810 0.013571 0.023810
1 0.511786 0.191429 0.012143 0.020952
1 0.505357 0.025714 0.017857 0.011429
1 0.509643 0.016667 0.017857 0.008571
1 0.511429 0.011429 0.014286 0.013333
1 0.517143 0.005238 0.015714 0.010476
1 0.570357 0.024762 0.005000 0.013333
3 0.582500 0.015714 0.007857 0.016190
1 0.493929 0.236190 0.013571 0.028571
2 0.446786 0.370476 0.017857 0.040000
2 0.407857 0.343810 0.025714 0.020952
2 0.468571 0.198095 0.012857 0.020952
7 0.389286 0.417619 0.011429 0.012381
3 0.330000 0.439524 0.024286 0.037143
3 0.939643 0.835714 0.067857 0.103810
3 0.911429 0.695714 0.062857 0.048571
2 0.304286 0.894762 0.035714 0.084762
4 0.216429 0.785238 0.021429 0.023810
5 0.176071 0.692857 0.020714 0.023810
5 0.267143 0.608095 0.017143 0.042857
1 0.241429 0.515238 0.030000 0.019048
1 0.760357 0.035238 0.009286 0.013333
1 0.782143 0.006190 0.018571 0.010476
2 0.796786 0.056190 0.017857 0.013333
3 0.973929 0.011905 0.050714 0.021905
3 0.974643 0.034286 0.050714 0.020952
3 0.980000 0.019048 0.040000 0.013333
3 0.980357 0.025714 0.039286 0.013333
3 0.952143 0.051905 0.068571 0.016190
7 0.486071 0.110000 0.006429 0.008571
