1 0.055714 0.558095 0.012857 0.011429
1 0.065357 0.550952 0.007857 0.008571
1 0.046786 0.544286 0.009286 0.008571
1 0.043214 0.535238 0.006429 0.007619
3 0.101429 0.527143 0.020000 0.010476
1 0.013214 0.520476 0.003571 0.002857
1 0.012143 0.524286 0.004286 0.004762
1 0.007500 0.525714 0.005000 0.003810
1 0.001786 0.529524 0.003571 0.005714
1 0.190357 0.758095 0.117857 0.066667
1 0.272857 0.707619 0.081429 0.049524
1 0.376429 0.844762 0.057143 0.083810
1 0.346786 0.768095 0.080714 0.063810
1 0.363929 0.702381 0.076429 0.046667
1 0.526786 0.698095 0.072143 0.041905
1 0.475357 0.677619 0.063571 0.037143
1 0.597857 0.648571 0.050000 0.030476
1 0.649286 0.629524 0.040000 0.032381
1 0.727143 0.637143 0.044286 0.032381
1 0.730357 0.616667 0.040714 0.023810
1 0.791071 0.623333 0.033571 0.023810
1 0.818929 0.611905 0.032143 0.023810
1 0.787857 0.603333 0.031429 0.021905
1 0.800000 0.592381 0.027143 0.019048
1 0.850714 0.602381 0.030000 0.020000
1 0.873571 0.581905 0.024286 0.017143
1 0.897143 0.589524 0.025714 0.017143
5 0.895357 0.654286 0.040714 0.032381
5 0.888571 0.618095 0.028571 0.026667
1 0.682143 0.553810 0.020000 0.010476
1 0.750000 0.558571 0.024286 0.012381
1 0.776786 0.560952 0.023571 0.009524
1 0.818929 0.557619 0.016429 0.012381
1 0.834643 0.558571 0.016429 0.008571
1 0.851071 0.564762 0.029286 0.011429
1 0.889286 0.561429 0.027143 0.010476
1 0.912857 0.564286 0.021429 0.010476
1 0.920714 0.580952 0.024286 0.019048
1 0.927500 0.570000 0.020714 0.012381
1 0.949286 0.564762 0.020000 0.017143
1 0.969286 0.570476 0.021429 0.013333
1 0.970357 0.561429 0.013571 0.014286
1 0.963571 0.556667 0.015714 0.010476
1 0.938214 0.551905 0.023571 0.016190
1 0.937857 0.547619 0.021429 0.013333
1 0.931429 0.555714 0.017143 0.010476
1 0.981429 0.558095 0.015714 0.011429
1 0.993214 0.555238 0.013571 0.009524
1 0.986071 0.551905 0.016429 0.012381
1 0.993214 0.547619 0.012143 0.011429
3 0.967500 0.547619 0.022143 0.015238
