0 0.035000 0.246193 0.021429 0.020305
0 0.207143 0.322335 0.027143 0.020305
0 0.110714 0.274746 0.024286 0.021574
0 0.260714 0.325508 0.022857 0.021574
0 0.380714 0.368655 0.025714 0.021574
0 0.410357 0.379442 0.029286 0.022843
0 0.517857 0.481599 0.015714 0.039340
0 0.580000 0.455584 0.017143 0.040609
0 0.511429 0.570431 0.015714 0.044416
0 0.605714 0.584391 0.017143 0.046954
0 0.468571 0.736675 0.021429 0.046954
0 0.521429 0.723350 0.021429 0.053299
0 0.430000 0.877538 0.027143 0.062183
1 0.603214 0.768401 0.043571 0.176396
0 0.592143 0.294416 0.012857 0.030457
0 0.642143 0.287437 0.014286 0.034264
0 0.639643 0.116751 0.010714 0.022843
0 0.627500 0.102792 0.010714 0.020305
0 0.704286 0.029188 0.010000 0.025381
