2 0.014286 0.304286 0.012857 0.021905
1 0.121429 0.350952 0.025714 0.014286
1 0.135357 0.331429 0.017857 0.011429
1 0.343214 0.350952 0.020714 0.014286
6 0.125357 0.314286 0.043571 0.024762
1 0.288571 0.446667 0.011429 0.024762
1 0.517857 0.717143 0.010000 0.036190
1 0.480000 0.510476 0.011429 0.032381
1 0.526429 0.505238 0.008571 0.025714
1 0.510357 0.540000 0.009286 0.028571
1 0.504286 0.328571 0.008571 0.026667
1 0.542857 0.101429 0.005714 0.014286
1 0.507143 0.144286 0.008571 0.020000
1 0.545000 0.011905 0.007143 0.010476
1 0.612500 0.057619 0.012143 0.010476
1 0.647500 0.168095 0.015000 0.010476
1 0.648214 0.213810 0.016429 0.016190
1 0.650000 0.243333 0.017143 0.014286
1 0.653214 0.269524 0.016429 0.013333
1 0.658929 0.298571 0.016429 0.012381
1 0.657500 0.311905 0.016429 0.012381
1 0.628571 0.715238 0.032857 0.022857
1 0.625357 0.639524 0.026429 0.016190
1 0.688571 0.484762 0.020000 0.017143
3 0.744286 0.484286 0.018571 0.018095
