0 0.290000 0.763959 0.038571 0.050761
0 0.142500 0.675761 0.052143 0.062183
0 0.155000 0.586929 0.047143 0.059645
0 0.285357 0.470812 0.045000 0.058376
0 0.360000 0.444797 0.047143 0.057107
0 0.508214 0.453680 0.049286 0.054569
2 0.580000 0.466371 0.052857 0.059645
0 0.577857 0.411802 0.048571 0.054569
0 0.562500 0.364213 0.049286 0.053299
0 0.510000 0.349619 0.037143 0.044416
0 0.562500 0.317893 0.042143 0.052030
0 0.725000 0.237944 0.047143 0.072335
2 0.820714 0.394670 0.085714 0.053299
1 0.826071 0.958756 0.039286 0.079949
2 0.786071 0.905457 0.050714 0.143401
0 0.800714 0.840102 0.031429 0.093909
1 0.567500 0.026650 0.027857 0.053299
