2 0.838571 0.686190 0.104286 0.168571
1 0.803571 0.531905 0.074286 0.088571
1 0.673571 0.405238 0.034286 0.058095
6 0.644643 0.480476 0.093571 0.172381
6 0.672500 0.261429 0.045000 0.054286
6 0.711429 0.263333 0.047143 0.067619
2 0.282143 0.580476 0.067143 0.115238
2 0.461071 0.473810 0.035000 0.082857
4 0.228214 0.698571 0.030714 0.065714
1 0.403214 0.924286 0.077857 0.149524
1 0.426786 0.760476 0.069286 0.155238
1 0.445714 0.639524 0.051429 0.107619
1 0.454286 0.559524 0.048571 0.079048
1 0.475714 0.425238 0.034286 0.035238
1 0.507500 0.381905 0.049286 0.030476
0 0.443571 0.353333 0.011429 0.020952
3 0.545357 0.330476 0.089286 0.055238
1 0.562143 0.393333 0.030000 0.066667
1 0.482500 0.322857 0.020714 0.036190
1 0.489643 0.290476 0.017857 0.022857
1 0.490000 0.277619 0.017143 0.018095
1 0.488929 0.260000 0.015000 0.020952
1 0.494286 0.244286 0.015714 0.016190
1 0.496071 0.230000 0.015000 0.014286
1 0.471429 0.225714 0.012857 0.019048
2 0.425714 0.280476 0.038571 0.023810
1 0.429286 0.274286 0.042857 0.020952
1 0.422857 0.271905 0.038571 0.027619
1 0.426429 0.265238 0.032857 0.021905
1 0.436786 0.252857 0.035000 0.021905
1 0.442500 0.247143 0.027857 0.020000
1 0.444286 0.245238 0.032857 0.018095
2 0.442857 0.241905 0.034286 0.024762
2 0.446071 0.232857 0.025000 0.020000
1 0.458571 0.230952 0.010000 0.012381
1 0.448214 0.226667 0.025000 0.017143
2 0.456071 0.222857 0.023571 0.015238
1 0.453214 0.218095 0.017857 0.015238
1 0.462500 0.214286 0.017857 0.011429
1 0.451071 0.187143 0.010714 0.012381
2 0.465000 0.190476 0.018571 0.013333
2 0.479286 0.199048 0.011429 0.013333
2 0.467500 0.182857 0.015000 0.009524
7 0.408571 0.233333 0.008571 0.019048
7 0.415714 0.231905 0.005714 0.014286
7 0.423214 0.229524 0.012143 0.009524
0 0.472143 0.249524 0.005714 0.009524
1 0.019286 0.328571 0.038571 0.041905
1 0.044643 0.335238 0.042143 0.032381
1 0.074643 0.337143 0.040714 0.032381
1 0.098929 0.340476 0.042143 0.035238
1 0.132857 0.339048 0.035714 0.032381
1 0.155714 0.343333 0.042857 0.040952
1 0.094643 0.317619 0.039286 0.025714
1 0.144286 0.319048 0.052857 0.030476
7 0.090714 0.301905 0.024286 0.011429
2 0.213214 0.299524 0.037857 0.029524
1 0.214286 0.319524 0.040000 0.020000
1 0.198929 0.323810 0.040714 0.020952
1 0.193571 0.337143 0.032857 0.036190
1 0.215000 0.338571 0.037143 0.033333
1 0.112857 0.389524 0.044286 0.036190
1 0.074286 0.388571 0.047143 0.038095
1 0.030357 0.382857 0.037857 0.036190
1 0.262143 0.322381 0.044286 0.021905
0 0.230714 0.487143 0.038571 0.023810
1 0.610000 0.281429 0.021429 0.031429
1 0.587143 0.263810 0.011429 0.015238
1 0.585000 0.248095 0.011429 0.018095
2 0.638929 0.239048 0.015000 0.020952
1 0.630357 0.232381 0.010714 0.013333
1 0.624643 0.226667 0.013571 0.015238
1 0.621071 0.222381 0.013571 0.014286
1 0.616071 0.216190 0.013571 0.013333
2 0.608929 0.207619 0.015000 0.015238
1 0.602143 0.200952 0.010000 0.011429
1 0.596786 0.194762 0.009286 0.012381
1 0.592143 0.189048 0.008571 0.008571
1 0.589286 0.187619 0.010000 0.011429
1 0.580357 0.178571 0.007857 0.010476
1 0.553214 0.163810 0.006429 0.005714
1 0.570000 0.168571 0.008571 0.009524
1 0.574643 0.218571 0.012143 0.014286
1 0.741786 0.267143 0.017857 0.021905
1 0.766786 0.290476 0.032143 0.032381
1 0.924643 0.391905 0.043571 0.048571
1 0.974286 0.433810 0.051429 0.054286
