0 0.359286 0.618571 0.091429 0.052381
0 0.393571 0.521905 0.085714 0.040000
0 0.189286 0.539048 0.080000 0.041905
0 0.078571 0.520476 0.085714 0.046667
0 0.581071 0.518095 0.075000 0.045714
0 0.706786 0.590000 0.092143 0.050476
0 0.870714 0.395714 0.064286 0.037143
0 0.939643 0.575714 0.087857 0.054286
0 0.956429 0.629524 0.081429 0.064762
0 0.541071 0.367143 0.029286 0.035238
0 0.492857 0.348095 0.020000 0.029524
0 0.522143 0.337143 0.024286 0.032381
0 0.482500 0.331905 0.020714 0.029524
0 0.472857 0.310952 0.020000 0.027619
0 0.461786 0.292857 0.020714 0.027619
0 0.490714 0.295238 0.017143 0.026667
1 0.478571 0.266667 0.030000 0.051429
0 0.447857 0.264286 0.020000 0.023810
0 0.902143 0.387143 0.052857 0.031429
0 0.918571 0.364762 0.060000 0.028571
0 0.935000 0.378095 0.054286 0.028571
0 0.956786 0.390476 0.053571 0.028571
0 0.972857 0.403810 0.054286 0.036190
