0 0.511429 0.797619 0.110000 0.119048
0 0.712857 0.850952 0.142857 0.138095
0 0.885714 0.951905 0.165714 0.096190
0 0.646429 0.736667 0.111429 0.090476
0 0.616429 0.678571 0.100000 0.077143
0 0.578214 0.610476 0.090714 0.064762
0 0.572500 0.395238 0.067857 0.041905
0 0.544643 0.329524 0.050714 0.045714
2 0.202500 0.368095 0.129286 0.100000
2 0.468929 0.081905 0.027857 0.020952
0 0.333571 0.377619 0.054286 0.042857
0 0.462857 0.301429 0.050000 0.042857
0 0.483929 0.242857 0.039286 0.030476
0 0.608571 0.218095 0.035714 0.030476
0 0.617500 0.238095 0.035000 0.024762
0 0.809643 0.116667 0.019286 0.020000
0 0.817143 0.080952 0.014286 0.015238
0 0.295357 0.301905 0.053571 0.036190
0 0.458929 0.225714 0.037857 0.026667
0 0.415714 0.242381 0.035714 0.025714
0 0.373929 0.220952 0.045000 0.026667
0 0.432500 0.195238 0.036429 0.026667
0 0.488929 0.168571 0.036429 0.026667
0 0.513929 0.159048 0.036429 0.020952
0 0.531071 0.189048 0.029286 0.025714
0 0.558929 0.177143 0.027857 0.024762
0 0.657143 0.129524 0.025714 0.024762
0 0.672143 0.124762 0.018571 0.019048
0 0.603929 0.109048 0.017857 0.014286
0 0.617857 0.109524 0.021429 0.015238
0 0.632500 0.111905 0.019286 0.016190
0 0.694286 0.115238 0.020000 0.015238
0 0.711429 0.106190 0.018571 0.016190
0 0.726786 0.098095 0.016429 0.015238
0 0.740357 0.090952 0.016429 0.016190
0 0.752500 0.086667 0.013571 0.015238
0 0.785000 0.072857 0.014286 0.016190
0 0.772143 0.075714 0.012857 0.014286
0 0.791786 0.064762 0.016429 0.019048
0 0.804643 0.060952 0.013571 0.017143
0 0.816071 0.058571 0.013571 0.016190
0 0.820357 0.054286 0.016429 0.015238
0 0.827857 0.052857 0.017143 0.016190
0 0.832500 0.049524 0.016429 0.015238
0 0.856429 0.050476 0.011429 0.009524
0 0.797857 0.041429 0.015714 0.012381
