1 0.046786 0.746667 0.052143 0.062857
1 0.069643 0.750476 0.049286 0.064762
3 0.108929 0.725238 0.077857 0.086667
1 0.390357 0.787143 0.029286 0.069524
1 0.377857 0.697619 0.044286 0.040952
1 0.390714 0.659048 0.045714 0.038095
1 0.861786 0.751429 0.063571 0.040000
1 0.671071 0.696667 0.052143 0.040952
1 0.568214 0.268095 0.010714 0.020000
1 0.601786 0.291905 0.016429 0.016190
1 0.572143 0.243810 0.008571 0.019048
1 0.595000 0.091905 0.005714 0.010476
1 0.714286 0.149524 0.011429 0.013333
1 0.735357 0.139524 0.016429 0.012381
1 0.695000 0.293333 0.024286 0.015238
1 0.573571 0.390000 0.012857 0.025714
1 0.795714 0.135238 0.011429 0.009524
3 0.771429 0.134286 0.047143 0.020952
3 0.764643 0.145238 0.023571 0.016190
3 0.830357 0.128571 0.029286 0.017143
3 0.843571 0.115238 0.014286 0.019048
3 0.827857 0.112381 0.011429 0.019048
1 0.342500 0.400000 0.026429 0.020952
3 0.575714 0.215238 0.010000 0.022857
0 0.558929 0.290000 0.005000 0.014286
0 0.583929 0.344762 0.005000 0.015238
7 0.752500 0.824762 0.023571 0.020952
