0 0.387500 0.611041 0.025000 0.067259
2 0.443571 0.773477 0.044286 0.128173
2 0.632500 0.435279 0.037857 0.147208
0 0.549643 0.374365 0.020714 0.060914
0 0.438571 0.395305 0.024286 0.052030
0 0.556071 0.194162 0.019286 0.048223
0 0.584643 0.045051 0.017857 0.034264
0 0.521786 0.147208 0.017857 0.045685
1 0.462143 0.194797 0.025714 0.077411
0 0.398929 0.217640 0.019286 0.041878
0 0.473571 0.117386 0.020000 0.036802
0 0.376071 0.096447 0.019286 0.032995
0 0.487143 0.022843 0.020000 0.035533
0 0.533214 0.013959 0.017857 0.027919
2 0.425000 0.018401 0.032857 0.036802
2 0.114286 0.751904 0.050000 0.115482
1 0.052500 0.939721 0.076429 0.118020
1 0.050714 0.817259 0.071429 0.205584
0 0.327857 0.064086 0.030000 0.026650
