1 0.840714 0.869924 0.040000 0.036802
3 0.701071 0.785533 0.076429 0.086294
1 0.606786 0.684010 0.030714 0.032995
1 0.568571 0.627538 0.030000 0.034264
3 0.502143 0.574239 0.035714 0.062183
1 0.527857 0.581218 0.021429 0.035533
1 0.518214 0.527284 0.012143 0.029188
7 0.043214 0.979061 0.022143 0.031726
7 0.066429 0.940990 0.017143 0.031726
2 0.379643 0.509518 0.019286 0.029188
1 0.304286 0.417513 0.024286 0.032995
1 0.265000 0.397843 0.021429 0.026650
1 0.295357 0.383883 0.019286 0.026650
1 0.245357 0.347716 0.019286 0.022843
1 0.221786 0.345812 0.015000 0.021574
2 0.201786 0.291878 0.019286 0.025381
6 0.276071 0.288071 0.042143 0.068528
1 0.304286 0.327411 0.018571 0.027919
3 0.334286 0.357868 0.042857 0.055838
1 0.318214 0.291878 0.017857 0.025381
3 0.338929 0.310279 0.025000 0.036802
2 0.358929 0.326142 0.022143 0.030457
6 0.370357 0.414340 0.055000 0.079949
1 0.392857 0.421320 0.017143 0.025381
6 0.424286 0.468274 0.058571 0.086294
1 0.440357 0.446701 0.023571 0.030457
7 0.461429 0.464467 0.011429 0.017766
6 0.455357 0.426396 0.056429 0.081218
1 0.411429 0.394036 0.018571 0.026650
1 0.431071 0.371827 0.025000 0.025381
1 0.460714 0.378173 0.024286 0.020305
2 0.530714 0.474619 0.021429 0.035533
1 0.609643 0.467640 0.019286 0.031726
7 0.598929 0.453046 0.007857 0.017766
7 0.622857 0.445431 0.007143 0.015228
7 0.630357 0.427030 0.007857 0.016497
7 0.640357 0.414975 0.007857 0.015228
1 0.614643 0.428934 0.020714 0.032995
1 0.638214 0.305203 0.016429 0.021574
1 0.664643 0.277284 0.019286 0.021574
1 0.661071 0.361675 0.020714 0.030457
1 0.693214 0.272208 0.016429 0.021574
3 0.713571 0.248731 0.022857 0.032995
1 0.698929 0.244924 0.020714 0.025381
1 0.719286 0.228426 0.018571 0.015228
1 0.735357 0.233503 0.019286 0.025381
1 0.183929 0.236675 0.016429 0.019036
1 0.120357 0.155457 0.013571 0.019036
1 0.099643 0.150381 0.012143 0.019036
1 0.102143 0.128173 0.012857 0.017766
1 0.085000 0.092640 0.012857 0.017766
3 0.126786 0.060279 0.029286 0.041878
1 0.089286 0.004442 0.008571 0.008883
1 0.056071 0.069162 0.010714 0.016497
1 0.026429 0.013325 0.012857 0.016497
