2 0.653184 0.962894 0.057933 0.072356
0 0.810021 0.884045 0.057411 0.090909
0 0.652140 0.591373 0.042276 0.058442
0 0.518006 0.714750 0.041232 0.080705
0 0.607777 0.648887 0.046451 0.069573
0 0.570459 0.590909 0.036534 0.057514
0 0.602818 0.512987 0.039666 0.051948
0 0.744781 0.391929 0.040710 0.034323
0 0.926931 0.134045 0.024008 0.030612
0 0.358038 0.391002 0.032359 0.054731
0 0.336639 0.356215 0.022965 0.042672
0 0.326200 0.185993 0.021921 0.032468
0 0.329854 0.085807 0.019833 0.030612
0 0.264614 0.480519 0.032359 0.057514
0 0.130741 0.583488 0.031837 0.072356
0 0.007829 0.691095 0.015658 0.079777
2 0.061848 0.034323 0.043319 0.040816
