1 0.615714 0.593810 0.064286 0.073333
1 0.764286 0.687619 0.087143 0.081905
1 0.391429 0.453333 0.065714 0.049524
1 0.540714 0.487619 0.028571 0.057143
1 0.091786 0.526667 0.075000 0.045714
1 0.098571 0.497619 0.070000 0.042857
1 0.547500 0.368571 0.027857 0.034286
1 0.078571 0.384762 0.054286 0.030476
7 0.187143 0.389048 0.020000 0.016190
7 0.221786 0.395238 0.022143 0.019048
7 0.175714 0.386190 0.020000 0.021905
7 0.126429 0.375238 0.020000 0.013333
7 0.165357 0.379048 0.023571 0.013333
7 0.149643 0.650476 0.026429 0.020952
7 0.142143 0.687619 0.030000 0.026667
7 0.106071 0.665238 0.032143 0.029524
7 0.112500 0.696667 0.026429 0.020000
7 0.128929 0.722857 0.043571 0.028571
0 0.068214 0.631905 0.025000 0.021905
7 0.492857 0.224762 0.010000 0.011429
7 0.507143 0.227619 0.010000 0.011429
7 0.515714 0.222381 0.010000 0.008571
1 0.552500 0.296190 0.020714 0.026667
1 0.558929 0.338095 0.023571 0.028571
1 0.588571 0.342381 0.022857 0.027619
5 0.386786 0.769048 0.072143 0.058095
7 0.443571 0.638095 0.022857 0.024762
1 0.952857 0.773333 0.094286 0.064762
1 0.728571 0.057143 0.004286 0.005714
1 0.734286 0.054286 0.004286 0.005714
1 0.728929 0.051429 0.003571 0.003810
1 0.733571 0.040952 0.004286 0.003810
1 0.733571 0.033333 0.004286 0.005714
1 0.688214 0.076190 0.006429 0.005714
1 0.689286 0.068571 0.005714 0.005714
1 0.700000 0.058095 0.005714 0.005714
1 0.702143 0.052381 0.005714 0.005714
1 0.670357 0.104762 0.007857 0.009524
1 0.665714 0.125238 0.010000 0.010476
1 0.648571 0.137619 0.010000 0.010476
6 0.646429 0.157619 0.017143 0.027619
1 0.658571 0.146190 0.007143 0.010476
1 0.681786 0.103810 0.007857 0.007619
1 0.688929 0.085238 0.007857 0.008571
1 0.681071 0.073333 0.005000 0.005714
1 0.698214 0.067143 0.005000 0.004762
1 0.737857 0.034762 0.004286 0.006667
1 0.694286 0.078571 0.004286 0.006667
1 0.665000 0.095714 0.005714 0.006667
1 0.613214 0.284762 0.016429 0.024762
1 0.733571 0.046667 0.004286 0.005714
