0 0.589500 0.931000 0.024000 0.054000
0 0.514750 0.887000 0.019500 0.054000
0 0.467250 0.870667 0.019500 0.048000
0 0.462250 0.941667 0.021500 0.062000
0 0.418250 0.884333 0.020500 0.056667
0 0.433000 0.753333 0.016000 0.040000
0 0.569000 0.723333 0.015000 0.029333
0 0.563250 0.679333 0.014500 0.030667
0 0.559500 0.621000 0.016000 0.026000
0 0.577250 0.809333 0.020500 0.041333
0 0.442000 0.633000 0.013000 0.026000
0 0.554750 0.543333 0.012500 0.024000
0 0.525500 0.523333 0.012000 0.016000
0 0.479250 0.565333 0.012500 0.021333
0 0.457500 0.568333 0.015000 0.027333
0 0.478750 0.540333 0.013500 0.026000
0 0.448750 0.537667 0.013500 0.030000
0 0.481250 0.498000 0.012500 0.022667
0 0.546250 0.463667 0.010500 0.019333
0 0.504500 0.408333 0.009000 0.016667
0 0.483000 0.464333 0.011000 0.020667
0 0.484500 0.448333 0.011000 0.015333
0 0.458250 0.466000 0.011500 0.020000
0 0.485000 0.434000 0.010000 0.016000
0 0.483750 0.417667 0.010500 0.016667
0 0.461250 0.442333 0.011500 0.018000
0 0.459750 0.414000 0.010500 0.022667
0 0.460500 0.381000 0.009000 0.016667
0 0.483000 0.377333 0.010000 0.016000
2 0.545000 0.443000 0.013000 0.024667
2 0.541250 0.415000 0.013500 0.027333
0 0.532500 0.373667 0.010000 0.011333
2 0.530500 0.361333 0.009000 0.016000
0 0.494500 0.358333 0.009000 0.018000
0 0.491000 0.337667 0.010000 0.011333
0 0.525000 0.338667 0.010000 0.014667
0 0.522250 0.326667 0.009500 0.013333
0 0.504500 0.307333 0.008000 0.012000
0 0.482000 0.305000 0.008000 0.012667
0 0.475750 0.323333 0.008500 0.012000
0 0.484500 0.290000 0.007000 0.010667
2 0.472000 0.280667 0.014000 0.021333
0 0.486250 0.273000 0.008500 0.011333
0 0.509750 0.287667 0.006500 0.010000
0 0.504500 0.275000 0.008000 0.010000
0 0.546250 0.346000 0.012500 0.009333
0 0.497250 0.251667 0.005500 0.006000
0 0.495000 0.243000 0.005000 0.006000
0 0.493250 0.237333 0.005500 0.008000
0 0.492250 0.232000 0.006500 0.006667
0 0.489000 0.226667 0.005000 0.005333
0 0.506750 0.202333 0.006500 0.006000
0 0.503000 0.191000 0.011000 0.007333
