1 0.527143 0.166667 0.070000 0.078095
1 0.770000 0.354762 0.072857 0.090476
1 0.591786 0.364286 0.072143 0.082857
1 0.662143 0.270476 0.064286 0.080000
1 0.907143 0.036190 0.058571 0.070476
1 0.815000 0.122857 0.062857 0.072381
1 0.980357 0.103810 0.039286 0.068571
1 0.983214 0.630000 0.033571 0.092381
2 0.758929 0.571905 0.066429 0.096190
2 0.507143 0.454762 0.082857 0.101905
1 0.192500 0.790952 0.093571 0.115238
1 0.304643 0.957143 0.092143 0.083810
1 0.415000 0.949048 0.105714 0.096190
1 0.011071 0.624762 0.022143 0.062857
1 0.475357 0.028095 0.055000 0.056190
1 0.770714 0.947619 0.097143 0.104762
1 0.035714 0.559524 0.065714 0.096190
1 0.122857 0.499524 0.058571 0.088571
1 0.078929 0.530476 0.065000 0.100952
1 0.242857 0.381429 0.062857 0.084762
2 0.195000 0.416667 0.070000 0.096190
2 0.381429 0.249524 0.058571 0.085714
1 0.310000 0.316190 0.058571 0.083810
1 0.273929 0.347619 0.056429 0.076190
1 0.157143 0.450000 0.067143 0.092381
1 0.356786 0.281905 0.066429 0.083810
1 0.417500 0.220952 0.053571 0.070476
1 0.443571 0.191429 0.061429 0.070476
1 0.257500 0.572381 0.083571 0.100952
1 0.522857 0.295714 0.077143 0.086667
1 0.594643 0.220000 0.042143 0.076190
1 0.441071 0.390952 0.080714 0.088571
7 0.723214 0.314286 0.019286 0.024762
7 0.781786 0.086667 0.036429 0.020952
7 0.315714 0.740000 0.032857 0.030476
