1 0.335357 0.788571 0.059286 0.091429
3 0.391786 0.769524 0.063571 0.112381
1 0.379643 0.699524 0.045000 0.065714
1 0.438571 0.661429 0.041429 0.065714
1 0.417857 0.619048 0.040000 0.053333
1 0.475714 0.576190 0.030000 0.047619
1 0.462857 0.533810 0.030000 0.040952
1 0.513214 0.558571 0.025000 0.039048
1 0.498929 0.514286 0.022143 0.036190
1 0.485357 0.490476 0.026429 0.030476
1 0.459643 0.481429 0.016429 0.027619
1 0.531071 0.437619 0.020714 0.025714
1 0.574286 0.376190 0.017143 0.022857
1 0.571071 0.346667 0.015000 0.022857
1 0.566429 0.321905 0.012857 0.017143
1 0.581786 0.308571 0.012143 0.015238
1 0.577500 0.292857 0.010714 0.012381
1 0.596071 0.277619 0.009286 0.012381
1 0.626786 0.235238 0.006429 0.009524
1 0.652143 0.236667 0.005714 0.008571
1 0.708571 0.229048 0.014286 0.008571
1 0.645357 0.221429 0.006429 0.006667
1 0.645714 0.215238 0.005714 0.007619
7 0.638929 0.409048 0.003571 0.010476
1 0.558571 0.229048 0.010000 0.008571
7 0.534286 0.339524 0.004286 0.006667
