0 0.153000 0.930333 0.162000 0.139333
0 0.558000 0.968000 0.180000 0.057333
0 0.243750 0.536000 0.101500 0.082667
0 0.288000 0.486333 0.099000 0.068667
0 0.356250 0.471333 0.097500 0.066667
0 0.410000 0.439333 0.093000 0.069333
0 0.669500 0.316333 0.083000 0.043333
0 0.659250 0.347333 0.091500 0.044000
0 0.452250 0.373333 0.098500 0.058667
0 0.676750 0.247333 0.070500 0.038667
0 0.683750 0.173333 0.056500 0.038667
0 0.671500 0.216333 0.062000 0.039333
0 0.695250 0.158333 0.052500 0.027333
0 0.693750 0.146000 0.046500 0.020000
0 0.690000 0.134000 0.059000 0.024000
0 0.702000 0.105000 0.035000 0.026000
0 0.688750 0.117667 0.043500 0.026000
0 0.690000 0.095000 0.043000 0.024667
0 0.597250 0.059667 0.024500 0.020667
0 0.610250 0.043000 0.025500 0.022000
0 0.711250 0.061667 0.042500 0.022000
0 0.700750 0.046000 0.040500 0.017333
0 0.633500 0.023333 0.013000 0.017333
0 0.700500 0.034667 0.029000 0.018667
0 0.709750 0.022667 0.026500 0.013333
0 0.708750 0.015667 0.029500 0.012667
0 0.708750 0.008333 0.032500 0.014000
0 0.653000 0.019000 0.014000 0.020667
0 0.641750 0.010000 0.015500 0.013333
2 0.977500 0.159667 0.045000 0.086000
