1 0.966000 0.950667 0.068000 0.088000
2 0.948250 0.892333 0.103500 0.076667
2 0.967000 0.835000 0.066000 0.058000
2 0.856250 0.826333 0.097500 0.068667
2 0.712500 0.869667 0.109000 0.068667
2 0.662000 0.843333 0.088000 0.073333
2 0.586500 0.848333 0.042000 0.090000
2 0.557250 0.731667 0.034500 0.056667
1 0.558500 0.692667 0.045000 0.046667
2 0.418000 0.756333 0.073000 0.055333
1 0.547500 0.647333 0.024000 0.045333
1 0.535250 0.628333 0.026500 0.034000
1 0.534750 0.602000 0.018500 0.025333
1 0.558250 0.594000 0.040500 0.025333
1 0.485000 0.602000 0.037000 0.025333
1 0.415750 0.672000 0.057500 0.030667
1 0.429000 0.657000 0.059000 0.030000
1 0.439250 0.647000 0.055500 0.027333
3 0.437250 0.628000 0.052500 0.034667
2 0.441750 0.610000 0.052500 0.032000
1 0.435000 0.587333 0.043000 0.021333
1 0.394000 0.590333 0.039000 0.024667
1 0.572500 0.583667 0.029000 0.016667
1 0.601750 0.590000 0.039500 0.028000
1 0.640000 0.591667 0.033000 0.020667
1 0.609250 0.576000 0.040500 0.020000
3 0.603750 0.541333 0.066500 0.030667
1 0.506250 0.571000 0.034500 0.020667
3 0.477750 0.549000 0.121500 0.034000
4 0.822750 0.884000 0.041500 0.066667
3 0.625250 0.637000 0.062500 0.050000
0 0.329750 0.770667 0.013500 0.041333
1 0.274250 0.551667 0.031500 0.015333
1 0.372250 0.551333 0.032500 0.014667
7 0.514000 0.641333 0.007000 0.024000
