1 0.426500 0.086000 0.041000 0.089333
1 0.430750 0.184333 0.028500 0.083333
2 0.433750 0.270667 0.023500 0.065333
2 0.436750 0.363667 0.029500 0.079333
1 0.444250 0.475667 0.030500 0.083333
1 0.448000 0.578667 0.026000 0.080000
1 0.454000 0.689667 0.027000 0.082000
1 0.461500 0.788333 0.028000 0.084667
1 0.465000 0.902667 0.029000 0.093333
1 0.467000 0.979333 0.025000 0.038667
1 0.509000 0.030000 0.028000 0.060000
1 0.547250 0.032000 0.027500 0.062667
1 0.532500 0.272000 0.029000 0.086667
1 0.531750 0.488000 0.027500 0.081333
7 0.467000 0.491667 0.009000 0.030000
1 0.540750 0.595333 0.028500 0.081333
1 0.544000 0.704667 0.027000 0.088000
2 0.551000 0.808333 0.027000 0.080667
2 0.559250 0.895000 0.026500 0.071333
1 0.558750 0.979333 0.026500 0.040000
7 0.518750 0.733000 0.008500 0.034000
2 0.786250 0.407667 0.052500 0.062000
1 0.694000 0.745333 0.067000 0.042667
