0 0.494643 0.652919 0.049286 0.095178
0 0.543571 0.647843 0.025714 0.110406
0 0.642857 0.675761 0.047143 0.115482
0 0.722143 0.676396 0.058571 0.119289
0 0.791071 0.665609 0.030714 0.105330
0 0.928571 0.772843 0.067143 0.055838
0 0.755357 0.865482 0.063571 0.048223
0 0.393571 0.642132 0.025714 0.109137
0 0.287500 0.653553 0.030714 0.109137
0 0.378571 0.527919 0.061429 0.053299
0 0.316429 0.464467 0.064286 0.048223
0 0.100357 0.631980 0.033571 0.109137
0 0.106429 0.354061 0.030000 0.101523
0 0.059643 0.328680 0.029286 0.081218
0 0.256429 0.353426 0.028571 0.105330
0 0.317143 0.356599 0.028571 0.116751
0 0.395714 0.226523 0.061429 0.049492
0 0.517500 0.183376 0.026429 0.118020
0 0.690000 0.182741 0.027143 0.104061
0 0.505000 0.427665 0.027143 0.101523
0 0.613214 0.419416 0.029286 0.110406
0 0.642143 0.424492 0.021429 0.090102
0 0.690714 0.425127 0.025714 0.098985
0 0.725000 0.411802 0.031429 0.112944
0 0.757857 0.414340 0.025714 0.107868
0 0.791071 0.420685 0.027857 0.107868
0 0.890357 0.404822 0.026429 0.106599
0 0.921429 0.444797 0.025714 0.112944
0 0.118214 0.135787 0.062143 0.045685
2 0.238214 0.657995 0.030714 0.135787
0 0.008929 0.347081 0.017857 0.105330
0 0.982857 0.423223 0.028571 0.069797
