2 0.431071 0.767619 0.042143 0.087619
1 0.459643 0.751905 0.042143 0.067619
1 0.556429 0.705714 0.040000 0.057143
1 0.587143 0.696667 0.038571 0.060000
1 0.629286 0.685238 0.045714 0.058095
1 0.653571 0.674762 0.042857 0.052381
2 0.595000 0.573333 0.040000 0.053333
1 0.564286 0.577143 0.035714 0.041905
1 0.536071 0.590952 0.039286 0.044762
3 0.484643 0.609524 0.035000 0.059048
1 0.455000 0.620952 0.037143 0.053333
7 0.676786 0.549048 0.019286 0.020000
7 0.562500 0.543333 0.009286 0.021905
7 0.551071 0.544762 0.012143 0.020952
7 0.541429 0.550000 0.012857 0.018095
7 0.531429 0.552381 0.012857 0.024762
7 0.521071 0.555238 0.012143 0.026667
7 0.509286 0.561905 0.011429 0.024762
7 0.487500 0.562381 0.015000 0.023810
7 0.366429 0.610952 0.008571 0.025714
7 0.381786 0.601429 0.016429 0.023810
7 0.391429 0.598571 0.010000 0.027619
7 0.398214 0.598095 0.010714 0.032381
7 0.408571 0.596667 0.014286 0.023810
7 0.417500 0.591429 0.010714 0.026667
7 0.425357 0.591429 0.010714 0.032381
7 0.433214 0.583333 0.010714 0.021905
3 0.303929 0.528095 0.053571 0.037143
1 0.241786 0.546190 0.047857 0.031429
2 0.032857 0.285238 0.020000 0.020000
1 0.631071 0.470952 0.037857 0.025714
1 0.860000 0.637143 0.058571 0.043810
7 0.943929 0.662857 0.013571 0.017143
