1 0.245500 0.891000 0.238000 0.212667
0 0.297250 0.698333 0.055500 0.088667
7 0.342750 0.577667 0.038500 0.060667
7 0.630750 0.694667 0.068500 0.064000
1 0.615250 0.576333 0.088500 0.114000
3 0.254250 0.523333 0.134500 0.093333
3 0.587000 0.430333 0.117000 0.068667
1 0.600750 0.239333 0.014500 0.020000
1 0.589750 0.245333 0.019500 0.025333
3 0.633000 0.280333 0.024000 0.038000
3 0.541000 0.260667 0.052000 0.042667
2 0.544500 0.281333 0.026000 0.033333
3 0.699750 0.238333 0.026500 0.056667
5 0.608500 0.274000 0.007000 0.014667
2 0.646500 0.342333 0.086000 0.055333
7 0.546750 0.328000 0.009500 0.024000
3 0.489250 0.337000 0.044500 0.044667
1 0.571000 0.384333 0.052000 0.044667
