7 0.397443 0.375232 0.004697 0.013915
7 0.592902 0.438776 0.004175 0.022263
0 0.659447 0.817254 0.007829 0.042672
0 0.662317 0.866419 0.011482 0.042672
7 0.631524 0.721243 0.007307 0.028757
7 0.549322 0.265770 0.004697 0.013915
7 0.574635 0.275510 0.005219 0.012987
7 0.561848 0.249072 0.004697 0.013915
7 0.548017 0.124304 0.003132 0.011132
1 0.521660 0.049165 0.007829 0.012987
1 0.474426 0.027365 0.007307 0.012059
1 0.485908 0.025046 0.007307 0.012987
2 0.512004 0.030148 0.007307 0.013915
1 0.508351 0.008813 0.006263 0.008349
1 0.518006 0.006494 0.006785 0.009276
7 0.454332 0.055659 0.002610 0.009276
7 0.451722 0.073284 0.002610 0.011132
7 0.448330 0.113636 0.004175 0.008349
6 0.695198 0.141929 0.044885 0.025974
3 0.695720 0.119202 0.034447 0.017625
1 0.724948 0.219388 0.017745 0.015770
1 0.321764 0.144249 0.023486 0.015770
1 0.456681 0.344156 0.015658 0.042672
