1 0.415000 0.670476 0.085714 0.276190
1 0.696071 0.889048 0.205000 0.120952
1 0.684286 0.745714 0.172857 0.116190
1 0.666429 0.630476 0.142857 0.093333
1 0.661786 0.534286 0.153571 0.097143
1 0.642857 0.441905 0.145714 0.089524
1 0.640714 0.357143 0.135714 0.080000
1 0.616071 0.218571 0.122143 0.080952
1 0.605000 0.063333 0.108571 0.071429
1 0.603571 0.024286 0.107143 0.046667
7 0.802857 0.841905 0.040000 0.099048
7 0.795000 0.732381 0.030000 0.081905
0 0.792143 0.646190 0.032857 0.067619
0 0.836786 0.574762 0.056429 0.039048
0 0.892500 0.561429 0.035000 0.052381
7 0.797500 0.371905 0.035000 0.060000
7 0.705357 0.224286 0.025000 0.052381
7 0.729643 0.214762 0.035000 0.073333
