0 0.230357 0.992857 0.057857 0.014286
0 0.157143 0.993810 0.050000 0.012381
0 0.230714 0.962857 0.055714 0.041905
0 0.161071 0.957619 0.057857 0.040952
0 0.164286 0.879048 0.055714 0.038095
0 0.231786 0.911905 0.060714 0.042857
0 0.235357 0.865238 0.057857 0.035238
0 0.236786 0.823810 0.057857 0.038095
0 0.242500 0.781905 0.050714 0.036190
0 0.246071 0.732857 0.062143 0.037143
0 0.172857 0.748095 0.055714 0.035238
0 0.171071 0.707143 0.057857 0.033333
0 0.174286 0.669048 0.060000 0.033333
0 0.178214 0.624762 0.056429 0.034286
2 0.456071 0.303333 0.039286 0.088571
