0 0.071786 0.669524 0.053571 0.089524
0 0.045000 0.650000 0.065714 0.096190
2 0.031071 0.600952 0.062143 0.110476
0 0.247143 0.569524 0.062857 0.072381
0 0.296786 0.226667 0.050714 0.072381
0 0.315714 0.253810 0.044286 0.060000
0 0.337857 0.280952 0.051429 0.070476
2 0.020714 0.285714 0.041429 0.080000
0 0.178929 0.105714 0.055000 0.066667
0 0.156429 0.087619 0.054286 0.062857
0 0.361786 0.306667 0.050714 0.070476
0 0.390714 0.328571 0.052857 0.074286
0 0.415357 0.350476 0.050714 0.076190
0 0.499643 0.422857 0.045000 0.078095
0 0.652143 0.568571 0.054286 0.076190
0 0.639643 0.657619 0.059286 0.082857
0 0.723571 0.616667 0.047143 0.086667
0 0.755357 0.642857 0.052143 0.085714
0 0.786786 0.674762 0.052143 0.088571
0 0.825357 0.704762 0.046429 0.089524
0 0.859643 0.731905 0.047857 0.092381
0 0.890000 0.759524 0.048571 0.094286
0 0.707857 0.407619 0.042857 0.083810
2 0.968929 0.831905 0.062143 0.128571
0 0.951786 0.597619 0.049286 0.075238
