7 0.156786 0.947619 0.016429 0.036190
3 0.202143 0.682381 0.105714 0.147619
1 0.462143 0.910000 0.081429 0.115238
7 0.481071 0.820000 0.032143 0.043810
7 0.497143 0.678095 0.024286 0.038095
7 0.464643 0.543810 0.026429 0.036190
3 0.676071 0.715714 0.082143 0.079048
2 0.691071 0.650952 0.073571 0.079048
1 0.697500 0.600000 0.070714 0.070476
1 0.718929 0.544762 0.067857 0.074286
2 0.726429 0.502857 0.067143 0.068571
1 0.750714 0.476190 0.067143 0.070476
1 0.832857 0.459524 0.067143 0.069524
1 0.854643 0.385714 0.065000 0.064762
7 0.786071 0.611429 0.032143 0.024762
7 0.772857 0.669048 0.035714 0.027619
7 0.808571 0.710000 0.032857 0.021905
7 0.806786 0.692857 0.032143 0.025714
7 0.802500 0.662857 0.036429 0.024762
7 0.799286 0.641905 0.031429 0.032381
7 0.783214 0.325238 0.022143 0.027619
7 0.915714 0.321429 0.028571 0.025714
1 0.941429 0.198571 0.054286 0.042857
1 0.954286 0.104286 0.035714 0.046667
1 0.921786 0.113810 0.033571 0.046667
1 0.897500 0.138571 0.029286 0.044762
1 0.844643 0.132381 0.045000 0.051429
1 0.676071 0.143333 0.049286 0.056190
1 0.625357 0.241905 0.052143 0.049524
2 0.592500 0.262857 0.049286 0.051429
1 0.579643 0.290476 0.056429 0.051429
1 0.553929 0.311905 0.055000 0.056190
1 0.535000 0.333810 0.055714 0.058095
3 0.509286 0.348095 0.071429 0.082857
1 0.486429 0.381905 0.048571 0.057143
1 0.237857 0.278095 0.050000 0.057143
7 0.177857 0.392381 0.024286 0.028571
1 0.150000 0.449048 0.058571 0.071429
1 0.078571 0.359048 0.051429 0.066667
1 0.684286 0.070000 0.028571 0.044762
1 0.736429 0.061429 0.028571 0.044762
