0 0.335714 0.900476 0.195714 0.199048
0 0.827857 0.896667 0.158571 0.206667
0 0.760714 0.725714 0.135714 0.198095
0 0.840000 0.579048 0.107143 0.154286
0 0.957500 0.598095 0.085000 0.152381
0 0.979286 0.474762 0.041429 0.092381
0 0.435000 0.631905 0.131429 0.145714
0 0.537500 0.504762 0.102143 0.104762
0 0.510000 0.573333 0.122857 0.125714
0 0.748571 0.345238 0.114286 0.090476
0 0.819286 0.282381 0.095714 0.077143
0 0.910714 0.241429 0.060000 0.065714
0 0.963214 0.343810 0.073571 0.112381
0 0.899286 0.338095 0.080000 0.089524
0 0.962143 0.168571 0.057143 0.053333
