0 0.397500 0.694762 0.009286 0.021905
0 0.200714 0.844286 0.022857 0.029524
1 0.533214 0.772381 0.037857 0.080000
1 0.481071 0.734286 0.032143 0.078095
1 0.545000 0.650476 0.031429 0.051429
1 0.571786 0.628571 0.036429 0.053333
1 0.494643 0.606190 0.027857 0.050476
1 0.499286 0.520952 0.024286 0.036190
1 0.476429 0.542381 0.024286 0.044762
1 0.459643 0.493333 0.020714 0.032381
1 0.428214 0.449048 0.015000 0.025714
1 0.450714 0.453810 0.015714 0.023810
1 0.443214 0.433333 0.013571 0.020952
1 0.473929 0.458095 0.017857 0.026667
1 0.438929 0.506190 0.019286 0.029524
6 0.448571 0.548571 0.038571 0.081905
1 0.421786 0.354286 0.010714 0.019048
1 0.433571 0.306667 0.011429 0.013333
1 0.413929 0.301905 0.009286 0.009524
1 0.420357 0.290952 0.009286 0.012381
1 0.408571 0.286190 0.010000 0.012381
1 0.432143 0.287619 0.008571 0.009524
1 0.435357 0.274762 0.006429 0.008571
1 0.435357 0.268571 0.007857 0.009524
1 0.439643 0.255714 0.009286 0.010476
1 0.433214 0.246667 0.007857 0.009524
