1 0.046429 0.284286 0.064286 0.052381
1 0.093571 0.326667 0.065714 0.055238
1 0.149643 0.377619 0.075000 0.069524
1 0.228571 0.386190 0.060000 0.077143
1 0.413929 0.402857 0.112143 0.070476
1 0.531429 0.361905 0.094286 0.064762
1 0.431071 0.500952 0.143571 0.087619
1 0.426071 0.562381 0.133571 0.098095
1 0.438571 0.638571 0.180000 0.115238
1 0.515714 0.739048 0.168571 0.184762
1 0.623929 0.827143 0.153571 0.202857
1 0.552500 0.442381 0.113571 0.082857
1 0.656071 0.385238 0.092143 0.063810
1 0.633929 0.315714 0.089286 0.058095
1 0.827143 0.235714 0.067143 0.042857
1 0.827500 0.325238 0.063571 0.031429
