0 0.473571 0.062817 0.005714 0.008883
0 0.465000 0.060914 0.005714 0.010152
2 0.457500 0.056472 0.009286 0.011421
2 0.475714 0.047589 0.007143 0.008883
0 0.453214 0.070431 0.007857 0.013959
0 0.447500 0.093274 0.006429 0.011421
0 0.437500 0.086929 0.005000 0.006345
0 0.435357 0.081853 0.003571 0.006345
1 0.437857 0.120558 0.008571 0.027919
0 0.421429 0.115482 0.005714 0.012690
0 0.411071 0.172589 0.006429 0.012690
0 0.406071 0.152284 0.005000 0.012690
0 0.396786 0.180203 0.009286 0.015228
2 0.382500 0.201777 0.010714 0.030457
1 0.404286 0.265863 0.012857 0.041878
0 0.373214 0.239213 0.009286 0.019036
0 0.360714 0.254442 0.007143 0.016497
0 0.396071 0.334391 0.010714 0.021574
0 0.425000 0.392132 0.010000 0.027919
0 0.413929 0.432741 0.012143 0.027919
0 0.388214 0.467005 0.013571 0.027919
1 0.455000 0.504442 0.034286 0.082487
0 0.423214 0.748731 0.016429 0.038071
0 0.456429 0.592640 0.018571 0.038071
0 0.481786 0.727792 0.019286 0.046954
0 0.523929 0.895305 0.025000 0.067259
1 0.537143 0.600254 0.021429 0.053299
1 0.562500 0.612310 0.030714 0.074873
1 0.582500 0.684010 0.037857 0.091371
1 0.571429 0.715102 0.027143 0.077411
1 0.615000 0.770939 0.041429 0.115482
1 0.640000 0.770939 0.041429 0.095178
1 0.648214 0.883883 0.045000 0.115482
1 0.675714 0.878173 0.050000 0.124365
1 0.598571 0.939721 0.044286 0.112944
1 0.680357 0.968909 0.036429 0.059645
1 0.712857 0.980964 0.027143 0.035533
2 0.568929 0.495558 0.037857 0.036802
0 0.387143 0.745558 0.015714 0.039340
0 0.392500 0.788706 0.020714 0.041878
0 0.398214 0.830584 0.022143 0.039340
0 0.405000 0.878173 0.024286 0.050761
0 0.415357 0.931472 0.023571 0.050761
0 0.421786 0.983503 0.023571 0.030457
0 0.594643 0.497462 0.025000 0.017766
