1 0.524286 0.018095 0.030000 0.036190
1 0.437857 0.141905 0.062857 0.038095
4 0.541786 0.112381 0.016429 0.043810
1 0.440000 0.033333 0.058571 0.040000
7 0.431071 0.238095 0.023571 0.019048
7 0.420357 0.226667 0.029286 0.015238
7 0.422857 0.209524 0.028571 0.017143
4 0.518929 0.208571 0.016429 0.043810
7 0.404286 0.337619 0.011429 0.033333
2 0.417143 0.426667 0.055714 0.040000
1 0.414286 0.520000 0.065714 0.036190
1 0.415714 0.564286 0.070000 0.037143
1 0.536071 0.641429 0.030714 0.096190
1 0.536071 0.763333 0.030714 0.094286
7 0.655357 0.738095 0.009286 0.034286
1 0.692857 0.770476 0.030000 0.100952
1 0.680714 0.441905 0.028571 0.083810
1 0.615000 0.309048 0.024286 0.061905
1 0.677143 0.248095 0.028571 0.073333
1 0.545000 0.338095 0.027143 0.072381
1 0.679286 0.160000 0.030000 0.070476
1 0.672857 0.013333 0.028571 0.026667
2 0.497143 0.911905 0.024286 0.098095
