0 0.441750 0.724333 0.081500 0.058000
0 0.453000 0.660000 0.075000 0.049333
0 0.475000 0.281667 0.016000 0.026000
0 0.450000 0.268667 0.022000 0.018667
0 0.418750 0.199667 0.017500 0.015333
0 0.390250 0.186333 0.013500 0.015333
0 0.366500 0.166333 0.015000 0.014000
0 0.364000 0.197333 0.015000 0.014667
0 0.351750 0.186333 0.016500 0.014000
0 0.493000 0.296667 0.024000 0.025333
0 0.518250 0.293000 0.026500 0.026000
2 0.085000 0.276333 0.062000 0.042000
2 0.596750 0.270000 0.030500 0.025333
0 0.960500 0.592667 0.079000 0.064000
0 0.863000 0.521333 0.067000 0.052000
0 0.738750 0.434667 0.054500 0.042667
0 0.620250 0.377333 0.039500 0.032000
0 0.616000 0.285000 0.031000 0.022000
2 0.690750 0.287000 0.045500 0.038000
0 0.732250 0.217667 0.030500 0.019333
0 0.744750 0.187667 0.025500 0.015333
