1 0.687370 0.957792 0.034447 0.082560
1 0.793058 0.891002 0.042276 0.104824
1 0.805585 0.972635 0.042276 0.052876
1 0.976514 0.820965 0.045929 0.068646
1 0.932411 0.790353 0.051670 0.063080
2 0.896921 0.752783 0.061065 0.054731
1 0.864040 0.721243 0.060021 0.049165
1 0.830115 0.689703 0.057933 0.047310
1 0.808716 0.653989 0.047495 0.046382
2 0.759395 0.567254 0.041754 0.045455
1 0.741388 0.543135 0.041232 0.039889
1 0.733038 0.509740 0.040188 0.045455
1 0.731472 0.480519 0.040188 0.035250
1 0.727557 0.445269 0.032359 0.037106
1 0.714509 0.422078 0.031315 0.033395
1 0.697286 0.398423 0.034447 0.032468
1 0.693633 0.376160 0.036534 0.028757
1 0.687630 0.308442 0.030793 0.025046
1 0.633612 0.548237 0.046973 0.044527
1 0.640658 0.526438 0.046451 0.039889
1 0.627871 0.481447 0.041754 0.033395
1 0.626827 0.459647 0.040710 0.028757
1 0.631785 0.423006 0.038100 0.031540
1 0.627349 0.340909 0.033403 0.028757
2 0.627349 0.302412 0.026096 0.027829
0 0.618476 0.376160 0.012526 0.012059
7 0.712944 0.350186 0.010438 0.017625
2 0.702505 0.269481 0.026096 0.026902
1 0.629958 0.279685 0.031315 0.025046
1 0.521138 0.393785 0.017223 0.034323
2 0.551670 0.317254 0.013570 0.033395
3 0.514875 0.219852 0.030793 0.096475
7 0.548800 0.096475 0.007829 0.009276
7 0.559499 0.052876 0.005219 0.009276
1 0.591858 0.060297 0.007307 0.014842
2 0.609603 0.078386 0.016701 0.015770
