0 0.456071 0.644286 0.075000 0.157143
0 0.477143 0.445238 0.048571 0.073333
0 0.380357 0.421429 0.040714 0.060000
0 0.581429 0.362381 0.044286 0.040952
0 0.456786 0.299048 0.026429 0.032381
0 0.441071 0.268571 0.022143 0.026667
0 0.533571 0.296190 0.028571 0.024762
0 0.498929 0.271905 0.022143 0.025714
0 0.406429 0.199524 0.005714 0.004762
0 0.402857 0.196667 0.005714 0.006667
1 0.402143 0.177143 0.007143 0.011429
0 0.367143 0.211905 0.011429 0.012381
2 0.852500 0.836190 0.290714 0.327619
0 0.941786 0.342857 0.073571 0.032381
0 0.850357 0.311905 0.053571 0.029524
0 0.914643 0.302857 0.042143 0.032381
0 0.982500 0.319524 0.035000 0.035238
0 0.972857 0.294286 0.054286 0.036190
0 0.928214 0.326190 0.060714 0.029524
0 0.027500 0.447143 0.052143 0.042857
