1 0.282857 0.784286 0.061429 0.143810
1 0.150357 0.598095 0.103571 0.064762
1 0.347143 0.505714 0.050000 0.108571
2 0.416429 0.369048 0.040000 0.090476
3 0.255714 0.276667 0.040000 0.103810
2 0.214643 0.361429 0.082143 0.060000
3 0.415357 0.211429 0.047857 0.120000
1 0.503214 0.172381 0.033571 0.080000
7 0.597857 0.130476 0.007143 0.022857
0 0.369643 0.408571 0.022143 0.032381
3 0.583571 0.361905 0.057143 0.127619
1 0.612857 0.616667 0.044286 0.111429
1 0.616786 0.489524 0.037857 0.093333
1 0.630714 0.014762 0.024286 0.029524
1 0.241071 0.935238 0.066429 0.129524
