0 0.445000 0.656190 0.138571 0.120000
0 0.354643 0.489048 0.086429 0.063810
0 0.032857 0.544762 0.062857 0.089524
0 0.098929 0.422381 0.076429 0.060000
0 0.077857 0.380476 0.060000 0.048571
0 0.323571 0.351429 0.054286 0.045714
0 0.291429 0.318095 0.061429 0.034286
0 0.327143 0.326190 0.051429 0.039048
0 0.351071 0.297619 0.045000 0.025714
0 0.376786 0.292381 0.036429 0.026667
0 0.402500 0.300952 0.053571 0.034286
0 0.398571 0.320000 0.047143 0.028571
0 0.413571 0.293333 0.044286 0.026667
0 0.399286 0.268095 0.031429 0.025714
0 0.413929 0.274762 0.035000 0.021905
0 0.432500 0.288571 0.039286 0.028571
0 0.447143 0.284286 0.035714 0.029524
0 0.455714 0.277143 0.041429 0.032381
0 0.468929 0.272381 0.035000 0.034286
0 0.476071 0.268095 0.043571 0.033333
0 0.488571 0.267619 0.040000 0.038095
0 0.498571 0.260952 0.041429 0.026667
0 0.504286 0.253810 0.040000 0.023810
0 0.538214 0.244286 0.040714 0.021905
0 0.485357 0.332381 0.042143 0.041905
0 0.525000 0.332857 0.042857 0.040952
0 0.556786 0.346190 0.040714 0.040952
0 0.556786 0.309524 0.033571 0.034286
0 0.608214 0.279524 0.026429 0.025714
0 0.575714 0.244762 0.024286 0.019048
0 0.577857 0.230000 0.027143 0.025714
0 0.582143 0.227619 0.024286 0.015238
0 0.590000 0.225238 0.021429 0.018095
0 0.591429 0.223810 0.025714 0.020952
0 0.598214 0.221905 0.022143 0.019048
0 0.599643 0.220000 0.020714 0.017143
0 0.619643 0.225714 0.022143 0.017143
0 0.649286 0.212857 0.018571 0.016190
0 0.668571 0.207143 0.021429 0.016190
0 0.665000 0.203810 0.021429 0.017143
0 0.604643 0.216667 0.023571 0.018095
0 0.645357 0.256667 0.026429 0.025714
0 0.685000 0.377143 0.042857 0.043810
0 0.703571 0.352857 0.035714 0.037143
0 0.730357 0.318571 0.030714 0.037143
0 0.737857 0.299048 0.024286 0.026667
0 0.752143 0.286667 0.020000 0.024762
0 0.768571 0.271905 0.021429 0.025714
0 0.786071 0.234762 0.019286 0.018095
0 0.783571 0.248095 0.021429 0.018095
0 0.808929 0.236667 0.016429 0.020000
0 0.822857 0.256667 0.018571 0.023810
0 0.848929 0.244762 0.026429 0.019048
0 0.839643 0.250000 0.029286 0.018095
0 0.845000 0.252381 0.031429 0.020952
0 0.856429 0.258571 0.035714 0.020000
0 0.857500 0.264286 0.035000 0.021905
0 0.822500 0.302857 0.049286 0.026667
0 0.815000 0.340000 0.067143 0.032381
0 0.810000 0.348095 0.067143 0.031429
0 0.806786 0.373810 0.083571 0.039048
0 0.813214 0.382857 0.089286 0.040000
0 0.840357 0.407619 0.085000 0.045714
0 0.832143 0.426667 0.097143 0.047619
0 0.821786 0.439524 0.089286 0.044762
0 0.831429 0.466190 0.100000 0.056190
0 0.812143 0.488095 0.114286 0.065714
