7 0.069415 0.633581 0.035491 0.024119
7 0.139875 0.639610 0.028184 0.030612
1 0.271399 0.590445 0.043841 0.108534
7 0.042276 0.845083 0.045929 0.044527
4 0.327766 0.777829 0.039666 0.039889
5 0.281576 0.709184 0.043319 0.062152
4 0.328549 0.683210 0.064196 0.067718
4 0.373956 0.672542 0.024530 0.072356
5 0.413883 0.703618 0.040710 0.058442
5 0.472860 0.749072 0.053236 0.054731
5 0.476514 0.688312 0.045929 0.055659
7 0.506785 0.786178 0.028184 0.032468
1 0.090814 0.939239 0.104384 0.084416
1 0.750000 0.957792 0.092902 0.082560
5 0.967119 0.851113 0.064718 0.065863
5 0.826200 0.816790 0.103340 0.099258
0 0.650052 0.732839 0.028706 0.042672
5 0.623434 0.748145 0.038100 0.101113
4 0.569937 0.638683 0.031315 0.056586
4 0.562630 0.665584 0.027140 0.065863
4 0.554541 0.585807 0.017223 0.052876
4 0.519833 0.573284 0.014614 0.057514
4 0.546451 0.348330 0.017745 0.051020
7 0.557150 0.383117 0.014092 0.040816
7 0.498173 0.465213 0.018267 0.023191
5 0.527662 0.177180 0.021921 0.051948
5 0.542797 0.038033 0.011482 0.038961
5 0.528445 0.018089 0.012004 0.036178
4 0.509395 0.040353 0.007307 0.021336
4 0.604645 0.045455 0.018267 0.042672
4 0.592902 0.063544 0.014614 0.043599
0 0.648486 0.281076 0.020355 0.027829
0 0.671190 0.268089 0.017745 0.033395
0 0.724948 0.552876 0.018789 0.040816
