0 0.407857 0.280952 0.064286 0.060952
0 0.458214 0.217619 0.052143 0.060000
0 0.519643 0.304762 0.065000 0.068571
0 0.490714 0.181905 0.047143 0.049524
0 0.567857 0.232857 0.061429 0.048571
0 0.602857 0.190476 0.070000 0.045714
0 0.637500 0.161905 0.066429 0.040000
0 0.655000 0.130476 0.062857 0.038095
0 0.665714 0.116667 0.047143 0.033333
0 0.679643 0.104286 0.057857 0.040952
0 0.667500 0.078571 0.056429 0.035238
0 0.529643 0.135238 0.037857 0.045714
0 0.458214 0.144762 0.035000 0.043810
0 0.485714 0.111905 0.041429 0.039048
0 0.393571 0.209524 0.052857 0.055238
0 0.503214 0.071429 0.036429 0.034286
0 0.541786 0.055238 0.029286 0.030476
0 0.579643 0.062381 0.029286 0.042857
0 0.603214 0.037619 0.027857 0.039048
0 0.623214 0.018571 0.027857 0.027619
0 0.570000 0.029048 0.028571 0.031429
0 0.238929 0.050000 0.039286 0.044762
0 0.291071 0.029524 0.022143 0.040000
0 0.151786 0.103810 0.032143 0.045714
0 0.218214 0.932857 0.139286 0.128571
0 0.905000 0.956190 0.190000 0.083810
