0 0.572143 0.456190 0.051429 0.116190
0 0.466786 0.318095 0.043571 0.083810
0 0.406429 0.216190 0.034286 0.068571
0 0.474643 0.230000 0.036429 0.071429
0 0.580000 0.213333 0.048571 0.081905
0 0.633571 0.215238 0.050000 0.087619
0 0.735714 0.225238 0.057143 0.084762
0 0.702143 0.437143 0.065714 0.118095
0 0.765714 0.424762 0.068571 0.120000
0 0.676429 0.341905 0.107143 0.066667
0 0.812500 0.341429 0.099286 0.058095
0 0.837500 0.277143 0.092143 0.062857
0 0.472500 0.149524 0.040714 0.076190
0 0.405357 0.143333 0.032143 0.061905
0 0.831071 0.440952 0.086429 0.129524
0 0.885357 0.437143 0.080714 0.131429
0 0.940357 0.423333 0.085000 0.130476
0 0.402500 0.081905 0.032143 0.057143
0 0.586071 0.158095 0.072143 0.055238
0 0.579286 0.099048 0.072857 0.045714
0 0.472143 0.078571 0.038571 0.058095
0 0.554643 0.033333 0.062143 0.041905
0 0.547143 0.013810 0.060000 0.027619
0 0.978214 0.412857 0.043571 0.109524
