1 0.769286 0.954315 0.050000 0.038071
1 0.498929 0.613579 0.013571 0.044416
1 0.572500 0.612310 0.015000 0.044416
1 0.547143 0.515863 0.014286 0.044416
1 0.593214 0.701142 0.020714 0.044416
1 0.883571 0.739213 0.035714 0.029188
1 0.937500 0.739213 0.037857 0.029188
1 0.482500 0.328046 0.009286 0.024112
1 0.543571 0.338198 0.011429 0.029188
1 0.483214 0.178934 0.007857 0.020305
1 0.513214 0.192893 0.006429 0.020305
1 0.538929 0.071701 0.006429 0.013959
1 0.518929 0.055838 0.005000 0.017766
1 0.504643 0.057741 0.005000 0.013959
1 0.506429 0.032995 0.005714 0.015228
1 0.497500 0.010152 0.006429 0.007614
6 0.539643 0.033629 0.006429 0.036802
3 0.496071 0.038706 0.009286 0.024112
2 0.528571 0.061548 0.007143 0.016497
2 0.520714 0.582487 0.012857 0.050761
2 0.750714 0.750635 0.042857 0.036802
2 0.831071 0.743020 0.043571 0.036802
1 0.983214 0.726523 0.033571 0.031726
1 0.994286 0.759518 0.011429 0.031726
1 0.435357 0.980964 0.020714 0.035533
