1 0.037500 0.639667 0.075000 0.054000
1 0.215000 0.592667 0.094000 0.057333
1 0.310500 0.563333 0.079000 0.044000
1 0.397500 0.539667 0.071000 0.044667
1 0.507250 0.507667 0.054500 0.034000
1 0.568500 0.492000 0.052000 0.034667
1 0.688250 0.476667 0.034500 0.029333
1 0.669750 0.460667 0.040500 0.026667
1 0.620000 0.554667 0.060000 0.038667
1 0.773750 0.519000 0.062500 0.038000
1 0.941500 0.512333 0.069000 0.035333
1 0.968000 0.500000 0.064000 0.029333
1 0.980500 0.480667 0.039000 0.024000
3 0.515750 0.444333 0.053500 0.046000
3 0.483500 0.432667 0.044000 0.026667
1 0.896000 0.359000 0.023000 0.011333
