5 0.894643 0.785533 0.080714 0.124365
1 0.792857 0.895305 0.080000 0.095178
1 0.657143 0.678299 0.065714 0.085025
1 0.541786 0.321701 0.030714 0.044416
1 0.284286 0.693528 0.040000 0.110406
1 0.365357 0.512690 0.040714 0.073604
1 0.374286 0.272843 0.024286 0.050761
1 0.465714 0.282360 0.025714 0.054569
1 0.356786 0.175761 0.019286 0.034264
1 0.321786 0.164340 0.022143 0.034264
1 0.371429 0.089467 0.020000 0.029188
1 0.378929 0.057741 0.023571 0.034264
1 0.174643 0.804569 0.052143 0.101523
1 0.027857 0.642766 0.054286 0.069797
3 0.054286 0.547589 0.081429 0.102792
3 0.170714 0.431472 0.041429 0.073604
3 0.150714 0.418147 0.042857 0.082487
3 0.127857 0.411802 0.044286 0.082487
3 0.105714 0.413706 0.047143 0.086294
3 0.077857 0.412437 0.050000 0.093909
3 0.052857 0.414975 0.048571 0.101523
3 0.017857 0.408629 0.035714 0.093909
3 0.020714 0.543147 0.041429 0.086294
1 0.273571 0.308376 0.028571 0.032995
1 0.103214 0.143401 0.017857 0.022843
1 0.092857 0.116117 0.018571 0.024112
1 0.172143 0.072970 0.011429 0.019036
1 0.163929 0.058376 0.010714 0.015228
1 0.153571 0.036802 0.012857 0.017766
1 0.147857 0.022843 0.011429 0.015228
1 0.521071 0.109772 0.017857 0.021574
7 0.411429 0.189086 0.010000 0.027919
1 0.501786 0.026015 0.009286 0.019036
1 0.555357 0.044416 0.022143 0.017766
1 0.533214 0.032360 0.016429 0.016497
1 0.538214 0.017766 0.017857 0.012690
1 0.593214 0.021574 0.015000 0.017766
1 0.611071 0.029188 0.019286 0.020305
1 0.623929 0.021574 0.012143 0.015228
1 0.607143 0.016497 0.012857 0.012690
1 0.592500 0.008249 0.026429 0.016497
1 0.517500 0.070431 0.020714 0.016497
1 0.521071 0.062183 0.022143 0.020305
1 0.524643 0.047589 0.022143 0.019036
1 0.137143 0.008883 0.011429 0.015228
7 0.263214 0.017766 0.009286 0.020305
1 0.333214 0.009518 0.017857 0.019036
1 0.256071 0.092640 0.015000 0.020305
1 0.242500 0.062183 0.016429 0.020305
1 0.241429 0.046954 0.018571 0.022843
1 0.211071 0.018401 0.017857 0.019036
2 0.443214 0.027919 0.015000 0.025381
2 0.413929 0.050127 0.013571 0.024112
