0 0.399286 0.545051 0.041429 0.054569
0 0.469643 0.543147 0.040714 0.050761
0 0.493214 0.534898 0.045000 0.052030
0 0.540000 0.510152 0.042857 0.045685
0 0.491071 0.762690 0.075000 0.081218
0 0.567857 0.497462 0.038571 0.045685
0 0.588571 0.486041 0.038571 0.040609
0 0.649643 0.455584 0.040714 0.038071
0 0.767143 0.407360 0.032857 0.035533
0 0.246786 0.571066 0.022143 0.055838
0 0.118929 0.294416 0.013571 0.025381
1 0.047143 0.686548 0.094286 0.124365
1 0.227143 0.503807 0.055714 0.119289
1 0.193571 0.439086 0.040000 0.086294
1 0.165000 0.380076 0.035714 0.085025
1 0.100714 0.253807 0.030000 0.063452
1 0.119286 0.195431 0.020000 0.043147
1 0.149286 0.249365 0.032857 0.057107
1 0.341429 0.278553 0.070000 0.054569
1 0.211071 0.346447 0.036429 0.071066
1 0.483571 0.240482 0.042857 0.044416
1 0.619286 0.147208 0.035714 0.038071
1 0.732857 0.153553 0.050000 0.040609
1 0.795357 0.188452 0.055000 0.054569
1 0.848214 0.175761 0.047857 0.044416
2 0.176071 0.348985 0.029286 0.048223
2 0.276429 0.562817 0.032857 0.115482
2 0.434286 0.253173 0.035714 0.041878
0 0.521071 0.237310 0.019286 0.020305
0 0.563571 0.222716 0.022857 0.024112
2 0.739643 0.930203 0.149286 0.137056
