3 0.362857 0.578046 0.074286 0.135787
3 0.755000 0.646574 0.065714 0.125635
3 0.597143 0.286168 0.021429 0.044416
1 0.466429 0.641497 0.034286 0.077411
1 0.508571 0.732868 0.032857 0.092640
1 0.593929 0.816624 0.029286 0.064721
1 0.491429 0.472716 0.021429 0.052030
1 0.401071 0.479061 0.025000 0.039340
1 0.430000 0.510787 0.024286 0.049492
1 0.467857 0.380076 0.020000 0.031726
1 0.520000 0.311548 0.015714 0.031726
1 0.544643 0.312183 0.016429 0.032995
1 0.494286 0.279822 0.014286 0.024112
1 0.527857 0.265228 0.012857 0.022843
1 0.535357 0.238579 0.010714 0.020305
1 0.554286 0.229695 0.012857 0.020305
1 0.511786 0.222081 0.010714 0.017766
1 0.506429 0.175127 0.007143 0.015228
1 0.515357 0.192259 0.007857 0.016497
1 0.539286 0.191624 0.008571 0.015228
1 0.532857 0.150381 0.007143 0.013959
1 0.513929 0.146574 0.006429 0.013959
1 0.502857 0.137056 0.007143 0.012690
1 0.498571 0.122462 0.005714 0.011421
1 0.507857 0.125635 0.004286 0.010152
1 0.523214 0.128173 0.006429 0.010152
1 0.527143 0.138325 0.005714 0.012690
1 0.534286 0.133249 0.005714 0.012690
1 0.524286 0.111675 0.002857 0.010152
1 0.517143 0.112944 0.005714 0.015228
3 0.569643 0.489213 0.027857 0.057107
1 0.807500 0.595812 0.029286 0.049492
6 0.442143 0.345178 0.035714 0.091371
3 0.465357 0.293147 0.019286 0.040609
2 0.010357 0.267132 0.017857 0.013959
2 0.023929 0.262690 0.017857 0.012690
2 0.011786 0.250635 0.015000 0.011421
2 0.037500 0.258883 0.015000 0.012690
1 0.043929 0.257614 0.012143 0.010152
1 0.047143 0.255076 0.017143 0.012690
1 0.055714 0.250000 0.012857 0.012690
1 0.061071 0.247462 0.012143 0.012690
1 0.079643 0.235406 0.016429 0.011421
1 0.066429 0.244289 0.017143 0.011421
1 0.167143 0.293782 0.022857 0.016497
1 0.124286 0.295685 0.018571 0.015228
