0 0.070714 0.886421 0.032857 0.041878
0 0.069286 0.869289 0.035714 0.035533
0 0.061071 0.857868 0.033571 0.040609
0 0.051786 0.824873 0.035000 0.038071
0 0.116786 0.769036 0.030714 0.038071
0 0.110000 0.758249 0.031429 0.041878
0 0.104643 0.745558 0.032143 0.039340
0 0.090000 0.713832 0.030000 0.034264
0 0.053571 0.679569 0.020000 0.031726
0 0.034286 0.656726 0.018571 0.029188
0 0.469286 0.869924 0.017143 0.036802
0 0.503929 0.708122 0.015000 0.032995
0 0.537500 0.671954 0.013571 0.036802
0 0.603214 0.435914 0.009286 0.024112
2 0.513571 0.462563 0.011429 0.034264
0 0.525357 0.427665 0.009286 0.017766
0 0.424286 0.604061 0.011429 0.025381
0 0.442143 0.545051 0.010000 0.024112
2 0.428571 0.427030 0.012857 0.039340
1 0.411071 0.288071 0.015000 0.050761
0 0.514286 0.324873 0.008571 0.012690
2 0.507857 0.292513 0.010000 0.021574
2 0.432857 0.134518 0.010000 0.017766
0 0.573571 0.316624 0.008571 0.013959
0 0.584643 0.321066 0.007857 0.015228
0 0.562500 0.272208 0.007857 0.013959
0 0.540000 0.182741 0.007143 0.012690
2 0.648571 0.116117 0.017143 0.016497
2 0.712857 0.124365 0.021429 0.017766
2 0.755357 0.139594 0.020714 0.015228
2 0.768929 0.144670 0.017857 0.015228
2 0.780357 0.150381 0.019286 0.019036
0 0.547143 0.066624 0.007143 0.006345
0 0.588214 0.049492 0.006429 0.007614
0 0.632500 0.034264 0.006429 0.007614
