1 0.644286 0.690355 0.047143 0.162437
1 0.614286 0.847081 0.051429 0.158629
1 0.704286 0.899746 0.057143 0.175127
1 0.753571 0.928934 0.052857 0.139594
1 0.865000 0.823604 0.055714 0.172589
1 0.915000 0.866751 0.055714 0.187817
1 0.975000 0.894670 0.050000 0.185279
1 0.782857 0.758249 0.050000 0.151015
1 0.734286 0.735406 0.051429 0.133249
1 0.686429 0.699239 0.048571 0.154822
1 0.607143 0.644670 0.058571 0.164975
1 0.563571 0.619924 0.048571 0.161168
1 0.514286 0.600254 0.054286 0.157360
1 0.523214 0.772208 0.052143 0.163706
1 0.465714 0.582487 0.041429 0.137056
1 0.858214 0.503173 0.046429 0.156091
1 0.964286 0.426396 0.044286 0.131980
1 0.773571 0.463832 0.047143 0.145939
1 0.730714 0.440355 0.044286 0.139594
1 0.880357 0.368020 0.046429 0.126904
1 0.839643 0.342640 0.046429 0.129442
1 0.796786 0.321066 0.045000 0.139594
1 0.756786 0.305838 0.045000 0.114213
1 0.692500 0.407995 0.047857 0.143401
1 0.651786 0.383883 0.052143 0.143401
1 0.572857 0.335025 0.051429 0.139594
1 0.677857 0.254442 0.047143 0.118020
1 0.641429 0.234772 0.045714 0.119289
1 0.600000 0.208122 0.051429 0.131980
1 0.528571 0.303299 0.045714 0.154822
1 0.557143 0.181472 0.041429 0.116751
1 0.948929 0.152284 0.040714 0.116751
1 0.755714 0.054569 0.050000 0.109137
1 0.339286 0.227792 0.047143 0.112944
1 0.276786 0.186548 0.052143 0.116751
1 0.433571 0.059010 0.074286 0.079949
1 0.241786 0.173223 0.053571 0.123096
1 0.177500 0.132614 0.056429 0.115482
1 0.115714 0.095812 0.071429 0.112944
1 0.084643 0.065355 0.066429 0.097716
1 0.028571 0.047589 0.057143 0.092640
2 0.376429 0.253807 0.055714 0.137056
2 0.205357 0.149112 0.060714 0.133249
2 0.611786 0.349619 0.057857 0.148477
2 0.603571 0.025381 0.037143 0.050761
2 0.638571 0.038706 0.040000 0.077411
2 0.680357 0.039975 0.036429 0.079949
2 0.720357 0.050761 0.046429 0.101523
2 0.983571 0.164340 0.032857 0.148477
2 0.798571 0.073604 0.041429 0.116751
3 0.287143 0.381345 0.081429 0.232234
3 0.163214 0.291244 0.092143 0.227157
3 0.051071 0.230964 0.102143 0.253807
3 0.040000 0.685279 0.080000 0.215736
3 0.059286 0.753173 0.118571 0.265228
3 0.149643 0.818528 0.123571 0.236041
3 0.114286 0.269670 0.085714 0.242386
