2 0.674643 0.666190 0.077857 0.119048
0 0.418929 0.251905 0.016429 0.031429
0 0.378571 0.294762 0.024286 0.042857
0 0.354286 0.276667 0.027143 0.035238
0 0.380714 0.652381 0.047143 0.102857
0 0.536071 0.523810 0.037857 0.074286
0 0.371786 0.853810 0.065000 0.160952
0 0.747500 0.504286 0.052143 0.080952
0 0.327143 0.579048 0.052857 0.099048
0 0.393214 0.546667 0.042143 0.085714
0 0.251071 0.575238 0.055000 0.100952
0 0.244643 0.930000 0.086429 0.136190
0 0.426786 0.155238 0.017857 0.022857
0 0.414643 0.120000 0.009286 0.015238
0 0.396071 0.141429 0.013571 0.020000
0 0.395357 0.122857 0.012143 0.015238
0 0.400000 0.110952 0.012857 0.020000
0 0.405714 0.093333 0.008571 0.009524
1 0.373214 0.119524 0.023571 0.039048
0 0.437500 0.086190 0.010714 0.014286
0 0.503214 0.074762 0.010714 0.012381
0 0.485357 0.022857 0.003571 0.009524
0 0.576786 0.106667 0.042143 0.015238
0 0.573571 0.100000 0.038571 0.020952
0 0.908929 0.168571 0.036429 0.020952
0 0.796071 0.177619 0.026429 0.020000
0 0.681429 0.171429 0.025714 0.020952
0 0.657857 0.148095 0.018571 0.018095
0 0.642500 0.135238 0.016429 0.022857
0 0.635714 0.125714 0.014286 0.013333
0 0.631429 0.111429 0.014286 0.020952
0 0.589643 0.066667 0.007857 0.015238
