0 0.882500 0.110476 0.006429 0.007619
0 0.951786 0.097143 0.005000 0.007619
0 0.936786 0.111905 0.006429 0.006667
1 0.946429 0.118095 0.010000 0.019048
0 0.930357 0.123333 0.007857 0.008571
0 0.937143 0.129048 0.007143 0.010476
0 0.926786 0.141429 0.007857 0.010476
0 0.936071 0.154762 0.009286 0.010476
0 0.918929 0.154762 0.009286 0.010476
0 0.906429 0.158095 0.008571 0.009524
0 0.884286 0.159048 0.010000 0.011429
0 0.856786 0.180000 0.012143 0.013333
0 0.896429 0.185238 0.012857 0.014286
0 0.883929 0.218571 0.017857 0.018095
0 0.907857 0.201905 0.014286 0.015238
0 0.901071 0.230000 0.013571 0.018095
0 0.916429 0.177619 0.012857 0.012381
1 0.930357 0.212381 0.025000 0.041905
1 0.951429 0.254762 0.027143 0.052381
1 0.887500 0.426667 0.056429 0.118095
1 0.684643 0.373333 0.073571 0.097143
0 0.861071 0.292857 0.017857 0.021905
0 0.830357 0.356667 0.025000 0.027619
0 0.817500 0.621429 0.037857 0.069524
0 0.781786 0.305238 0.020714 0.025714
0 0.775357 0.364286 0.029286 0.039048
0 0.758214 0.407619 0.029286 0.040000
0 0.728929 0.464286 0.035000 0.046667
0 0.701071 0.433333 0.035000 0.045714
0 0.662857 0.578095 0.048571 0.083810
0 0.560000 0.559524 0.051429 0.071429
0 0.761429 0.326667 0.024286 0.028571
0 0.728214 0.336667 0.020714 0.027619
0 0.626786 0.469524 0.039286 0.053333
0 0.671071 0.478571 0.040714 0.054286
0 0.636071 0.526190 0.042143 0.061905
0 0.505714 0.558095 0.054286 0.064762
0 0.583571 0.779524 0.064286 0.115238
0 0.409643 0.730952 0.063571 0.105714
0 0.432857 0.830952 0.070000 0.124762
0 0.729286 0.217143 0.017143 0.017143
0 0.611071 0.278571 0.036429 0.025714
0 0.627500 0.273333 0.032143 0.020952
0 0.621071 0.250000 0.022143 0.018095
0 0.641071 0.254286 0.020714 0.019048
0 0.658571 0.257619 0.018571 0.014286
0 0.587143 0.254286 0.024286 0.020952
0 0.590000 0.241429 0.020000 0.016190
0 0.546429 0.245714 0.018571 0.019048
0 0.552143 0.233810 0.017143 0.016190
0 0.539286 0.227143 0.020000 0.014286
0 0.576786 0.202857 0.025000 0.017143
0 0.599643 0.190952 0.027857 0.016190
0 0.622857 0.178571 0.021429 0.014286
0 0.630357 0.177143 0.019286 0.013333
0 0.645357 0.167143 0.022143 0.016190
0 0.653571 0.164286 0.018571 0.014286
0 0.495714 0.293810 0.028571 0.025714
0 0.386786 0.288095 0.036429 0.027619
0 0.371786 0.380476 0.050714 0.035238
0 0.379286 0.338095 0.038571 0.032381
0 0.401071 0.345714 0.036429 0.028571
0 0.268929 0.383333 0.049286 0.037143
0 0.252857 0.372857 0.050000 0.035238
0 0.237857 0.359048 0.044286 0.028571
0 0.096429 0.339524 0.054286 0.027619
0 0.056071 0.328571 0.033571 0.028571
0 0.034643 0.309048 0.025000 0.021905
0 0.044643 0.410476 0.063571 0.040000
0 0.070357 0.432857 0.067857 0.037143
0 0.086071 0.445238 0.065000 0.040952
0 0.104643 0.458095 0.057857 0.040000
2 0.201429 0.511429 0.071429 0.083810
0 0.252857 0.840952 0.101429 0.114286
