5 0.552975 0.944805 0.024530 0.080705
1 0.637265 0.929035 0.050104 0.054731
5 0.593946 0.844156 0.020877 0.044527
4 0.636743 0.848794 0.029228 0.042672
4 0.602035 0.825139 0.009916 0.023191
1 0.624217 0.820501 0.037578 0.043599
1 0.627088 0.805659 0.034969 0.039889
1 0.622651 0.776902 0.033403 0.041744
4 0.577505 0.772727 0.013048 0.040816
7 0.595772 0.751391 0.007829 0.016698
7 0.590292 0.722635 0.007307 0.018553
3 0.607777 0.728664 0.023486 0.025046
5 0.602035 0.690167 0.012004 0.031540
5 0.590031 0.653525 0.008873 0.023191
5 0.605950 0.655380 0.010438 0.025046
2 0.602296 0.642393 0.012526 0.026902
3 0.579071 0.618275 0.014092 0.045455
2 0.568633 0.604824 0.009916 0.020408
7 0.594468 0.589054 0.005219 0.012987
7 0.589509 0.594156 0.004697 0.012059
5 0.518789 0.509276 0.007307 0.012987
7 0.518267 0.546846 0.006263 0.010204
1 0.507307 0.496289 0.012526 0.011132
1 0.509656 0.495826 0.012004 0.010204
4 0.531837 0.462894 0.005219 0.007421
2 0.554802 0.472171 0.011482 0.011132
2 0.550365 0.483302 0.012004 0.011132
2 0.551670 0.480519 0.014614 0.011132
4 0.522704 0.455937 0.007829 0.006494
5 0.548539 0.460111 0.004175 0.011132
1 0.548800 0.429035 0.007829 0.008349
1 0.553236 0.425325 0.006263 0.006494
1 0.610647 0.545455 0.008351 0.016698
1 0.609342 0.534323 0.008873 0.012987
5 0.579593 0.486085 0.013048 0.016698
5 0.591336 0.481911 0.008351 0.013915
4 0.583768 0.500464 0.010960 0.010204
1 0.565762 0.470315 0.013570 0.011132
1 0.566545 0.464750 0.012004 0.009276
1 0.566806 0.462430 0.013570 0.010204
1 0.566806 0.460575 0.013570 0.012059
2 0.553758 0.440167 0.005219 0.010204
1 0.562630 0.443878 0.011482 0.008349
1 0.563935 0.438776 0.007829 0.007421
5 0.601253 0.450371 0.004175 0.010204
5 0.588987 0.450835 0.003653 0.009276
5 0.588205 0.443414 0.004175 0.009276
1 0.585073 0.415584 0.004175 0.005566
2 0.618998 0.415121 0.007307 0.008349
2 0.618476 0.432282 0.005219 0.011132
1 0.629436 0.438312 0.006263 0.008349
1 0.633612 0.444805 0.006263 0.008349
7 0.632046 0.449907 0.003132 0.005566
1 0.646399 0.429035 0.005741 0.008349
1 0.631002 0.425325 0.005219 0.006494
1 0.631002 0.420223 0.005219 0.007421
3 0.625783 0.410019 0.004175 0.007421
6 0.632307 0.412801 0.007829 0.012987
1 0.637004 0.429963 0.005741 0.010204
1 0.661273 0.487477 0.008351 0.013915
1 0.670929 0.486549 0.008873 0.012059
1 0.666754 0.478664 0.006785 0.009276
5 0.669624 0.451299 0.008351 0.010204
5 0.685543 0.451299 0.007829 0.010204
5 0.690501 0.453154 0.008351 0.010204
5 0.700418 0.460575 0.009395 0.012059
5 0.705376 0.457792 0.008873 0.010204
5 0.700939 0.456401 0.009395 0.011132
1 0.900313 0.667904 0.018789 0.024119
1 0.907359 0.629406 0.019311 0.025046
5 0.871868 0.660482 0.016180 0.027829
3 0.811065 0.570501 0.019833 0.029685
3 0.795407 0.555659 0.019833 0.027829
3 0.777662 0.570037 0.018789 0.034323
3 0.782881 0.525974 0.043841 0.025974
3 0.778445 0.522263 0.052714 0.035250
3 0.770094 0.512059 0.047495 0.038961
3 0.758612 0.501855 0.042276 0.033395
3 0.757307 0.499072 0.045929 0.033395
2 0.904749 0.480056 0.015136 0.013915
1 0.887265 0.477737 0.017745 0.012987
4 0.847599 0.476809 0.011482 0.011132
4 0.808977 0.467532 0.011482 0.012987
1 0.562630 0.437384 0.008351 0.006494
2 0.541754 0.405380 0.003132 0.007421
7 0.546190 0.407699 0.001566 0.004638
7 0.537839 0.422542 0.003653 0.004638
