2 0.039666 0.292208 0.044885 0.037106
1 0.162578 0.253247 0.048539 0.038961
7 0.311848 0.169295 0.006785 0.019481
4 0.447808 0.790816 0.024008 0.088126
4 0.485386 0.712894 0.063674 0.054731
7 0.560804 0.686920 0.012004 0.052876
7 0.604906 0.521800 0.008351 0.028757
7 0.568633 0.445733 0.008873 0.030612
7 0.551931 0.378942 0.007829 0.036178
0 0.557672 0.351577 0.007829 0.020408
1 0.614562 0.348330 0.023486 0.045455
5 0.630480 0.448052 0.021921 0.051948
1 0.884395 0.966605 0.099687 0.064935
2 0.782098 0.954545 0.053758 0.089054
2 0.774269 0.849722 0.045407 0.120594
0 0.796451 0.771336 0.027140 0.028757
7 0.769050 0.543135 0.018267 0.036178
7 0.746347 0.467069 0.017745 0.030612
1 0.729123 0.564471 0.028184 0.075139
4 0.701200 0.520872 0.017223 0.045455
5 0.695720 0.570965 0.025052 0.086271
5 0.737474 0.396568 0.049061 0.043599
1 0.713466 0.363173 0.048017 0.039889
4 0.700678 0.343692 0.025574 0.026902
7 0.692067 0.384972 0.019833 0.018553
7 0.670407 0.339518 0.009916 0.018553
5 0.639353 0.305195 0.011482 0.031540
7 0.641701 0.282468 0.010960 0.021336
7 0.690240 0.297310 0.004697 0.025046
7 0.681628 0.290816 0.013570 0.021336
1 0.632307 0.260668 0.021399 0.042672
1 0.624478 0.224026 0.021399 0.043599
4 0.696503 0.269017 0.013048 0.020408
7 0.700678 0.257885 0.013048 0.018553
7 0.683194 0.240260 0.015658 0.020408
7 0.704071 0.182746 0.015658 0.016698
7 0.689457 0.171614 0.013570 0.020408
2 0.676409 0.183673 0.032359 0.042672
1 0.623173 0.185065 0.030271 0.038033
1 0.569154 0.191558 0.016180 0.034323
4 0.561326 0.287570 0.013048 0.038961
5 0.546712 0.300557 0.014092 0.044527
7 0.578027 0.261132 0.006785 0.025046
7 0.532359 0.178108 0.009395 0.024119
7 0.519311 0.158627 0.011482 0.014842
5 0.569676 0.164657 0.013048 0.032468
5 0.573330 0.121521 0.013048 0.033395
7 0.637265 0.156308 0.012526 0.017625
4 0.577244 0.096939 0.008351 0.021336
1 0.602557 0.073748 0.013048 0.032468
5 0.616910 0.106679 0.010438 0.029685
5 0.623695 0.080241 0.012526 0.028757
5 0.639092 0.141929 0.023486 0.027829
7 0.670407 0.150278 0.013048 0.020408
4 0.692850 0.142857 0.022443 0.024119
5 0.640136 0.101113 0.021399 0.024119
7 0.630741 0.070037 0.010960 0.015770
7 0.643006 0.071429 0.010438 0.012987
4 0.621347 0.060297 0.009916 0.016698
7 0.615866 0.057978 0.006263 0.019481
7 0.592380 0.051484 0.004175 0.013915
4 0.579854 0.084416 0.009395 0.025974
4 0.584290 0.064471 0.010960 0.026902
5 0.575418 0.059833 0.008873 0.025046
4 0.574896 0.081169 0.015136 0.015770
5 0.584290 0.049629 0.008873 0.026902
5 0.584290 0.033395 0.008873 0.024119
5 0.634916 0.038033 0.010960 0.025974
7 0.610647 0.031076 0.005219 0.017625
1 0.539666 0.064935 0.022965 0.037106
2 0.544624 0.031076 0.024530 0.030612
2 0.560282 0.016698 0.025574 0.025974
4 0.556367 0.060761 0.011482 0.019481
1 0.703810 0.011596 0.023486 0.021336
5 0.639875 0.008349 0.010438 0.014842
