0 0.620000 0.848095 0.037143 0.082857
0 0.781429 0.889048 0.045714 0.082857
0 0.749643 0.550000 0.025000 0.023810
0 0.603929 0.514286 0.037857 0.019048
0 0.391429 0.490000 0.030000 0.023810
0 0.218214 0.495714 0.040714 0.021905
0 0.336071 0.324762 0.015000 0.013333
0 0.297857 0.368095 0.017143 0.014286
0 0.195714 0.429048 0.032857 0.020000
0 0.016429 0.497619 0.031429 0.018095
0 0.310357 0.333810 0.020714 0.012381
0 0.306071 0.350000 0.020714 0.014286
0 0.466786 0.292381 0.016429 0.011429
0 0.436429 0.216190 0.020000 0.011429
0 0.523571 0.263810 0.008571 0.011429
0 0.539643 0.251429 0.009286 0.009524
0 0.570357 0.261905 0.006429 0.007619
0 0.564643 0.249524 0.007857 0.007619
0 0.556429 0.220000 0.005714 0.007619
0 0.547857 0.217143 0.007143 0.007619
0 0.521071 0.222381 0.009286 0.012381
0 0.537143 0.232857 0.007143 0.008571
0 0.530000 0.231905 0.005714 0.008571
0 0.541429 0.209048 0.004286 0.006667
0 0.547143 0.206667 0.005714 0.005714
0 0.549643 0.198571 0.005000 0.006667
0 0.540714 0.199048 0.005714 0.007619
0 0.541429 0.214762 0.004286 0.004762
0 0.515000 0.202381 0.007143 0.008571
0 0.522143 0.191905 0.007143 0.008571
0 0.513929 0.174286 0.006429 0.007619
0 0.518929 0.132857 0.005000 0.004762
0 0.521429 0.233810 0.007143 0.008571
0 0.530357 0.161905 0.005000 0.005714
0 0.526786 0.155714 0.003571 0.002857
0 0.525357 0.150952 0.003571 0.002857
0 0.523571 0.141429 0.004286 0.004762
0 0.524286 0.146190 0.004286 0.004762
0 0.517857 0.122857 0.004286 0.003810
0 0.523571 0.122857 0.004286 0.005714
0 0.525714 0.128571 0.004286 0.005714
0 0.511786 0.143810 0.005000 0.005714
0 0.510000 0.138095 0.004286 0.003810
0 0.511071 0.120476 0.006429 0.004762
0 0.505357 0.122857 0.005000 0.007619
0 0.512143 0.129048 0.004286 0.006667
0 0.508214 0.130000 0.003571 0.004762
0 0.511429 0.114286 0.004286 0.003810
0 0.508571 0.108095 0.005714 0.006667
0 0.668929 0.300000 0.017857 0.009524
0 0.747857 0.325238 0.017143 0.010476
0 0.689286 0.277143 0.010000 0.011429
0 0.662857 0.258571 0.008571 0.012381
0 0.676071 0.241905 0.007857 0.007619
0 0.634286 0.301905 0.017143 0.011429
0 0.611786 0.268095 0.007857 0.012381
0 0.827500 0.505714 0.023571 0.022857
0 0.868214 0.459524 0.020714 0.018095
0 0.851071 0.376190 0.016429 0.015238
0 0.876429 0.352857 0.028571 0.018095
0 0.830357 0.360952 0.023571 0.017143
0 0.794643 0.321429 0.017857 0.012381
0 0.773571 0.320476 0.017143 0.010476
0 0.828571 0.330000 0.021429 0.014286
0 0.805000 0.340000 0.022857 0.013333
0 0.823214 0.338095 0.019286 0.013333
0 0.890000 0.470952 0.020000 0.021905
0 0.946786 0.426667 0.017857 0.015238
0 0.949286 0.369524 0.025714 0.015238
