0 0.299061 0.527365 0.015658 0.060297
0 0.320459 0.524119 0.014614 0.057514
2 0.324635 0.122449 0.044885 0.029685
0 0.313413 0.637755 0.039144 0.034323
0 0.315240 0.705937 0.038622 0.037106
0 0.063152 0.888219 0.034447 0.064007
0 0.119520 0.889610 0.045929 0.074212
2 0.579593 0.516234 0.063152 0.056586
2 0.582463 0.465213 0.062630 0.054731
2 0.579593 0.418831 0.062109 0.045455
2 0.577505 0.367811 0.062109 0.047310
2 0.582203 0.322820 0.058977 0.048237
0 0.740084 0.044063 0.026096 0.023191
0 0.847860 0.034323 0.033925 0.033395
0 0.901879 0.200371 0.026096 0.037106
0 0.939979 0.035250 0.031315 0.022263
2 0.960856 0.242115 0.024008 0.068646
2 0.879958 0.158163 0.044885 0.028757
2 0.788622 0.345547 0.031315 0.036178
2 0.879175 0.343692 0.031837 0.075139
2 0.928758 0.377087 0.020355 0.060297
0 0.894311 0.559369 0.022443 0.064935
