0 0.147500 0.647619 0.070714 0.085714
0 0.241786 0.496190 0.056429 0.053333
0 0.405000 0.497619 0.052857 0.052381
0 0.080357 0.351429 0.033571 0.028571
0 0.033929 0.311905 0.030714 0.033333
0 0.592857 0.513333 0.062857 0.055238
0 0.650357 0.469048 0.060714 0.050476
0 0.688929 0.448095 0.070714 0.050476
0 0.486071 0.435238 0.056429 0.043810
0 0.448214 0.422857 0.057857 0.045714
0 0.426429 0.409048 0.050000 0.046667
0 0.194643 0.456667 0.047857 0.040952
0 0.157143 0.421429 0.038571 0.040952
0 0.131786 0.397143 0.046429 0.038095
0 0.697500 0.432381 0.057857 0.047619
0 0.724286 0.411429 0.051429 0.045714
0 0.770000 0.399048 0.051429 0.043810
0 0.783214 0.389524 0.049286 0.040000
0 0.799643 0.373333 0.047857 0.043810
0 0.013571 0.291429 0.022857 0.022857
0 0.338214 0.404286 0.057857 0.035238
0 0.792857 0.309524 0.028571 0.022857
0 0.911071 0.267143 0.022143 0.018095
0 0.926071 0.242381 0.019286 0.016190
0 0.875000 0.244762 0.024286 0.017143
0 0.882143 0.241429 0.020000 0.016190
0 0.813929 0.358571 0.052143 0.044762
0 0.836429 0.350476 0.047143 0.036190
0 0.852857 0.336667 0.048571 0.040952
0 0.868929 0.324286 0.049286 0.033333
