0 0.498929 0.622381 0.053571 0.069524
0 0.472857 0.580952 0.047143 0.059048
0 0.444286 0.562381 0.052857 0.054286
0 0.542143 0.553810 0.042857 0.061905
0 0.529286 0.519048 0.045714 0.055238
0 0.587857 0.493333 0.040000 0.049524
0 0.528214 0.462857 0.039286 0.051429
0 0.554286 0.392857 0.035714 0.039048
0 0.572143 0.458095 0.038571 0.041905
0 0.623929 0.442857 0.033571 0.045714
0 0.602857 0.420476 0.031429 0.042857
0 0.802857 0.170000 0.012857 0.016190
0 0.807857 0.149524 0.010000 0.013333
0 0.943929 0.211429 0.016429 0.022857
0 0.580000 0.230000 0.030000 0.018095
