1 0.100357 0.022857 0.043571 0.041905
2 0.150357 0.034762 0.043571 0.065714
1 0.109286 0.081429 0.081429 0.046667
1 0.123571 0.125238 0.094286 0.054286
2 0.096786 0.156190 0.063571 0.083810
1 0.060357 0.223333 0.072143 0.094286
1 0.257500 0.150000 0.043571 0.058095
1 0.285000 0.860000 0.108571 0.278095
1 0.901786 0.934286 0.196429 0.129524
2 0.544286 0.721429 0.110000 0.269524
1 0.434643 0.681905 0.086429 0.228571
1 0.303571 0.578571 0.082857 0.178095
1 0.515714 0.499524 0.070000 0.149524
7 0.805714 0.707619 0.074286 0.078095
7 0.713571 0.585238 0.022857 0.075238
7 0.651071 0.470476 0.030714 0.083810
7 0.671429 0.474762 0.027143 0.077143
1 0.496786 0.340952 0.060714 0.106667
1 0.475000 0.235714 0.051429 0.075238
1 0.462500 0.161905 0.039286 0.064762
1 0.451071 0.110952 0.039286 0.056190
7 0.568571 0.192381 0.015714 0.049524
0 0.582500 0.113333 0.022143 0.020952
7 0.520000 0.095238 0.012857 0.038095
3 0.438929 0.040952 0.042143 0.081905
1 0.415357 0.020000 0.066429 0.038095
1 0.418929 0.322381 0.055000 0.084762
1 0.314643 0.398095 0.060714 0.116190
1 0.318929 0.280952 0.046429 0.081905
1 0.326429 0.199524 0.042857 0.058095
1 0.327143 0.136190 0.035714 0.062857
1 0.332143 0.072857 0.045714 0.042857
