5 0.644572 0.675325 0.036534 0.048237
4 0.669102 0.708256 0.037578 0.041744
4 0.647443 0.548237 0.013048 0.025974
5 0.622651 0.538961 0.030271 0.037106
5 0.610908 0.517625 0.030793 0.040816
4 0.638570 0.525046 0.013048 0.024119
4 0.646660 0.512523 0.013570 0.034323
4 0.633612 0.512059 0.010438 0.024119
7 0.649530 0.489332 0.005741 0.021336
7 0.660230 0.485622 0.008351 0.028757
7 0.654749 0.467532 0.007829 0.016698
4 0.636221 0.482839 0.012526 0.039889
4 0.660752 0.451763 0.014614 0.035250
4 0.654749 0.434601 0.012004 0.034323
5 0.616127 0.436456 0.023486 0.032468
7 0.594468 0.464286 0.012526 0.019481
7 0.594207 0.319573 0.010960 0.013915
4 0.597338 0.282004 0.009916 0.022263
1 0.627610 0.255566 0.009916 0.025046
2 0.604906 0.255102 0.010438 0.018553
3 0.618215 0.241187 0.019311 0.020408
4 0.513831 0.420223 0.008873 0.035250
4 0.532098 0.347403 0.007829 0.017625
4 0.555846 0.288497 0.007307 0.022263
5 0.566545 0.286178 0.007829 0.023191
7 0.534708 0.279685 0.004697 0.012059
4 0.515136 0.254174 0.006263 0.014842
4 0.510960 0.240260 0.012526 0.012987
7 0.535230 0.230983 0.008873 0.011132
7 0.529749 0.215677 0.003132 0.012059
7 0.534708 0.217069 0.002610 0.007421
4 0.540971 0.219852 0.007829 0.016698
4 0.567850 0.212894 0.004175 0.010204
4 0.622651 0.201763 0.015658 0.017625
3 0.592641 0.132189 0.009916 0.019481
7 0.582985 0.133117 0.003132 0.006494
