6 0.494643 0.232857 0.006429 0.020000
6 0.467857 0.296190 0.011429 0.030476
3 0.486071 0.150476 0.006429 0.017143
3 0.502500 0.207619 0.006429 0.019048
3 0.479286 0.234762 0.005714 0.014286
3 0.502500 0.146667 0.005000 0.011429
3 0.478571 0.184762 0.005714 0.013333
3 0.481071 0.167143 0.005000 0.012381
1 0.541786 0.214286 0.010714 0.007619
1 0.490000 0.128571 0.002857 0.003810
1 0.484643 0.179048 0.003571 0.005714
1 0.501786 0.188095 0.003571 0.006667
1 0.500357 0.193810 0.003571 0.006667
3 0.485000 0.138095 0.005714 0.009524
1 0.526071 0.160952 0.003571 0.005714
1 0.492500 0.220000 0.005000 0.007619
1 0.497500 0.258571 0.005000 0.008571
1 0.530714 0.308571 0.015714 0.009524
1 0.472857 0.264762 0.005714 0.009524
1 0.547857 0.235714 0.012857 0.006667
1 0.549286 0.239524 0.011429 0.006667
1 0.550000 0.243333 0.011429 0.006667
1 0.549643 0.248095 0.012143 0.008571
1 0.551071 0.251905 0.012143 0.006667
1 0.528929 0.300000 0.016429 0.009524
1 0.535714 0.339048 0.017143 0.013333
2 0.490714 0.310952 0.007143 0.016190
2 0.493214 0.339524 0.009286 0.018095
3 0.461786 0.352857 0.016429 0.058095
3 0.483929 0.422381 0.013571 0.029524
3 0.524643 0.414286 0.009286 0.022857
1 0.556429 0.447143 0.022857 0.012381
1 0.560000 0.455238 0.021429 0.009524
1 0.471071 0.563810 0.013571 0.028571
1 0.467500 0.693810 0.017857 0.040952
6 0.412500 0.767619 0.033571 0.106667
3 0.455000 0.881429 0.030000 0.096190
3 0.021071 0.691429 0.042143 0.131429
1 0.022857 0.627143 0.040000 0.021905
1 0.103929 0.529048 0.033571 0.016190
1 0.243571 0.406190 0.015714 0.018095
1 0.316786 0.368571 0.013571 0.019048
1 0.192500 0.435714 0.017857 0.020000
1 0.140357 0.516190 0.032143 0.017143
1 0.096429 0.546667 0.032857 0.020952
3 0.308571 0.430000 0.024286 0.031429
7 0.192143 0.421905 0.010000 0.009524
3 0.251429 0.230952 0.010000 0.012381
3 0.299286 0.285238 0.028571 0.029524
2 0.293214 0.309524 0.009286 0.015238
2 0.301071 0.310952 0.007857 0.014286
2 0.314286 0.264286 0.010000 0.010476
2 0.337143 0.229524 0.010000 0.007619
1 0.354286 0.240476 0.007143 0.008571
1 0.325000 0.255714 0.011429 0.006667
1 0.319286 0.262381 0.010000 0.008571
1 0.311786 0.271429 0.013571 0.009524
3 0.238929 0.226667 0.012143 0.017143
3 0.245357 0.229048 0.009286 0.014286
3 0.211429 0.231429 0.025714 0.019048
3 0.200714 0.234762 0.022857 0.018095
1 0.638929 0.471429 0.025000 0.015238
3 0.430714 0.135238 0.022857 0.011429
3 0.495714 0.151905 0.005714 0.012381
1 0.502857 0.156190 0.004286 0.005714
