1 0.401357 0.644249 0.080376 0.217996
7 0.500783 0.631725 0.023486 0.072356
5 0.487474 0.532004 0.029228 0.104824
7 0.490344 0.487477 0.041232 0.038033
7 0.490344 0.468924 0.023486 0.049165
7 0.490866 0.448516 0.022443 0.051020
1 0.468424 0.373840 0.051670 0.107607
4 0.481211 0.297774 0.022965 0.074212
5 0.537578 0.410019 0.028184 0.100186
4 0.600470 0.442022 0.026618 0.091837
7 0.585334 0.607143 0.019311 0.067718
4 0.556628 0.796846 0.036013 0.152134
5 0.630741 0.301020 0.023486 0.075139
5 0.634395 0.253711 0.019311 0.047310
5 0.608038 0.225881 0.024008 0.065863
5 0.577766 0.199443 0.020877 0.059369
7 0.657620 0.288961 0.012526 0.043599
4 0.490605 0.264378 0.018789 0.042672
4 0.493998 0.222635 0.040188 0.055659
4 0.526096 0.209184 0.026096 0.047310
4 0.510960 0.177644 0.015658 0.041744
7 0.544885 0.233766 0.010438 0.040816
7 0.617693 0.248145 0.010960 0.039889
5 0.657359 0.222171 0.030793 0.062152
5 0.640658 0.187848 0.019311 0.060297
4 0.604123 0.189703 0.023486 0.030612
4 0.657359 0.171614 0.022443 0.033395
7 0.513309 0.152597 0.012004 0.028757
3 0.522965 0.125232 0.032359 0.051948
3 0.581681 0.124768 0.036013 0.058442
7 0.622129 0.139147 0.009395 0.031540
4 0.571242 0.094156 0.017223 0.028757
7 0.610125 0.075603 0.009395 0.025046
1 0.587944 0.048237 0.028706 0.042672
7 0.624478 0.033395 0.008873 0.020408
7 0.659708 0.043599 0.007307 0.025974
3 0.687630 0.056586 0.060021 0.113173
