0 0.946250 0.276333 0.007500 0.011333
0 0.922000 0.320333 0.025000 0.015333
0 0.909250 0.327667 0.012500 0.015333
0 0.910500 0.335000 0.027000 0.016667
0 0.907750 0.343000 0.031500 0.019333
0 0.897750 0.346333 0.026500 0.019333
0 0.907250 0.354000 0.030500 0.018667
0 0.889000 0.354000 0.029000 0.018667
0 0.895000 0.363333 0.039000 0.024000
0 0.892500 0.367000 0.029000 0.022000
0 0.887250 0.373000 0.034500 0.024667
0 0.883750 0.382667 0.038500 0.025333
0 0.871250 0.397667 0.038500 0.026000
0 0.865250 0.404667 0.041500 0.030667
0 0.826500 0.438333 0.046000 0.035333
0 0.804250 0.444667 0.051500 0.034667
0 0.957250 0.331000 0.033500 0.016667
0 0.910750 0.503333 0.052500 0.037333
0 0.977500 0.427667 0.045000 0.023333
0 0.983750 0.441000 0.032500 0.027333
0 0.988250 0.493000 0.023500 0.046000
0 0.993000 0.394333 0.014000 0.026000
0 0.990250 0.377000 0.019500 0.020667
0 0.988750 0.368333 0.022500 0.015333
0 0.989750 0.354667 0.020500 0.018667
0 0.994000 0.336667 0.012000 0.018667
0 0.991500 0.327000 0.017000 0.012667
0 0.990000 0.318667 0.020000 0.013333
0 0.995750 0.305333 0.008500 0.013333
0 0.731750 0.334000 0.017500 0.020000
0 0.413750 0.416667 0.039500 0.033333
0 0.393250 0.345000 0.019500 0.022000
0 0.382750 0.324667 0.010500 0.020000
0 0.326000 0.328000 0.023000 0.021333
0 0.338750 0.313000 0.027500 0.015333
0 0.363250 0.306333 0.023500 0.015333
0 0.418500 0.296667 0.020000 0.013333
0 0.397000 0.300333 0.020000 0.018000
0 0.233250 0.326000 0.028500 0.016000
0 0.146000 0.313333 0.016000 0.013333
0 0.160000 0.318000 0.015000 0.014667
0 0.175500 0.323333 0.020000 0.014667
0 0.200000 0.327333 0.028000 0.016000
0 0.355000 0.397000 0.038000 0.031333
2 0.421250 0.963667 0.133500 0.072667
0 0.544250 0.902667 0.083500 0.166667
0 0.744000 0.791333 0.078000 0.112000
0 0.909500 0.935667 0.140000 0.095333
2 0.944250 0.822333 0.111500 0.179333
0 0.735500 0.611667 0.049000 0.067333
