2 0.200357 0.910476 0.089286 0.175238
1 0.236786 0.743333 0.076429 0.126667
1 0.298571 0.579048 0.065714 0.121905
1 0.327857 0.485714 0.040000 0.074286
0 0.348929 0.457143 0.026429 0.017143
1 0.422500 0.252381 0.033571 0.051429
1 0.372143 0.399524 0.042857 0.069524
0 0.429643 0.220952 0.012143 0.017143
0 0.443929 0.237619 0.012143 0.018095
2 0.592857 0.917619 0.057143 0.162857
1 0.697143 0.940476 0.078571 0.119048
1 0.870000 0.796190 0.088571 0.148571
1 0.765357 0.812857 0.069286 0.157143
1 0.672500 0.722381 0.062143 0.128571
1 0.595714 0.723810 0.051429 0.129524
1 0.587500 0.588095 0.043571 0.096190
1 0.657500 0.564762 0.050714 0.100952
1 0.733214 0.578095 0.053571 0.120000
1 0.811071 0.603333 0.066429 0.111429
1 0.590357 0.470476 0.035000 0.070476
1 0.823929 0.352857 0.070714 0.065714
0 0.761071 0.374286 0.016429 0.024762
0 0.832500 0.410952 0.019286 0.029524
1 0.454643 0.163810 0.036429 0.040000
1 0.402857 0.110476 0.051429 0.028571
1 0.416429 0.085238 0.041429 0.016190
1 0.338571 0.135238 0.052857 0.028571
1 0.278929 0.130000 0.035000 0.018095
1 0.193571 0.131905 0.038571 0.025714
1 0.321429 0.100476 0.050000 0.025714
1 0.119286 0.114762 0.050000 0.021905
1 0.075000 0.128095 0.054286 0.025714
1 0.212500 0.109048 0.045000 0.025714
1 0.241786 0.127143 0.037857 0.025714
1 0.476071 0.044286 0.019286 0.025714
1 0.447500 0.033333 0.030714 0.019048
1 0.531071 0.154286 0.043571 0.049524
1 0.600714 0.218095 0.055714 0.057143
7 0.848214 0.122857 0.015000 0.017143
0 0.824643 0.123333 0.007857 0.016190
1 0.790714 0.085238 0.057143 0.027619
6 0.766786 0.040476 0.066429 0.067619
1 0.709643 0.052857 0.020714 0.021905
1 0.677143 0.058571 0.027143 0.027619
1 0.608571 0.081905 0.051429 0.028571
4 0.601071 0.066190 0.029286 0.025714
6 0.665357 0.030476 0.039286 0.055238
1 0.637143 0.014762 0.037143 0.021905
1 0.841786 0.013333 0.035000 0.024762
1 0.903929 0.068571 0.053571 0.026667
1 0.976786 0.050952 0.046429 0.031429
0 0.673214 0.134286 0.020714 0.015238
1 0.875357 0.009048 0.035000 0.018095
1 0.916429 0.008571 0.037143 0.017143
1 0.957500 0.007143 0.037857 0.014286
