0 0.018571 0.158571 0.037143 0.077143
0 0.026786 0.284762 0.052143 0.093333
0 0.074286 0.021905 0.054286 0.043810
0 0.120714 0.022857 0.040000 0.045714
0 0.162500 0.023333 0.042143 0.044762
0 0.271429 0.015714 0.037143 0.031429
0 0.047143 0.161905 0.064286 0.080000
0 0.113571 0.178571 0.061429 0.084762
0 0.183571 0.167143 0.051429 0.080952
0 0.233214 0.156667 0.050714 0.088571
0 0.279643 0.174762 0.042143 0.090476
0 0.327500 0.165238 0.043571 0.075238
0 0.243214 0.279048 0.055000 0.089524
2 0.463571 0.203333 0.054286 0.107619
2 0.502500 0.420952 0.072143 0.171429
2 0.678571 0.294286 0.057143 0.175238
0 0.705000 0.652857 0.060000 0.166667
0 0.968929 0.838571 0.062143 0.180000
0 0.877143 0.454762 0.072857 0.107619
2 0.765357 0.910952 0.109286 0.178095
0 0.844643 0.356667 0.073571 0.096190
0 0.196786 0.554286 0.067857 0.121905
2 0.148929 0.728095 0.100714 0.187619
2 0.056786 0.697619 0.113571 0.258095
