1 0.130000 0.084391 0.005714 0.011421
1 0.139643 0.133883 0.015000 0.011421
3 0.051429 0.200508 0.031429 0.027919
6 0.018929 0.276650 0.037857 0.048223
1 0.110000 0.213198 0.017143 0.012690
2 0.323214 0.091371 0.015000 0.012690
1 0.341071 0.111675 0.009286 0.015228
1 0.206429 0.248731 0.014286 0.015228
1 0.174286 0.230964 0.015714 0.012690
1 0.247500 0.262690 0.016429 0.015228
1 0.280000 0.262056 0.017143 0.019036
2 0.226429 0.243020 0.017143 0.019036
1 0.132500 0.365482 0.016429 0.022843
1 0.135714 0.392132 0.017143 0.020305
1 0.124286 0.518401 0.024286 0.031726
1 0.115000 0.417513 0.020000 0.020305
1 0.074643 0.434645 0.017857 0.021574
1 0.095357 0.440355 0.019286 0.025381
6 0.095714 0.382614 0.045714 0.054569
6 0.137143 0.332487 0.044286 0.060914
1 0.147500 0.357868 0.015000 0.020305
1 0.166071 0.339467 0.012143 0.019036
1 0.157143 0.338198 0.015714 0.019036
3 0.158929 0.371827 0.029286 0.035533
3 0.182857 0.327411 0.027143 0.040609
1 0.315357 0.286168 0.017857 0.016497
1 0.324643 0.279822 0.016429 0.016497
1 0.325714 0.328046 0.015714 0.013959
1 0.324286 0.317893 0.017143 0.016497
1 0.336786 0.360406 0.017857 0.017766
1 0.038929 0.596447 0.029286 0.035533
2 0.131786 0.555838 0.023571 0.035533
2 0.307857 0.346447 0.017143 0.020305
3 0.313929 0.333122 0.026429 0.026650
1 0.347857 0.338832 0.018571 0.017766
1 0.345000 0.327411 0.017143 0.015228
1 0.360357 0.310914 0.017857 0.017766
1 0.380714 0.340736 0.018571 0.016497
1 0.491786 0.411168 0.019286 0.017766
2 0.420714 0.365482 0.020000 0.017766
3 0.454643 0.387056 0.029286 0.030457
2 0.405000 0.307107 0.018571 0.022843
1 0.457500 0.369289 0.017857 0.015228
1 0.520357 0.349619 0.020714 0.019036
3 0.535000 0.404822 0.032857 0.035533
1 0.554286 0.437183 0.022857 0.019036
1 0.604286 0.425761 0.021429 0.019036
6 0.628214 0.458756 0.030714 0.031726
1 0.690714 0.489848 0.020000 0.017766
6 0.772500 0.517132 0.036429 0.034264
1 0.703929 0.428299 0.022143 0.021574
1 0.713571 0.484137 0.020000 0.019036
1 0.895000 0.549492 0.025714 0.022843
1 0.935357 0.591371 0.027857 0.022843
2 0.792857 0.498096 0.022857 0.024112
2 0.977500 0.592005 0.029286 0.029188
2 0.863214 0.560914 0.027857 0.027919
1 0.400357 0.970178 0.033571 0.046954
1 0.442500 0.912437 0.029286 0.045685
1 0.056429 0.314721 0.011429 0.015228
1 0.375714 0.024112 0.011429 0.010152
1 0.381429 0.016497 0.011429 0.010152
1 0.386071 0.011421 0.009286 0.007614
1 0.389643 0.006980 0.007857 0.008883
6 0.426786 0.088198 0.013571 0.021574
6 0.475000 0.006980 0.011429 0.013959
