3 0.185357 0.980476 0.039286 0.035238
3 0.322143 0.749048 0.025714 0.061905
3 0.391429 0.600952 0.032857 0.024762
3 0.384286 0.466190 0.020000 0.039048
3 0.413929 0.374286 0.012143 0.020952
3 0.347857 0.330476 0.014286 0.022857
3 0.389643 0.279048 0.015000 0.030476
3 0.370714 0.294286 0.008571 0.013333
3 0.020357 0.602857 0.025000 0.036190
3 0.057500 0.262381 0.027857 0.014286
3 0.184286 0.192381 0.010000 0.009524
3 0.181429 0.188095 0.017143 0.020000
3 0.172857 0.184762 0.015714 0.022857
3 0.168929 0.183333 0.019286 0.023810
1 0.243929 0.906667 0.025000 0.017143
1 0.273929 0.884762 0.017857 0.034286
1 0.216071 0.866667 0.016429 0.030476
2 0.230357 0.603810 0.012143 0.017143
1 0.402857 0.518571 0.015714 0.012381
1 0.401786 0.511429 0.016429 0.011429
1 0.403929 0.504286 0.015000 0.008571
1 0.406429 0.490952 0.012857 0.010476
1 0.422143 0.399524 0.014286 0.010476
1 0.324286 0.172381 0.008571 0.005714
1 0.428929 0.210000 0.005000 0.006667
1 0.436786 0.149524 0.003571 0.005714
1 0.442500 0.165714 0.005000 0.005714
1 0.440714 0.171429 0.004286 0.005714
1 0.437143 0.175238 0.004286 0.005714
6 0.424286 0.167143 0.008571 0.014286
6 0.485000 0.055238 0.005714 0.009524
