0 0.667143 0.981599 0.018571 0.034264
1 0.711071 0.903553 0.022143 0.058376
0 0.705000 0.774112 0.024286 0.048223
0 0.755714 0.668147 0.028571 0.044416
0 0.780714 0.581218 0.020000 0.055838
0 0.813214 0.552030 0.020714 0.050761
0 0.823571 0.498096 0.020000 0.057107
0 0.802500 0.486675 0.017857 0.049492
0 0.765714 0.512690 0.018571 0.048223
2 0.753214 0.588198 0.036429 0.107868
0 0.832143 0.444162 0.014286 0.048223
0 0.811786 0.396574 0.019286 0.052030
0 0.838929 0.387056 0.016429 0.053299
0 0.843571 0.336294 0.015714 0.045685
0 0.848571 0.288706 0.015714 0.049492
0 0.810000 0.230330 0.012857 0.041878
0 0.809286 0.179569 0.014286 0.046954
0 0.856429 0.185914 0.015714 0.046954
0 0.872143 0.022208 0.014286 0.044416
0 0.925000 0.132614 0.027143 0.026650
0 0.670714 0.694162 0.030000 0.030457
0 0.627857 0.711294 0.028571 0.034264
0 0.560000 0.679569 0.031429 0.031726
0 0.453214 0.668147 0.032143 0.031726
0 0.513571 0.616751 0.028571 0.027919
1 0.358214 0.616117 0.039286 0.039340
2 0.260714 0.501269 0.045714 0.043147
2 0.186071 0.465102 0.047857 0.046954
2 0.096429 0.416244 0.068571 0.058376
0 0.051429 0.500635 0.028571 0.029188
