2 0.114250 0.974333 0.038500 0.051333
2 0.146500 0.907333 0.030000 0.058667
1 0.158750 0.852333 0.042500 0.054000
1 0.153000 0.830667 0.042000 0.041333
1 0.205000 0.876000 0.027000 0.046667
1 0.171500 0.977667 0.033000 0.043333
1 0.189750 0.927333 0.028500 0.049333
1 0.274000 0.919333 0.035000 0.058667
1 0.285750 0.855000 0.025500 0.048667
1 0.296750 0.982333 0.024500 0.034000
1 0.424750 0.880667 0.020500 0.053333
1 0.464000 0.984333 0.020000 0.022000
1 0.429750 0.767000 0.017500 0.043333
1 0.459500 0.746000 0.017000 0.038667
1 0.446000 0.677333 0.016000 0.037333
1 0.544750 0.762333 0.019500 0.036667
2 0.581750 0.842333 0.022500 0.046000
1 0.561000 0.691333 0.017000 0.030667
1 0.513250 0.656667 0.014500 0.026667
3 0.489250 0.688667 0.019500 0.054667
1 0.472500 0.654667 0.015000 0.029333
1 0.460750 0.610000 0.013500 0.025333
1 0.473500 0.572667 0.015000 0.026667
1 0.548750 0.597333 0.014500 0.022667
1 0.451250 0.565000 0.013500 0.024667
1 0.427250 0.565333 0.013500 0.025333
1 0.551750 0.548000 0.013500 0.018667
1 0.504500 0.538000 0.012000 0.018667
1 0.522000 0.516667 0.011000 0.020000
1 0.502500 0.517333 0.011000 0.018667
1 0.474250 0.530000 0.011500 0.021333
1 0.451750 0.522000 0.011500 0.022667
1 0.435000 0.497667 0.010000 0.019333
1 0.481000 0.504667 0.012000 0.020000
1 0.502250 0.497000 0.010500 0.016667
1 0.530500 0.481333 0.010000 0.016000
1 0.546000 0.471667 0.011000 0.015333
1 0.456000 0.484333 0.012000 0.019333
1 0.221500 0.823333 0.029000 0.045333
2 0.267500 0.787667 0.060000 0.036667
1 0.219750 0.783667 0.038500 0.035333
1 0.268000 0.748333 0.048000 0.024667
1 0.145250 0.779000 0.041500 0.040667
1 0.189250 0.743000 0.035500 0.042000
1 0.170500 0.741000 0.032000 0.035333
2 0.241500 0.714000 0.022000 0.045333
1 0.200250 0.705000 0.033500 0.036667
1 0.251500 0.687000 0.016000 0.026000
1 0.221000 0.674000 0.020000 0.033333
1 0.263500 0.651333 0.018000 0.030667
1 0.275500 0.623667 0.018000 0.026000
1 0.262500 0.567333 0.030000 0.018667
1 0.318000 0.567000 0.029000 0.016667
1 0.228500 0.568333 0.027000 0.016667
1 0.336000 0.612667 0.017000 0.030667
1 0.620750 0.905333 0.023500 0.052000
7 0.608250 0.638667 0.003500 0.012000
7 0.422500 0.442667 0.003000 0.008000
7 0.427500 0.412667 0.003000 0.006667
0 0.417250 0.414667 0.003500 0.008000
1 0.526250 0.416000 0.008500 0.012000
1 0.539500 0.419000 0.009000 0.012667
7 0.565000 0.418333 0.003000 0.008667
1 0.461000 0.384667 0.009000 0.013333
1 0.472000 0.384000 0.008000 0.013333
1 0.485250 0.384667 0.008500 0.013333
1 0.475000 0.369667 0.008000 0.011333
2 0.462000 0.366000 0.008000 0.014667
1 0.522750 0.375333 0.007500 0.010667
1 0.535250 0.371000 0.007500 0.010000
1 0.502250 0.364667 0.007500 0.010667
1 0.486500 0.355667 0.008000 0.012667
2 0.511000 0.352667 0.007000 0.012000
1 0.487250 0.336000 0.007500 0.010667
1 0.476000 0.341333 0.007000 0.010667
1 0.518750 0.335000 0.006500 0.008667
6 0.534000 0.331000 0.010000 0.024667
6 0.467250 0.328667 0.010500 0.024000
1 0.470000 0.317000 0.006000 0.010000
1 0.479000 0.320333 0.007000 0.010000
1 0.489750 0.312333 0.007500 0.011333
1 0.504000 0.305667 0.006000 0.007333
1 0.514000 0.305333 0.007000 0.008000
1 0.477250 0.287667 0.005500 0.008667
1 0.519750 0.290000 0.006500 0.008000
1 0.511750 0.288667 0.006500 0.008000
1 0.524500 0.282667 0.006000 0.008000
6 0.531500 0.278000 0.009000 0.020000
6 0.532250 0.265333 0.008500 0.018667
1 0.512500 0.275667 0.006000 0.007333
1 0.505250 0.276333 0.005500 0.007333
3 0.517000 0.261000 0.006000 0.012667
1 0.495750 0.258333 0.005500 0.008667
1 0.522250 0.256000 0.005500 0.006667
1 0.512000 0.249667 0.005000 0.006000
1 0.521500 0.245000 0.004000 0.006000
1 0.483750 0.247000 0.005500 0.007333
1 0.492000 0.244667 0.005000 0.008000
1 0.508250 0.235333 0.004500 0.006667
2 0.515750 0.236333 0.004500 0.007333
1 0.523500 0.224000 0.005000 0.005333
1 0.487500 0.226667 0.005000 0.006667
1 0.486750 0.219333 0.004500 0.006667
3 0.474250 0.206667 0.007500 0.010667
3 0.465000 0.222333 0.007000 0.011333
1 0.511750 0.205667 0.003500 0.004667
1 0.522500 0.203333 0.004000 0.004000
6 0.488000 0.187333 0.006000 0.012000
1 0.499250 0.194000 0.003500 0.005333
1 0.511000 0.197333 0.004000 0.005333
1 0.517250 0.196667 0.003500 0.005333
7 0.855500 0.981000 0.015000 0.015333
0 0.812250 0.965333 0.014500 0.024000
0 0.830500 0.988000 0.020000 0.016000
