0 0.315000 0.970952 0.031429 0.058095
0 0.343929 0.947619 0.027857 0.068571
0 0.417857 0.860952 0.030000 0.064762
0 0.470000 0.792857 0.031429 0.065714
0 0.310000 0.831429 0.021429 0.053333
0 0.334286 0.805238 0.020000 0.046667
0 0.359286 0.778571 0.020000 0.048571
0 0.380357 0.752381 0.022143 0.045714
0 0.419286 0.699048 0.020000 0.038095
0 0.454286 0.666667 0.024286 0.047619
0 0.418929 0.503333 0.019286 0.027619
0 0.467857 0.526667 0.022857 0.032381
0 0.463214 0.521429 0.029286 0.033333
0 0.459643 0.513810 0.026429 0.027619
0 0.455714 0.502857 0.021429 0.024762
2 0.452500 0.475714 0.035000 0.037143
0 0.442143 0.422857 0.014286 0.017143
0 0.419286 0.491905 0.017143 0.020000
0 0.419286 0.480476 0.020000 0.021905
0 0.412857 0.462857 0.014286 0.017143
0 0.410357 0.452857 0.016429 0.018095
0 0.406429 0.452381 0.014286 0.020952
0 0.441786 0.419048 0.012143 0.017143
0 0.440357 0.419524 0.010714 0.016190
0 0.436071 0.420476 0.012143 0.016190
0 0.434643 0.413810 0.010714 0.014286
0 0.405000 0.386667 0.007143 0.009524
0 0.402143 0.418571 0.007143 0.010476
0 0.464286 0.328571 0.008571 0.009524
0 0.476429 0.314286 0.008571 0.009524
0 0.517857 0.262857 0.010000 0.011429
0 0.526429 0.266667 0.010000 0.009524
0 0.520000 0.277619 0.010000 0.010476
0 0.510714 0.273333 0.008571 0.007619
0 0.508929 0.277619 0.010714 0.012381
0 0.499643 0.292381 0.010714 0.011429
0 0.508214 0.325714 0.007857 0.011429
0 0.508214 0.300952 0.009286 0.011429
0 0.510714 0.300476 0.010000 0.014286
0 0.514643 0.298095 0.012143 0.013333
0 0.517143 0.298571 0.011429 0.012381
0 0.521071 0.296190 0.013571 0.015238
0 0.526786 0.307619 0.013571 0.015238
0 0.529286 0.309048 0.011429 0.016190
0 0.535000 0.306190 0.012857 0.018095
0 0.536429 0.309048 0.014286 0.016190
0 0.539643 0.308571 0.013571 0.015238
0 0.558214 0.268571 0.013571 0.013333
0 0.560000 0.272381 0.015714 0.015238
0 0.583929 0.270952 0.017857 0.018095
0 0.595000 0.263810 0.017143 0.019048
0 0.605000 0.263810 0.017143 0.019048
0 0.615714 0.255714 0.017143 0.023810
0 0.632857 0.250476 0.021429 0.020952
0 0.563571 0.309048 0.014286 0.021905
0 0.572143 0.304762 0.014286 0.022857
0 0.577143 0.306667 0.012857 0.020952
0 0.567143 0.337619 0.012857 0.016190
0 0.625000 0.286190 0.018571 0.021905
0 0.634286 0.281905 0.018571 0.024762
0 0.642500 0.281905 0.020714 0.026667
0 0.657857 0.272857 0.021429 0.027619
0 0.667857 0.269048 0.020000 0.021905
0 0.672143 0.276190 0.024286 0.028571
0 0.686429 0.275238 0.025714 0.034286
0 0.708929 0.272857 0.022143 0.025714
0 0.675714 0.309048 0.025714 0.029524
0 0.807143 0.275714 0.037143 0.027619
0 0.883571 0.223333 0.052857 0.050476
0 0.936071 0.106667 0.050714 0.030476
0 0.957500 0.072381 0.042143 0.030476
0 0.937143 0.444286 0.090000 0.063810
0 0.806429 0.450476 0.055714 0.040000
0 0.679643 0.567143 0.043571 0.052381
0 0.721786 0.547619 0.049286 0.051429
0 0.739643 0.483810 0.049286 0.047619
0 0.669643 0.501905 0.040714 0.041905
0 0.696786 0.468095 0.042143 0.035238
0 0.679286 0.412381 0.035714 0.032381
0 0.605357 0.494286 0.032143 0.036190
0 0.623571 0.473333 0.028571 0.030476
0 0.619643 0.395714 0.026429 0.027619
0 0.629643 0.362857 0.026429 0.024762
0 0.598214 0.458095 0.026429 0.028571
0 0.539286 0.456667 0.021429 0.025714
0 0.520714 0.447619 0.015714 0.020952
2 0.574286 0.441905 0.027143 0.028571
0 0.558929 0.431905 0.020714 0.023810
0 0.542143 0.423810 0.020000 0.020952
0 0.528214 0.416190 0.016429 0.019048
0 0.518571 0.406667 0.015714 0.017143
0 0.508214 0.408095 0.015000 0.016190
0 0.514286 0.383810 0.015714 0.015238
0 0.537143 0.353333 0.011429 0.015238
0 0.546429 0.368571 0.015714 0.017143
0 0.587143 0.377143 0.020000 0.022857
