0 0.238571 0.551429 0.161429 0.095238
0 0.919643 0.919048 0.160714 0.156190
0 0.887857 0.711429 0.110000 0.222857
0 0.362143 0.357143 0.074286 0.097143
0 0.823571 0.391429 0.065714 0.099048
0 0.857143 0.526667 0.088571 0.137143
0 0.915000 0.362857 0.071429 0.106667
0 0.891429 0.243810 0.042857 0.081905
0 0.801786 0.294286 0.053571 0.076190
0 0.735714 0.182381 0.050000 0.054286
0 0.783571 0.172381 0.038571 0.053333
0 0.777143 0.124286 0.032857 0.042857
0 0.730000 0.090000 0.031429 0.042857
0 0.762500 0.049524 0.027857 0.036190
0 0.624643 0.107619 0.035000 0.047619
0 0.547857 0.271905 0.050000 0.079048
0 0.478571 0.117619 0.038571 0.058095
0 0.508214 0.069048 0.032143 0.037143
0 0.603571 0.061905 0.028571 0.041905
0 0.610714 0.036190 0.027143 0.038095
0 0.619286 0.012857 0.022857 0.023810
