1 0.066071 0.112857 0.019286 0.018095
1 0.184643 0.345714 0.017857 0.019048
1 0.201071 0.357619 0.015000 0.016190
1 0.298571 0.131429 0.020000 0.019048
1 0.291071 0.147143 0.019286 0.020000
1 0.281786 0.160000 0.019286 0.017143
1 0.275000 0.171429 0.020000 0.020952
1 0.340000 0.160000 0.015714 0.026667
1 0.326429 0.180000 0.021429 0.019048
1 0.309286 0.202381 0.015714 0.021905
1 0.320714 0.205714 0.015714 0.024762
1 0.352500 0.226667 0.016429 0.024762
1 0.363571 0.233810 0.017143 0.021905
1 0.352143 0.166190 0.017143 0.025714
1 0.370357 0.176667 0.017857 0.023810
1 0.394643 0.191429 0.016429 0.026667
1 0.413214 0.201429 0.017857 0.027619
1 0.424286 0.209048 0.017143 0.027619
1 0.438571 0.214762 0.012857 0.020000
1 0.449286 0.222381 0.017143 0.025714
1 0.385357 0.247143 0.016429 0.025714
1 0.396071 0.252381 0.017857 0.024762
1 0.406786 0.261429 0.016429 0.025714
1 0.526071 0.269524 0.016429 0.026667
1 0.541071 0.274762 0.016429 0.023810
1 0.553214 0.281429 0.016429 0.025714
1 0.568929 0.291429 0.016429 0.026667
1 0.507143 0.324286 0.015714 0.025714
1 0.522143 0.334286 0.015714 0.026667
1 0.560357 0.356190 0.016429 0.028571
1 0.583929 0.372381 0.015000 0.026667
1 0.598929 0.378571 0.016429 0.027619
2 0.612500 0.383810 0.015000 0.036190
1 0.638571 0.335238 0.017143 0.028571
1 0.668571 0.351429 0.015714 0.030476
1 0.707500 0.377619 0.017857 0.031429
1 0.640357 0.404286 0.016429 0.029524
1 0.679286 0.423810 0.020000 0.030476
2 0.721071 0.381429 0.019286 0.033333
1 0.295714 0.532857 0.020000 0.033333
1 0.278571 0.410476 0.017143 0.019048
1 0.298214 0.425238 0.022143 0.020000
1 0.398571 0.498571 0.022857 0.021905
1 0.422857 0.514762 0.020000 0.018095
0 0.495714 0.473810 0.007143 0.008571
7 0.538929 0.513333 0.007857 0.007619
1 0.663214 0.683810 0.026429 0.026667
1 0.695357 0.706667 0.022143 0.022857
7 0.743214 0.660000 0.010714 0.007619
3 0.731071 0.726190 0.036429 0.037143
3 0.767143 0.753333 0.044286 0.040000
7 0.068571 0.527619 0.007143 0.007619
1 0.092857 0.535238 0.022857 0.022857
1 0.072500 0.570476 0.016429 0.032381
1 0.102143 0.518571 0.017143 0.020000
1 0.127143 0.472857 0.021429 0.021905
1 0.056786 0.595714 0.025000 0.025714
1 0.047143 0.611429 0.022857 0.024762
1 0.036429 0.628571 0.024286 0.024762
7 0.015357 0.668095 0.007857 0.010476
7 0.008214 0.675714 0.009286 0.008571
1 0.095714 0.986190 0.024286 0.027619
1 0.138929 0.834762 0.029286 0.031429
1 0.161786 0.787143 0.026429 0.025714
1 0.191786 0.717619 0.025000 0.027619
2 0.200000 0.700000 0.025714 0.024762
1 0.240357 0.629524 0.016429 0.034286
1 0.251429 0.616190 0.017143 0.032381
7 0.273214 0.555238 0.006429 0.009524
1 0.489643 0.671429 0.020714 0.036190
1 0.440714 0.725714 0.025714 0.026667
1 0.431786 0.739524 0.026429 0.025714
1 0.428214 0.760952 0.026429 0.028571
1 0.418929 0.780476 0.026429 0.029524
1 0.400000 0.823810 0.025714 0.026667
1 0.392857 0.844762 0.025714 0.026667
1 0.372500 0.899048 0.029286 0.030476
1 0.470357 0.905714 0.017857 0.045714
1 0.486071 0.916667 0.019286 0.044762
1 0.502500 0.980000 0.027857 0.026667
1 0.344643 0.966667 0.026429 0.032381
1 0.312857 0.989524 0.031429 0.020952
1 0.691786 0.824762 0.020714 0.041905
1 0.726071 0.824286 0.015000 0.037143
1 0.745714 0.912857 0.015714 0.042857
1 0.655357 0.870476 0.026429 0.024762
1 0.642857 0.913333 0.024286 0.022857
1 0.307857 0.271905 0.015714 0.021905
