0 0.023929 0.636421 0.030714 0.021574
0 0.062857 0.589467 0.022857 0.019036
0 0.214286 0.681472 0.027143 0.030457
0 0.242857 0.652284 0.018571 0.027919
0 0.206429 0.640863 0.020000 0.025381
0 0.241786 0.885152 0.027857 0.052030
0 0.608214 0.748096 0.023571 0.041878
0 0.745357 0.822970 0.026429 0.049492
0 0.777500 0.800127 0.029286 0.052030
0 0.715714 0.565990 0.018571 0.030457
0 0.661071 0.446701 0.015000 0.025381
0 0.607500 0.369924 0.013571 0.016497
0 0.649643 0.392766 0.012143 0.019036
2 0.160714 0.512056 0.032857 0.039340
2 0.177857 0.609137 0.024286 0.038071
2 0.160714 0.626269 0.041429 0.062183
0 0.227143 0.657995 0.025714 0.036802
0 0.255714 0.639594 0.024286 0.035533
0 0.229643 0.640863 0.020714 0.027919
0 0.222857 0.612310 0.028571 0.034264
0 0.242143 0.605330 0.024286 0.027919
0 0.268214 0.607868 0.025000 0.032995
0 0.271786 0.588832 0.025000 0.017766
0 0.231071 0.581853 0.020714 0.019036
0 0.347143 0.602157 0.028571 0.019036
0 0.358214 0.607868 0.026429 0.020305
0 0.353214 0.631980 0.025000 0.020305
0 0.258571 0.577411 0.020000 0.015228
0 0.264286 0.583756 0.027143 0.025381
0 0.281786 0.869289 0.047857 0.027919
0 0.289286 0.847716 0.038571 0.025381
0 0.292857 0.830584 0.040000 0.029188
0 0.293929 0.813452 0.039286 0.027919
0 0.300000 0.792513 0.037143 0.029188
0 0.288929 0.783629 0.033571 0.024112
0 0.292500 0.767132 0.033571 0.024112
0 0.220714 0.953680 0.030000 0.064721
0 0.030357 0.598985 0.016429 0.020305
0 0.018571 0.608503 0.017143 0.024112
0 0.045000 0.597081 0.018571 0.021574
0 0.026786 0.622462 0.017857 0.021574
0 0.038571 0.615482 0.015714 0.020305
0 0.004643 0.628807 0.009286 0.029188
0 0.005714 0.608503 0.011429 0.029188
1 0.143929 0.290609 0.022143 0.025381
0 0.076429 0.265228 0.008571 0.012690
0 0.045714 0.243020 0.005714 0.008883
2 0.576429 0.869924 0.042857 0.107868
2 0.774643 0.546320 0.032143 0.064721
2 0.724286 0.461294 0.021429 0.034264
2 0.563929 0.314086 0.013571 0.021574
2 0.632500 0.482234 0.019286 0.043147
0 0.637500 0.563452 0.017857 0.032995
0 0.695000 0.445431 0.012857 0.022843
0 0.627500 0.366751 0.012143 0.015228
0 0.614643 0.343274 0.010714 0.013959
0 0.592143 0.374365 0.011429 0.012690
0 0.553929 0.347716 0.010714 0.012690
0 0.538214 0.317893 0.009286 0.011421
0 0.531786 0.293147 0.012143 0.015228
0 0.512857 0.307107 0.008571 0.010152
0 0.453214 0.286802 0.009286 0.010152
0 0.476071 0.277284 0.007857 0.011421
0 0.465714 0.279822 0.007143 0.008883
0 0.425357 0.265863 0.007857 0.008883
0 0.402857 0.260152 0.008571 0.007614
0 0.432143 0.262056 0.007143 0.008883
0 0.399286 0.252538 0.008571 0.007614
2 0.493571 0.292513 0.015714 0.019036
1 0.575000 0.344543 0.022857 0.039340
1 0.616071 0.423858 0.020714 0.055838
0 0.380357 0.252538 0.006429 0.007614
0 0.392500 0.262690 0.007857 0.007614
0 0.350714 0.248731 0.007143 0.007614
0 0.349286 0.243655 0.007143 0.007614
0 0.358571 0.241751 0.008571 0.008883
0 0.313571 0.238579 0.007143 0.007614
2 0.327143 0.236041 0.012857 0.015228
2 0.292857 0.227792 0.011429 0.011421
2 0.272857 0.217640 0.010000 0.011421
0 0.282857 0.222081 0.005714 0.007614
