3 0.602143 0.878173 0.040000 0.109137
3 0.665357 0.702411 0.045000 0.112944
2 0.628571 0.721447 0.022857 0.059645
1 0.551071 0.543782 0.019286 0.046954
1 0.580357 0.498096 0.016429 0.041878
1 0.521786 0.362310 0.016429 0.031726
7 0.512500 0.326777 0.005000 0.019036
3 0.569286 0.296954 0.014286 0.040609
1 0.513214 0.290609 0.010714 0.027919
1 0.515000 0.263325 0.011429 0.026650
6 0.518571 0.215736 0.014286 0.043147
1 0.524643 0.194797 0.009286 0.021574
2 0.538929 0.194797 0.009286 0.021574
1 0.412143 0.111041 0.018571 0.016497
6 0.445357 0.103426 0.040714 0.039340
3 0.360357 0.087563 0.023571 0.027919
1 0.392857 0.039975 0.010000 0.019036
1 0.398214 0.025381 0.009286 0.015228
1 0.405000 0.012690 0.010000 0.017766
1 0.236429 0.052665 0.015714 0.019036
6 0.234643 0.033629 0.020714 0.029188
3 0.221429 0.010787 0.015714 0.021574
