2 0.090357 0.013959 0.033571 0.027919
2 0.119643 0.045685 0.036429 0.063452
0 0.152857 0.083122 0.037143 0.029188
0 0.199643 0.160533 0.019286 0.046954
0 0.250714 0.437817 0.030000 0.060914
0 0.293214 0.538071 0.033571 0.068528
0 0.363571 0.807107 0.037143 0.091371
2 0.477500 0.967005 0.066429 0.063452
1 0.905000 0.131980 0.062857 0.116751
0 0.869643 0.212563 0.027857 0.039340
0 0.838571 0.253173 0.037143 0.049492
1 0.807143 0.322970 0.077143 0.148477
1 0.772143 0.476523 0.092857 0.191624
1 0.671429 0.607234 0.075714 0.145939
