1 0.416250 0.003667 0.006500 0.007333
1 0.498000 0.107333 0.012000 0.017333
1 0.519500 0.193000 0.018000 0.026000
1 0.580000 0.323000 0.030000 0.034000
1 0.570250 0.376667 0.032500 0.045333
1 0.217750 0.792000 0.057500 0.118667
1 0.345500 0.760667 0.047000 0.120000
1 0.420500 0.741333 0.048000 0.125333
2 0.480000 0.733000 0.042000 0.135333
2 0.590500 0.709000 0.061000 0.136667
3 0.539750 0.719667 0.055500 0.168667
2 0.375750 0.587667 0.076500 0.063333
1 0.054250 0.431000 0.068500 0.031333
1 0.051750 0.464667 0.069500 0.041333
1 0.010000 0.352667 0.020000 0.033333
1 0.961750 0.305667 0.058500 0.036667
1 0.927750 0.964000 0.144500 0.069333
2 0.550000 0.257333 0.024000 0.036000
2 0.451000 0.350333 0.026000 0.044667
2 0.490250 0.134000 0.013500 0.022667
2 0.488000 0.120000 0.011000 0.017333
2 0.464250 0.151000 0.027500 0.022000
2 0.470000 0.099667 0.014000 0.020667
2 0.414750 0.078667 0.010500 0.018667
2 0.428250 0.077667 0.010500 0.016667
1 0.448500 0.089333 0.025000 0.016000
1 0.384500 0.107000 0.018000 0.015333
1 0.430750 0.036667 0.019500 0.013333
1 0.511000 0.176333 0.018000 0.024667
1 0.537750 0.238000 0.023500 0.026667
4 0.530250 0.369000 0.023500 0.039333
1 0.381500 0.086333 0.010000 0.018000
0 0.460250 0.240000 0.022500 0.020000
7 0.540250 0.181000 0.009500 0.015333
1 0.443500 0.121333 0.027000 0.014667
1 0.446000 0.129333 0.031000 0.016000
1 0.446500 0.137667 0.030000 0.018000
7 0.510750 0.232000 0.016500 0.014667
4 0.742000 0.628333 0.073000 0.040667
1 0.454000 0.047333 0.010000 0.013333
1 0.453000 0.055000 0.017000 0.012667
