0 0.492500 0.970476 0.022143 0.053333
0 0.612500 0.980000 0.025000 0.040000
0 0.602857 0.802857 0.020000 0.053333
0 0.572500 0.321905 0.012143 0.015238
0 0.576786 0.290000 0.010714 0.010476
0 0.579286 0.266190 0.010000 0.012381
0 0.591429 0.218095 0.008571 0.009524
0 0.590357 0.185714 0.009286 0.011429
1 0.590357 0.152857 0.009286 0.020000
0 0.598929 0.543810 0.012143 0.026667
0 0.543929 0.475238 0.012143 0.020952
2 0.599643 0.494286 0.017857 0.070476
0 0.701071 0.410000 0.020714 0.014286
2 0.425000 0.900476 0.068571 0.050476
2 0.608214 0.885714 0.023571 0.080000
2 0.509286 0.780000 0.017143 0.038095
0 0.888214 0.421905 0.029286 0.019048
0 0.921071 0.423810 0.029286 0.015238
0 0.957500 0.425714 0.030714 0.013333
0 0.808571 0.419524 0.030000 0.014286
0 0.988571 0.427143 0.022857 0.016190
0 0.729643 0.413333 0.025000 0.015238
0 0.766071 0.416667 0.025000 0.012381
