0 0.028214 0.529048 0.016429 0.033333
0 0.072143 0.529048 0.015714 0.033333
0 0.008571 0.600476 0.017143 0.033333
0 0.051429 0.594762 0.021429 0.035238
0 0.012143 0.882857 0.024286 0.017143
0 0.038929 0.882381 0.032143 0.020000
0 0.076786 0.880000 0.035000 0.019048
0 0.112857 0.880000 0.024286 0.019048
2 0.146429 0.875714 0.044286 0.021905
0 0.186429 0.872857 0.028571 0.018095
0 0.223929 0.870000 0.029286 0.020000
0 0.257857 0.868571 0.030000 0.017143
0 0.195000 0.830952 0.032857 0.020000
0 0.295714 0.867143 0.027143 0.018095
0 0.577143 0.824762 0.030000 0.017143
0 0.791071 0.952857 0.019286 0.042857
0 0.904286 0.485238 0.028571 0.014286
0 0.916071 0.550952 0.032143 0.020000
0 0.894643 0.437143 0.025000 0.015238
0 0.892500 0.423333 0.026429 0.014286
0 0.878214 0.360476 0.023571 0.012381
0 0.869286 0.302381 0.021429 0.012381
0 0.881786 0.257143 0.025000 0.013333
0 0.896786 0.107143 0.017857 0.010476
0 0.592857 0.047143 0.008571 0.020000
0 0.582143 0.048095 0.008571 0.020000
0 0.400000 0.976190 0.031429 0.019048
0 0.433929 0.959048 0.015000 0.041905
0 0.455357 0.971429 0.030714 0.020952
0 0.458571 0.991905 0.032857 0.016190
0 0.161786 0.978095 0.015000 0.038095
0 0.129286 0.990476 0.017143 0.019048
0 0.836429 0.328095 0.012857 0.025714
0 0.842143 0.365714 0.014286 0.030476
0 0.848929 0.404286 0.015000 0.029524
0 0.821429 0.453333 0.012857 0.026667
0 0.815714 0.414762 0.014286 0.031429
