2 0.260714 0.852857 0.115714 0.269524
2 0.428571 0.714286 0.052857 0.133333
2 0.363214 0.594286 0.050714 0.104762
2 0.395000 0.511429 0.035714 0.068571
0 0.439643 0.472857 0.013571 0.021905
2 0.457143 0.566667 0.041429 0.116190
0 0.571071 0.732381 0.022143 0.057143
0 0.566429 0.683810 0.040000 0.041905
2 0.508214 0.539048 0.022143 0.041905
2 0.567857 0.449048 0.015714 0.039048
2 0.502143 0.351905 0.021429 0.050476
2 0.459286 0.338095 0.017143 0.034286
2 0.467500 0.316667 0.019286 0.039048
2 0.531071 0.344286 0.010714 0.023810
2 0.537857 0.321429 0.011429 0.027619
0 0.572857 0.340952 0.018571 0.013333
2 0.565357 0.322381 0.019286 0.016190
2 0.565357 0.315238 0.026429 0.019048
0 0.566786 0.282857 0.016429 0.009524
0 0.566429 0.276190 0.015714 0.007619
0 0.543214 0.266190 0.013571 0.008571
0 0.546071 0.243333 0.007857 0.008571
2 0.484286 0.278095 0.014286 0.026667
2 0.493929 0.252381 0.012143 0.024762
2 0.360357 0.437143 0.059286 0.038095
2 0.338929 0.404762 0.069286 0.034286
2 0.281071 0.404762 0.033571 0.022857
2 0.218571 0.429048 0.062857 0.035238
2 0.183214 0.393333 0.087857 0.040000
2 0.088214 0.385714 0.090714 0.038095
0 0.013929 0.347619 0.020714 0.017143
0 0.229286 0.327143 0.015714 0.012381
2 0.240714 0.318095 0.015714 0.015238
0 0.316786 0.308095 0.022143 0.010476
0 0.354643 0.311429 0.017857 0.011429
0 0.310357 0.281429 0.015000 0.010476
0 0.322143 0.304286 0.017143 0.010476
0 0.326071 0.300000 0.017857 0.009524
0 0.330714 0.294762 0.015714 0.010476
0 0.336429 0.292857 0.017143 0.010476
0 0.359643 0.307143 0.019286 0.010476
0 0.364286 0.301429 0.018571 0.010476
0 0.370357 0.296667 0.019286 0.010476
0 0.418571 0.281905 0.017143 0.011429
0 0.033571 0.563810 0.032857 0.040000
0 0.107143 0.936667 0.081429 0.044762
0 0.156071 0.978571 0.075000 0.042857
0 0.083214 0.980952 0.070714 0.038095
0 0.330000 0.572381 0.041429 0.020952
0 0.298929 0.594286 0.046429 0.022857
0 0.287500 0.611429 0.043571 0.022857
0 0.252857 0.663333 0.041429 0.023810
0 0.244643 0.679048 0.030714 0.024762
0 0.208571 0.660000 0.044286 0.024762
0 0.200714 0.707619 0.032857 0.024762
0 0.172857 0.879524 0.047143 0.037143
0 0.138571 0.813333 0.058571 0.041905
0 0.040714 0.855238 0.055714 0.070476
0 0.036429 0.776667 0.050000 0.029524
0 0.075714 0.751905 0.061429 0.033333
0 0.210000 0.780476 0.045714 0.029524
2 0.180357 0.800000 0.025000 0.049524
2 0.200714 0.807619 0.044286 0.030476
2 0.146071 0.786190 0.056429 0.033333
0 0.161071 0.760952 0.063571 0.030476
2 0.097857 0.770000 0.050000 0.029524
