0 0.173250 0.459333 0.033500 0.033333
0 0.155750 0.450000 0.035500 0.032000
0 0.138500 0.435667 0.046000 0.034000
0 0.167750 0.622333 0.012500 0.015333
0 0.044250 0.379333 0.030500 0.026667
0 0.092750 0.343000 0.026500 0.024667
0 0.300500 0.516667 0.043000 0.033333
0 0.264750 0.484333 0.041500 0.031333
0 0.227000 0.455667 0.038000 0.034000
0 0.197250 0.432000 0.037500 0.028000
0 0.168750 0.412000 0.033500 0.030667
0 0.069500 0.466000 0.020000 0.010667
0 0.077500 0.475667 0.019000 0.012667
0 0.346500 0.618333 0.052000 0.066000
0 0.516750 0.549000 0.048500 0.039333
0 0.397500 0.790333 0.068000 0.090000
2 0.370250 0.417000 0.044500 0.044667
0 0.645750 0.533333 0.044500 0.041333
0 0.685750 0.505000 0.040500 0.038000
0 0.720750 0.473667 0.036500 0.036667
0 0.212500 0.492333 0.034000 0.032667
0 0.226000 0.507667 0.038000 0.044667
0 0.256250 0.531000 0.038500 0.043333
0 0.268750 0.561000 0.045500 0.050000
0 0.288500 0.575667 0.046000 0.051333
0 0.973750 0.869667 0.052500 0.075333
