3 0.212683 0.231447 0.057933 0.089981
2 0.323591 0.266698 0.027140 0.054731
7 0.344207 0.308905 0.019311 0.025974
3 0.432933 0.718460 0.062109 0.179035
5 0.509395 0.556122 0.020877 0.075139
2 0.563152 0.121058 0.012526 0.026902
1 0.533403 0.036642 0.009395 0.015770
3 0.609864 0.559833 0.031837 0.101113
4 0.631263 0.890538 0.042276 0.081633
4 0.750000 0.613173 0.062630 0.053803
4 0.684238 0.488404 0.028184 0.041744
4 0.661795 0.181818 0.020877 0.024119
7 0.665710 0.545455 0.009916 0.042672
0 0.548539 0.015306 0.004175 0.008349
7 0.485125 0.651670 0.010960 0.043599
