0 0.495714 0.740476 0.038571 0.138095
0 0.531071 0.486190 0.032143 0.088571
0 0.501071 0.581429 0.032143 0.088571
0 0.558214 0.417619 0.025000 0.044762
0 0.597500 0.396667 0.020714 0.042857
0 0.590357 0.337619 0.015000 0.037143
0 0.586786 0.293333 0.022143 0.030476
1 0.489643 0.909048 0.040714 0.170476
0 0.360714 0.120952 0.020000 0.015238
0 0.347500 0.236190 0.026429 0.020952
0 0.130000 0.204762 0.032857 0.022857
0 0.664643 0.172857 0.029286 0.023810
0 0.705357 0.213333 0.039286 0.020952
0 0.698571 0.160476 0.024286 0.020000
0 0.731071 0.152381 0.026429 0.017143
0 0.759286 0.147143 0.017143 0.014286
0 0.755714 0.099048 0.011429 0.009524
0 0.828571 0.090000 0.022857 0.012381
0 0.897857 0.340952 0.055714 0.041905
