1 0.790357 0.578571 0.063571 0.033333
1 0.583214 0.561429 0.039286 0.021905
6 0.051429 0.582381 0.102857 0.086667
1 0.158571 0.580952 0.041429 0.032381
1 0.289643 0.536667 0.025000 0.018095
1 0.327143 0.536667 0.021429 0.016190
1 0.370357 0.544762 0.029286 0.019048
1 0.410714 0.536190 0.025714 0.015238
1 0.394286 0.530952 0.024286 0.016190
1 0.452143 0.549524 0.032857 0.019048
1 0.610000 0.537143 0.021429 0.015238
1 0.584643 0.535714 0.025000 0.016190
1 0.508571 0.560476 0.044286 0.023810
1 0.178929 0.529048 0.017857 0.012381
1 0.171071 0.523333 0.013571 0.012381
1 0.145357 0.525714 0.015000 0.013333
1 0.102857 0.521905 0.014286 0.011429
1 0.077857 0.522857 0.012857 0.011429
1 0.062500 0.523333 0.012143 0.008571
1 0.035714 0.522857 0.012857 0.011429
