0 0.128929 0.830952 0.089286 0.054286
0 0.115000 0.908095 0.081429 0.060000
0 0.224286 0.951429 0.081429 0.070476
0 0.160714 0.983333 0.107143 0.033333
0 0.558929 0.254762 0.029286 0.016190
0 0.560714 0.245714 0.028571 0.019048
0 0.600357 0.218571 0.029286 0.016190
0 0.602143 0.208095 0.025714 0.016190
0 0.603214 0.199524 0.025000 0.014286
0 0.605714 0.195238 0.022857 0.017143
0 0.612500 0.189524 0.020714 0.015238
0 0.689643 0.057143 0.007857 0.013333
0 0.691786 0.048095 0.006429 0.008571
0 0.692500 0.038571 0.005000 0.008571
0 0.682500 0.087143 0.009286 0.012381
0 0.674643 0.114286 0.010714 0.015238
0 0.671786 0.128571 0.010714 0.013333
0 0.670714 0.140952 0.010000 0.013333
0 0.665000 0.162857 0.010000 0.015238
0 0.659643 0.190476 0.009286 0.019048
0 0.662857 0.176667 0.011429 0.012381
0 0.644286 0.253333 0.015714 0.024762
0 0.638571 0.282857 0.014286 0.028571
0 0.734643 0.021429 0.006429 0.008571
0 0.737143 0.039048 0.007143 0.009524
0 0.722500 0.040476 0.006429 0.010476
0 0.733571 0.059048 0.008571 0.011429
0 0.723571 0.096190 0.010000 0.017143
0 0.731786 0.137143 0.009286 0.017143
0 0.763929 0.126667 0.010714 0.013333
0 0.723571 0.239524 0.014286 0.023810
0 0.701071 0.519524 0.022143 0.050476
0 0.697143 0.584762 0.024286 0.057143
0 0.656786 0.614286 0.027857 0.059048
0 0.695357 0.664762 0.026429 0.064762
0 0.824643 0.255238 0.012143 0.019048
0 0.907500 0.300476 0.015000 0.020000
0 0.823214 0.233333 0.015000 0.020952
0 0.799286 0.103333 0.010000 0.016190
0 0.797500 0.087619 0.007857 0.011429
0 0.795000 0.071905 0.008571 0.014286
0 0.785000 0.014762 0.007143 0.006667
0 0.783571 0.007143 0.007143 0.008571
0 0.783571 0.002857 0.005714 0.005714
0 0.793571 0.063333 0.007143 0.010476
0 0.790714 0.043810 0.010000 0.013333
0 0.788571 0.029524 0.007143 0.011429
