0 0.486250 0.458667 0.010500 0.012000
0 0.495750 0.470000 0.009500 0.010667
0 0.521500 0.505667 0.013000 0.012667
0 0.514500 0.516000 0.017000 0.013333
0 0.474750 0.489667 0.012500 0.012667
0 0.357250 0.471333 0.017500 0.012000
0 0.353000 0.462333 0.014000 0.011333
0 0.359250 0.501000 0.022500 0.014000
0 0.360000 0.511333 0.023000 0.014667
0 0.364000 0.550667 0.024000 0.016000
0 0.360750 0.544333 0.025500 0.014000
0 0.455250 0.573000 0.019500 0.020667
0 0.491250 0.573000 0.016500 0.020667
0 0.508250 0.647000 0.018500 0.030000
0 0.573000 0.730667 0.028000 0.037333
0 0.572750 0.785000 0.029500 0.043333
0 0.619250 0.711667 0.024500 0.028667
0 0.627000 0.637000 0.020000 0.023333
0 0.613500 0.617333 0.016000 0.022667
0 0.679500 0.704667 0.024000 0.025333
0 0.433750 0.596667 0.014500 0.020000
0 0.725500 0.761667 0.028000 0.032667
0 0.842250 0.906667 0.045500 0.046667
0 0.699500 0.842667 0.040000 0.045333
0 0.249000 0.967000 0.029000 0.059333
0 0.016500 0.944667 0.033000 0.056000
0 0.043000 0.811667 0.025000 0.038000
