1 0.963929 0.113333 0.005000 0.005714
1 0.993214 0.118571 0.009286 0.012381
1 0.963214 0.175714 0.009286 0.010476
1 0.933571 0.282857 0.015714 0.024762
1 0.964286 0.266190 0.018571 0.021905
1 0.989643 0.246667 0.017857 0.024762
1 0.982857 0.266190 0.018571 0.021905
1 0.957857 0.290000 0.017143 0.027619
1 0.935000 0.310952 0.020000 0.025714
7 0.991071 0.294286 0.017857 0.017143
6 0.946071 0.330476 0.103571 0.100952
2 0.885357 0.429048 0.042143 0.037143
1 0.824643 0.499048 0.036429 0.030476
1 0.792143 0.488571 0.028571 0.026667
1 0.770000 0.516190 0.027143 0.026667
1 0.757143 0.514762 0.024286 0.021905
1 0.733214 0.532857 0.022143 0.021905
1 0.700357 0.572381 0.022143 0.022857
3 0.686786 0.547143 0.017857 0.018095
1 0.682500 0.559048 0.015000 0.019048
6 0.598929 0.642381 0.027857 0.027619
1 0.646786 0.575238 0.012143 0.013333
1 0.634286 0.617143 0.014286 0.013333
1 0.625357 0.602857 0.010714 0.013333
1 0.616429 0.614762 0.012857 0.012381
1 0.601429 0.620952 0.011429 0.013333
1 0.610357 0.610952 0.009286 0.010476
1 0.601429 0.603810 0.010000 0.011429
6 0.587500 0.624286 0.020714 0.023810
1 0.589286 0.634286 0.008571 0.011429
5 0.467857 0.845238 0.010000 0.014286
5 0.559643 0.858571 0.027857 0.033333
5 0.552143 0.851905 0.017143 0.025714
5 0.547500 0.844762 0.022143 0.032381
1 0.468929 0.975714 0.027857 0.048571
1 0.390000 0.987143 0.025714 0.025714
1 0.375714 0.986667 0.020000 0.026667
1 0.420000 0.963333 0.027143 0.039048
1 0.484286 0.929524 0.021429 0.038095
1 0.484286 0.900952 0.017143 0.020952
1 0.452143 0.926667 0.030000 0.041905
1 0.446429 0.911429 0.018571 0.032381
1 0.417857 0.927143 0.021429 0.031429
1 0.426429 0.906190 0.020000 0.021905
1 0.430357 0.894286 0.022143 0.024762
1 0.422143 0.888571 0.015714 0.024762
6 0.412143 0.867619 0.024286 0.041905
1 0.419643 0.850952 0.010714 0.010476
3 0.455000 0.807619 0.015714 0.019048
6 0.436429 0.814762 0.017143 0.018095
6 0.437857 0.806667 0.024286 0.032381
1 0.426071 0.822857 0.010714 0.015238
1 0.410000 0.831429 0.007143 0.007619
