1 0.072857 0.442857 0.110000 0.059048
0 0.538929 0.288571 0.012143 0.036190
1 0.434643 0.047619 0.027857 0.059048
1 0.312857 0.261905 0.037143 0.078095
1 0.245714 0.274286 0.044286 0.074286
1 0.188571 0.258571 0.041429 0.065714
2 0.355357 0.261429 0.036429 0.094286
2 0.725714 0.038571 0.048571 0.054286
1 0.731786 0.346190 0.097857 0.065714
2 0.742143 0.429048 0.084286 0.086667
3 0.863571 0.692857 0.128571 0.263810
2 0.936071 0.670000 0.087857 0.124762
1 0.921429 0.933810 0.157143 0.113333
1 0.265000 0.985238 0.155714 0.029524
7 0.184643 0.190952 0.032143 0.023810
0 0.829286 0.343333 0.030000 0.031429
