1 0.091071 0.321429 0.079286 0.046667
1 0.058929 0.348571 0.073571 0.047619
1 0.029286 0.369524 0.057143 0.051429
7 0.233571 0.299524 0.021429 0.033333
7 0.251429 0.300952 0.018571 0.024762
7 0.272143 0.300000 0.021429 0.040000
7 0.286786 0.316190 0.020714 0.043810
7 0.252857 0.315238 0.030000 0.026667
7 0.345357 0.349524 0.032143 0.022857
7 0.443929 0.367619 0.012143 0.034286
7 0.463571 0.344286 0.014286 0.035238
7 0.483214 0.351429 0.015000 0.041905
7 0.533214 0.376190 0.019286 0.041905
7 0.559643 0.367143 0.019286 0.031429
7 0.448214 0.339048 0.012143 0.028571
0 0.428571 0.338571 0.010000 0.035238
7 0.613929 0.379524 0.013571 0.033333
7 0.712143 0.403333 0.014286 0.031429
7 0.728571 0.411905 0.015714 0.035238
7 0.717143 0.390000 0.028571 0.029524
2 0.663929 0.384286 0.075000 0.067619
3 0.157857 0.411905 0.102857 0.111429
1 0.256071 0.469524 0.072143 0.085714
1 0.305714 0.490952 0.062857 0.073333
1 0.346429 0.507143 0.068571 0.090476
1 0.575714 0.462381 0.047143 0.069524
1 0.630000 0.473810 0.040000 0.063810
1 0.681429 0.484762 0.042857 0.078095
1 0.737143 0.503333 0.038571 0.077143
0 0.635000 0.527619 0.032857 0.024762
1 0.910357 0.553810 0.055000 0.086667
1 0.831071 0.622381 0.056429 0.109524
1 0.959286 0.666667 0.070000 0.131429
