0 0.438929 0.206218 0.030714 0.110406
0 0.503571 0.227792 0.034286 0.118020
0 0.209286 0.513325 0.038571 0.128173
0 0.291429 0.531091 0.044286 0.130711
0 0.254643 0.509518 0.045000 0.138325
0 0.357143 0.548858 0.035714 0.123096
0 0.379286 0.409898 0.035714 0.116751
0 0.415357 0.427665 0.039286 0.116751
0 0.482857 0.439721 0.031429 0.112944
0 0.396786 0.553934 0.037857 0.112944
0 0.431071 0.565355 0.035000 0.123096
0 0.469643 0.555838 0.037857 0.126904
0 0.505714 0.581853 0.037143 0.143401
0 0.544643 0.585660 0.033571 0.140863
0 0.583571 0.595178 0.037143 0.126904
0 0.628571 0.594543 0.038571 0.118020
0 0.291429 0.800127 0.042857 0.138325
0 0.197143 0.925127 0.044286 0.142132
0 0.911429 0.056472 0.062857 0.062183
0 0.695714 0.031091 0.070000 0.057107
0 0.605714 0.232868 0.035714 0.128173
0 0.563214 0.453046 0.039286 0.131980
0 0.332143 0.803934 0.048571 0.156091
0 0.371786 0.813452 0.045000 0.142132
0 0.411786 0.824873 0.037857 0.142132
0 0.449286 0.841371 0.044286 0.149746
0 0.489286 0.847716 0.040000 0.157360
0 0.572143 0.874365 0.034286 0.157360
0 0.615000 0.878807 0.035714 0.158629
0 0.822500 0.901015 0.039286 0.159898
0 0.899643 0.925761 0.045000 0.145939
0 0.944643 0.924492 0.037857 0.148477
0 0.270714 0.935914 0.042857 0.125635
0 0.314286 0.946701 0.047143 0.104061
0 0.354643 0.946701 0.040714 0.104061
0 0.394286 0.956218 0.045714 0.079949
0 0.477857 0.967005 0.038571 0.063452
0 0.517143 0.969543 0.037143 0.058376
2 0.827143 0.699873 0.058571 0.196701
2 0.966429 0.737944 0.067143 0.214467
2 0.828929 0.313452 0.053571 0.190355
2 0.915000 0.326142 0.060000 0.203046
2 0.961786 0.335660 0.053571 0.214467
