1 0.614286 0.520305 0.028571 0.091371
1 0.397857 0.587563 0.030000 0.083756
1 0.445000 0.189721 0.018571 0.044416
1 0.281786 0.706218 0.059286 0.090102
1 0.255714 0.831853 0.054286 0.102792
1 0.293214 0.654188 0.046429 0.079949
1 0.117500 0.364848 0.046429 0.034264
1 0.065714 0.361675 0.057143 0.035533
1 0.172143 0.364848 0.054286 0.034264
1 0.224643 0.366117 0.049286 0.044416
2 0.291786 0.520305 0.053571 0.091371
2 0.238929 0.898477 0.063571 0.139594
2 0.543214 0.086929 0.017857 0.046954
1 0.537143 0.949873 0.040000 0.097716
6 0.686786 0.754442 0.079286 0.376904
