0 0.206071 0.837619 0.133571 0.115238
0 0.568214 0.588571 0.060714 0.043810
0 0.330357 0.514286 0.049286 0.030476
0 0.188571 0.444286 0.035714 0.023810
0 0.780357 0.677143 0.090714 0.062857
0 0.287500 0.903810 0.132143 0.129524
0 0.145357 0.761905 0.119286 0.081905
0 0.115000 0.737143 0.127143 0.080000
0 0.129286 0.616667 0.067143 0.050476
0 0.070000 0.584762 0.060000 0.049524
0 0.028571 0.662857 0.057143 0.049524
0 0.482500 0.960000 0.109286 0.080000
0 0.595000 0.708095 0.097143 0.082857
0 0.282143 0.415714 0.030000 0.021905
0 0.317857 0.426190 0.037143 0.023810
0 0.215714 0.399524 0.034286 0.021905
0 0.188214 0.390952 0.037857 0.025714
0 0.136429 0.380952 0.038571 0.028571
0 0.097857 0.373810 0.034286 0.023810
0 0.082500 0.370000 0.033571 0.023810
0 0.358214 0.431905 0.037857 0.023810
0 0.377143 0.432857 0.037143 0.025714
0 0.401071 0.438095 0.030714 0.034286
0 0.442500 0.450952 0.033571 0.031429
0 0.490357 0.461429 0.036429 0.035238
0 0.560714 0.474762 0.034286 0.033333
0 0.620000 0.486667 0.035714 0.036190
2 0.782857 0.539524 0.095714 0.054286
0 0.926786 0.556190 0.029286 0.040000
0 0.968929 0.490952 0.050714 0.023810
0 0.968214 0.449524 0.039286 0.019048
0 0.969643 0.480000 0.040714 0.022857
0 0.966786 0.443810 0.039286 0.020952
0 0.967143 0.438095 0.037143 0.022857
0 0.967500 0.431905 0.035000 0.021905
0 0.966429 0.414286 0.034286 0.020952
0 0.907143 0.422857 0.015714 0.017143
0 0.915357 0.406190 0.010714 0.012381
0 0.917500 0.395238 0.012143 0.011429
0 0.922500 0.388095 0.010714 0.010476
0 0.925000 0.379048 0.008571 0.011429
