0 0.184500 0.502333 0.157000 0.102000
0 0.519500 0.478667 0.090000 0.124000
0 0.684750 0.378000 0.152500 0.073333
0 0.602250 0.326000 0.127500 0.076000
0 0.364750 0.294000 0.065500 0.082667
0 0.232500 0.352333 0.136000 0.068667
0 0.267000 0.310000 0.135000 0.076000
0 0.648750 0.243667 0.113500 0.064667
0 0.626000 0.211667 0.104000 0.054000
0 0.622500 0.191667 0.104000 0.054000
0 0.610750 0.163000 0.089500 0.046000
0 0.592500 0.108667 0.083000 0.041333
0 0.591500 0.091333 0.076000 0.030667
2 0.579250 0.056667 0.071500 0.037333
0 0.575250 0.037333 0.062500 0.029333
0 0.520500 0.071333 0.033000 0.044000
0 0.462750 0.054667 0.033500 0.042667
0 0.355250 0.117000 0.083500 0.044667
0 0.348000 0.093333 0.083000 0.044000
0 0.358500 0.073000 0.078000 0.036667
0 0.382500 0.057667 0.078000 0.036667
0 0.380250 0.035333 0.070500 0.037333
0 0.372500 0.021333 0.059000 0.024000
