0 0.428750 0.237000 0.037500 0.026000
0 0.448000 0.214667 0.042000 0.030667
0 0.718250 0.040667 0.009500 0.014667
0 0.729250 0.041000 0.009500 0.014000
0 0.718250 0.026333 0.007500 0.012667
2 0.611250 0.200333 0.037500 0.042000
0 0.409500 0.324667 0.038000 0.048000
0 0.515250 0.159333 0.019500 0.014667
0 0.542500 0.096333 0.026000 0.016667
0 0.520750 0.111333 0.029500 0.016000
0 0.373250 0.228333 0.044500 0.028667
2 0.580000 0.196000 0.021000 0.048000
0 0.635250 0.503333 0.038500 0.090667
0 0.505250 0.526667 0.053500 0.080000
2 0.360250 0.509000 0.106500 0.116667
2 0.572750 0.659667 0.108500 0.120667
2 0.266000 0.786333 0.125000 0.146000
2 0.043000 0.941000 0.086000 0.110000
