1 0.801429 0.946190 0.160000 0.107619
1 0.414643 0.815238 0.155000 0.146667
1 0.370000 0.669524 0.105714 0.100952
1 0.135357 0.508095 0.095000 0.077143
1 0.031071 0.517619 0.062143 0.079048
7 0.583571 0.313333 0.011429 0.022857
2 0.767143 0.356190 0.057143 0.059048
1 0.853214 0.424286 0.073571 0.075238
1 0.936071 0.492857 0.077857 0.084762
1 0.904286 0.416190 0.075714 0.062857
1 0.928571 0.393810 0.070000 0.061905
1 0.943214 0.379048 0.075000 0.059048
1 0.858571 0.319524 0.060000 0.048571
1 0.732857 0.262857 0.050000 0.045714
1 0.944643 0.297143 0.065000 0.051429
1 0.982500 0.289048 0.035000 0.046667
1 0.927500 0.259524 0.059286 0.040952
1 0.867500 0.226190 0.052143 0.039048
1 0.813214 0.200000 0.045000 0.028571
1 0.755357 0.165714 0.040714 0.034286
1 0.779643 0.161429 0.007857 0.027619
1 0.883571 0.150952 0.037143 0.035238
1 0.717500 0.148571 0.036429 0.028571
1 0.687500 0.131905 0.036429 0.027619
1 0.660000 0.114762 0.030000 0.025714
1 0.646429 0.183333 0.038571 0.033333
1 0.615714 0.091429 0.030000 0.028571
1 0.593929 0.075714 0.023571 0.027619
1 0.562857 0.064286 0.022857 0.021905
1 0.022857 0.430952 0.045714 0.065714
