0 0.329500 0.536000 0.016000 0.025333
0 0.524000 0.415000 0.010000 0.016667
0 0.384250 0.385000 0.018500 0.012667
0 0.367750 0.394000 0.016500 0.012000
0 0.349750 0.387000 0.013500 0.011333
0 0.254500 0.380667 0.010000 0.014667
0 0.292250 0.386333 0.014500 0.011333
0 0.280500 0.394667 0.018000 0.013333
0 0.396750 0.382333 0.015500 0.011333
0 0.487500 0.393000 0.022000 0.012667
2 0.553750 0.385333 0.045500 0.022667
0 0.698750 0.474333 0.035500 0.020667
0 0.662250 0.412333 0.016500 0.012667
0 0.649250 0.413667 0.020500 0.012667
0 0.645250 0.496000 0.038500 0.018667
0 0.656000 0.504667 0.039000 0.020000
0 0.633500 0.545000 0.030000 0.028667
0 0.589500 0.545000 0.047000 0.027333
0 0.738750 0.577333 0.046500 0.029333
0 0.751000 0.600333 0.038000 0.031333
0 0.553750 0.495000 0.036500 0.018000
0 0.747000 0.775333 0.076000 0.053333
0 0.290500 0.336000 0.007000 0.008000
2 0.451250 0.342667 0.019500 0.009333
2 0.580750 0.329000 0.042500 0.016667
2 0.606500 0.333000 0.030000 0.012667
