1 0.379436 0.300557 0.026096 0.040816
1 0.397443 0.266234 0.023486 0.042672
1 0.078288 0.631725 0.051148 0.050093
1 0.248434 0.726345 0.041754 0.081633
1 0.284708 0.647959 0.034969 0.054731
1 0.373956 0.718460 0.039144 0.078850
1 0.400052 0.741187 0.040188 0.083488
1 0.515658 0.810297 0.035491 0.091837
1 0.676148 0.880334 0.032881 0.113173
1 0.712683 0.903525 0.033925 0.109462
1 0.749478 0.927644 0.032359 0.105751
7 0.843685 0.795918 0.023486 0.024119
1 0.864040 0.970315 0.034969 0.057514
1 0.901618 0.985622 0.032881 0.026902
4 0.416493 0.496753 0.016701 0.034323
3 0.427453 0.516698 0.027140 0.061224
1 0.462161 0.520408 0.029749 0.066790
4 0.519311 0.536178 0.022965 0.066790
3 0.544624 0.540353 0.037056 0.065863
4 0.563413 0.563080 0.023486 0.064935
1 0.586639 0.604360 0.028184 0.069573
1 0.706159 0.640074 0.026096 0.077922
1 0.738257 0.647032 0.025574 0.078850
1 0.796712 0.670223 0.026618 0.080705
1 0.902662 0.717069 0.030793 0.087199
