0 0.695714 0.460952 0.012857 0.015238
0 0.729643 0.455714 0.006429 0.018095
7 0.392857 0.503810 0.020000 0.024762
7 0.477500 0.530000 0.007857 0.021905
7 0.437500 0.502381 0.022143 0.008571
7 0.623571 0.513810 0.022857 0.014286
7 0.583571 0.530476 0.010000 0.028571
7 0.576786 0.628095 0.025000 0.023810
0 0.427143 0.437143 0.014286 0.017143
7 0.920714 0.626667 0.021429 0.013333
7 0.773929 0.708095 0.025000 0.014286
3 0.761786 0.595714 0.059286 0.092381
7 0.792500 0.162381 0.009286 0.016190
7 0.812500 0.070952 0.010714 0.012381
1 0.515357 0.033333 0.025000 0.034286
