0 0.540000 0.968095 0.014286 0.042857
5 0.641786 0.905714 0.069286 0.047619
7 0.703571 0.875714 0.015714 0.042857
1 0.608214 0.718571 0.032143 0.065714
1 0.601071 0.653333 0.030714 0.057143
1 0.587500 0.591429 0.029286 0.053333
1 0.575000 0.530000 0.028571 0.042857
1 0.643214 0.533333 0.037857 0.040000
1 0.582500 0.450000 0.017857 0.035238
1 0.607143 0.444286 0.021429 0.033333
1 0.630000 0.442857 0.022857 0.034286
1 0.552857 0.415238 0.020000 0.032381
7 0.550000 0.390476 0.017143 0.015238
7 0.549286 0.376190 0.017143 0.015238
7 0.590357 0.366667 0.007857 0.017143
3 0.312500 0.708095 0.037857 0.084762
7 0.338571 0.687143 0.011429 0.029524
3 0.435714 0.657619 0.032857 0.088571
7 0.333929 0.662857 0.025000 0.017143
7 0.321429 0.652857 0.022857 0.018095
7 0.324286 0.640476 0.024286 0.018095
7 0.326071 0.628571 0.022143 0.017143
3 0.360357 0.606667 0.030714 0.062857
7 0.330000 0.590476 0.028571 0.017143
7 0.331071 0.569048 0.025000 0.016190
7 0.334643 0.560000 0.026429 0.017143
7 0.336786 0.546667 0.025000 0.015238
0 0.342857 0.536667 0.021429 0.014286
7 0.395714 0.463810 0.008571 0.020952
2 0.344643 0.493810 0.020714 0.048571
7 0.300357 0.476667 0.007857 0.023810
7 0.324643 0.476667 0.007857 0.021905
2 0.353929 0.455238 0.020714 0.041905
1 0.376786 0.438571 0.020714 0.042857
7 0.361429 0.416190 0.020000 0.011429
2 0.441786 0.393333 0.017857 0.040000
2 0.376429 0.398571 0.037143 0.035238
7 0.349286 0.386667 0.008571 0.022857
7 0.346429 0.375714 0.018571 0.021905
1 0.393571 0.369048 0.017143 0.033333
1 0.369643 0.360000 0.019286 0.032381
1 0.390357 0.343810 0.017857 0.028571
7 0.487143 0.317143 0.005714 0.015238
7 0.469286 0.290952 0.005714 0.016190
7 0.477143 0.272381 0.004286 0.013333
7 0.438929 0.239524 0.005000 0.010476
1 0.432857 0.275714 0.014286 0.025714
1 0.533571 0.298095 0.014286 0.026667
2 0.530000 0.279524 0.014286 0.021905
1 0.406071 0.247619 0.013571 0.022857
7 0.413929 0.236667 0.006429 0.010476
1 0.403571 0.217143 0.012857 0.020952
1 0.415000 0.199048 0.011429 0.017143
1 0.522857 0.238095 0.011429 0.019048
1 0.518929 0.221905 0.012143 0.015238
1 0.518929 0.206667 0.012143 0.015238
1 0.516429 0.195714 0.012857 0.016190
1 0.527857 0.184286 0.022857 0.018095
7 0.428214 0.203810 0.006429 0.013333
1 0.398571 0.174286 0.010000 0.020952
1 0.407857 0.160476 0.011429 0.018095
1 0.401071 0.150000 0.012143 0.018095
1 0.403929 0.139048 0.010714 0.017143
1 0.508214 0.160476 0.010714 0.014286
1 0.496429 0.152857 0.010000 0.016190
1 0.491429 0.139048 0.011429 0.015238
1 0.503571 0.129524 0.010000 0.013333
1 0.465000 0.128571 0.010000 0.013333
1 0.433929 0.114762 0.007857 0.016190
1 0.439286 0.098571 0.010000 0.014286
7 0.480357 0.130952 0.005000 0.006667
1 0.406071 0.117143 0.009286 0.017143
1 0.421071 0.101905 0.009286 0.013333
1 0.409643 0.100000 0.009286 0.015238
1 0.411429 0.086190 0.010000 0.014286
1 0.496429 0.089524 0.010000 0.011429
1 0.500000 0.098571 0.010000 0.014286
