0 0.764286 0.417513 0.022857 0.076142
0 0.190357 0.053934 0.027857 0.046954
0 0.286429 0.188452 0.028571 0.054569
0 0.312500 0.292513 0.033571 0.072335
0 0.372500 0.428299 0.047857 0.057107
0 0.437500 0.483503 0.053571 0.038071
0 0.371429 0.344543 0.038571 0.052030
0 0.428571 0.401015 0.047143 0.043147
0 0.195714 0.755076 0.040000 0.098985
0 0.496071 0.042513 0.030714 0.046954
0 0.722857 0.013325 0.034286 0.026650
1 0.685357 0.335660 0.117857 0.151015
0 0.622500 0.924492 0.055000 0.110406
0 0.549286 0.984137 0.030000 0.029188
