2 0.742500 0.386000 0.014000 0.010667
2 0.798000 0.402000 0.014000 0.012000
2 0.809250 0.405000 0.018500 0.014000
2 0.855750 0.421000 0.018500 0.016667
2 0.892250 0.432333 0.030500 0.023333
0 0.955500 0.460000 0.033000 0.014667
0 0.048250 0.769333 0.074500 0.065333
0 0.215250 0.660667 0.083500 0.042667
0 0.430000 0.668333 0.074000 0.044667
0 0.293000 0.596000 0.062000 0.033333
0 0.465250 0.602000 0.055500 0.033333
0 0.372750 0.538333 0.048500 0.023333
0 0.384000 0.517333 0.035000 0.020000
0 0.377500 0.508000 0.034000 0.018667
0 0.392000 0.490000 0.031000 0.020000
0 0.450750 0.455333 0.028500 0.016000
0 0.476250 0.428333 0.018500 0.010000
1 0.487500 0.413667 0.017000 0.020667
0 0.688500 0.633667 0.069000 0.043333
0 0.678750 0.604000 0.057500 0.034667
0 0.668250 0.577667 0.052500 0.030000
0 0.532750 0.466000 0.029500 0.014667
0 0.646000 0.465333 0.013000 0.016000
1 0.538000 0.417667 0.015000 0.022000
0 0.567250 0.419000 0.018500 0.008667
0 0.564750 0.414000 0.018500 0.008000
0 0.569250 0.406000 0.015500 0.008000
0 0.575250 0.398000 0.015500 0.006667
2 0.621000 0.376667 0.013000 0.006667
0 0.630250 0.377000 0.007500 0.004667
