2 0.965814 0.406772 0.031837 0.073284
1 0.949113 0.339981 0.030793 0.056586
1 0.471555 0.431818 0.044363 0.043599
1 0.479906 0.301948 0.038100 0.034323
1 0.483559 0.178571 0.034969 0.032468
1 0.482255 0.152597 0.025052 0.025046
1 0.485386 0.107607 0.030271 0.024119
1 0.599948 0.089054 0.033925 0.027829
1 0.639614 0.088126 0.030793 0.027829
1 0.486430 0.071892 0.033403 0.026902
1 0.489301 0.007885 0.029749 0.015770
1 0.172495 0.377087 0.046451 0.039889
1 0.234081 0.162801 0.036013 0.034323
7 0.211900 0.200835 0.010438 0.030612
2 0.251044 0.090909 0.033403 0.031540
2 0.182150 0.556122 0.046973 0.043599
1 0.171190 0.603896 0.054280 0.044527
3 0.052192 0.616883 0.051148 0.103896
1 0.017223 0.768553 0.034447 0.054731
1 0.460073 0.819573 0.060021 0.054731
1 0.420929 0.928571 0.063152 0.063080
1 0.649791 0.826067 0.057411 0.051020
