0 0.370000 0.819333 0.047000 0.140000
0 0.537500 0.870000 0.058000 0.165333
0 0.512000 0.628333 0.042000 0.079333
2 0.502250 0.538000 0.052500 0.093333
0 0.402250 0.503000 0.031500 0.059333
2 0.413000 0.390000 0.032000 0.054667
0 0.485250 0.389333 0.022500 0.037333
0 0.421000 0.317000 0.018000 0.022000
0 0.483750 0.353000 0.020500 0.031333
0 0.478750 0.299667 0.016500 0.023333
0 0.476250 0.282000 0.015500 0.018667
0 0.472750 0.265667 0.014500 0.019333
0 0.472750 0.251667 0.013500 0.019333
0 0.471250 0.237000 0.013500 0.015333
0 0.428250 0.233667 0.011500 0.016667
0 0.423500 0.224333 0.026000 0.015333
0 0.417500 0.217333 0.011000 0.014667
0 0.431750 0.216333 0.010500 0.012667
0 0.477250 0.207333 0.023500 0.013333
0 0.468250 0.201000 0.010500 0.014000
0 0.420750 0.197333 0.009500 0.012000
0 0.433500 0.189333 0.010000 0.013333
2 0.468250 0.190000 0.009500 0.014667
0 0.434250 0.181000 0.009500 0.008667
0 0.435000 0.175333 0.009000 0.010667
0 0.436000 0.166333 0.009000 0.010000
0 0.466000 0.178333 0.010000 0.012667
0 0.465500 0.171000 0.009000 0.011333
0 0.464250 0.165667 0.008500 0.011333
0 0.464000 0.158000 0.008000 0.009333
0 0.398500 0.196667 0.019000 0.010667
0 0.401500 0.184333 0.022000 0.010000
0 0.484500 0.148667 0.013000 0.009333
0 0.453250 0.146000 0.015500 0.009333
2 0.431000 0.141667 0.016000 0.018000
0 0.418250 0.145333 0.011500 0.008000
2 0.376250 0.146000 0.024500 0.016000
0 0.358750 0.148000 0.012500 0.009333
0 0.292750 0.163333 0.013500 0.009333
0 0.925750 0.261000 0.040500 0.023333
2 0.335250 0.133000 0.016500 0.014000
