1 0.337500 0.768667 0.090000 0.198667
1 0.344750 0.573000 0.075500 0.142000
1 0.347000 0.377000 0.052000 0.087333
0 0.244500 0.477333 0.020000 0.049333
1 0.336250 0.311333 0.038500 0.057333
1 0.340750 0.271000 0.033500 0.043333
1 0.339250 0.240000 0.030500 0.045333
1 0.344500 0.217000 0.034000 0.034000
1 0.342250 0.177667 0.022500 0.027333
1 0.527500 0.402667 0.061000 0.073333
1 0.499500 0.350333 0.051000 0.059333
0 0.490250 0.301333 0.014500 0.032000
0 0.490250 0.306667 0.008500 0.026667
0 0.502500 0.306667 0.010000 0.025333
0 0.509000 0.277667 0.013000 0.024667
0 0.517250 0.303667 0.007500 0.027333
0 0.526750 0.301000 0.006500 0.024667
0 0.533250 0.307667 0.007500 0.023333
0 0.540500 0.337333 0.030000 0.024000
0 0.537500 0.330667 0.024000 0.017333
0 0.534500 0.322667 0.027000 0.016000
7 0.664500 0.365333 0.011000 0.036000
0 0.658250 0.352333 0.032500 0.028667
0 0.724500 0.348667 0.031000 0.033333
3 0.951250 0.511667 0.097500 0.111333
1 0.809000 0.560667 0.143000 0.142667
1 0.467500 0.282000 0.037000 0.042667
1 0.451500 0.247667 0.032000 0.043333
1 0.416250 0.166000 0.021500 0.022667
1 0.339000 0.158000 0.018000 0.020000
1 0.338000 0.148333 0.017000 0.016667
1 0.339500 0.138000 0.016000 0.014667
1 0.399250 0.138667 0.017500 0.018667
1 0.384750 0.102333 0.011500 0.012667
1 0.375750 0.082667 0.007500 0.008000
1 0.340250 0.056333 0.004500 0.006000
1 0.364250 0.056333 0.010500 0.006000
1 0.379750 0.075333 0.007500 0.009333
4 0.347000 0.096333 0.004000 0.010000
1 0.535000 0.180667 0.046000 0.028000
0 0.461500 0.201333 0.006000 0.022667
2 0.361250 0.048667 0.009500 0.004000
1 0.340000 0.050000 0.004000 0.006667
1 0.339250 0.044333 0.004500 0.004667
0 0.979500 0.603667 0.041000 0.022000
0 0.977750 0.618667 0.044500 0.014667
1 0.852500 0.714000 0.229000 0.196000
