1 0.101750 0.603667 0.095500 0.051333
1 0.446500 0.493333 0.053000 0.048000
2 0.616750 0.593333 0.042500 0.069333
7 0.658250 0.535333 0.011500 0.029333
7 0.723500 0.629333 0.016000 0.041333
7 0.614750 0.362667 0.006500 0.016000
1 0.587750 0.349000 0.017500 0.022000
7 0.547000 0.317667 0.005000 0.012667
1 0.564000 0.285000 0.013000 0.015333
7 0.585500 0.270000 0.004000 0.010667
1 0.566750 0.265333 0.010500 0.013333
1 0.568750 0.247000 0.009500 0.011333
1 0.586250 0.252667 0.009500 0.012000
7 0.584000 0.244000 0.004000 0.008000
2 0.586750 0.239000 0.007500 0.010000
7 0.585500 0.232000 0.003000 0.006667
2 0.585000 0.223000 0.007000 0.008667
2 0.594250 0.216000 0.008500 0.008000
1 0.591000 0.192000 0.004000 0.004000
5 0.587000 0.183333 0.004000 0.006667
1 0.583750 0.177000 0.002500 0.003333
7 0.607250 0.190667 0.001500 0.002667
2 0.420250 0.191667 0.006500 0.004667
1 0.488750 0.183000 0.002500 0.003333
2 0.477250 0.188000 0.002500 0.004000
7 0.460000 0.215667 0.004000 0.003333
