1 0.504643 0.549524 0.002143 0.003810
1 0.507500 0.553810 0.002143 0.002857
1 0.507500 0.551429 0.002143 0.003810
1 0.496071 0.559524 0.002143 0.004762
1 0.495357 0.566190 0.003571 0.004762
1 0.494643 0.570476 0.003571 0.005714
1 0.501071 0.570952 0.003571 0.004762
1 0.505000 0.578571 0.004286 0.006667
1 0.506071 0.587619 0.005000 0.005714
1 0.495000 0.589524 0.004286 0.005714
1 0.510000 0.598571 0.005714 0.006667
1 0.497143 0.604762 0.005714 0.005714
1 0.486429 0.600476 0.005714 0.006667
1 0.477143 0.550952 0.002857 0.004762
1 0.469643 0.569048 0.003571 0.004762
3 0.475357 0.581905 0.013571 0.007619
3 0.524286 0.581905 0.014286 0.009524
3 0.438571 0.590476 0.011429 0.007619
1 0.450000 0.608571 0.012857 0.007619
1 0.465000 0.590952 0.011429 0.006667
1 0.476071 0.590476 0.009286 0.005714
2 0.477143 0.587143 0.010000 0.006667
1 0.442857 0.586190 0.011429 0.006667
1 0.444286 0.582381 0.011429 0.006667
1 0.446429 0.580476 0.011429 0.006667
1 0.450357 0.572381 0.009286 0.005714
1 0.452857 0.569048 0.010000 0.006667
1 0.477143 0.579524 0.010000 0.006667
1 0.477857 0.576667 0.010000 0.006667
1 0.480714 0.575714 0.010000 0.006667
1 0.481786 0.568571 0.010714 0.005714
1 0.483214 0.562381 0.010714 0.004762
1 0.483929 0.559524 0.010714 0.004762
1 0.482500 0.561429 0.010714 0.004762
1 0.523214 0.575238 0.010714 0.005714
1 0.522500 0.565714 0.010714 0.005714
1 0.521786 0.571429 0.010714 0.005714
1 0.521786 0.561905 0.010714 0.005714
1 0.520357 0.558095 0.010714 0.005714
1 0.520357 0.556190 0.010714 0.005714
1 0.519643 0.557143 0.010714 0.005714
1 0.555357 0.586190 0.012143 0.004762
1 0.559286 0.583810 0.010000 0.005714
1 0.553571 0.579048 0.008571 0.005714
1 0.552857 0.574762 0.007143 0.006667
1 0.549643 0.572857 0.007857 0.004762
1 0.542857 0.565238 0.008571 0.004762
1 0.532857 0.559524 0.005714 0.004762
1 0.541071 0.559048 0.007857 0.003810
1 0.540000 0.556667 0.008571 0.004762
1 0.523571 0.592857 0.010000 0.006667
1 0.525714 0.585714 0.010000 0.005714
1 0.552857 0.660476 0.020000 0.008571
3 0.563929 0.659524 0.026429 0.020000
2 0.564643 0.669524 0.017857 0.013333
1 0.565357 0.681905 0.020714 0.009524
3 0.558571 0.693333 0.025714 0.015238
3 0.560357 0.705238 0.026429 0.016190
3 0.562143 0.712857 0.025714 0.018095
2 0.567500 0.726667 0.010714 0.020952
3 0.587500 0.724762 0.025000 0.026667
1 0.589643 0.761905 0.017857 0.034286
1 0.566786 0.764286 0.016429 0.025714
1 0.550357 0.744286 0.027857 0.016190
1 0.586429 0.741905 0.027143 0.015238
0 0.649286 0.748095 0.014286 0.010476
1 0.618214 0.729048 0.015000 0.016190
5 0.672500 0.790952 0.022143 0.021905
1 0.672143 0.730952 0.017143 0.018095
1 0.631429 0.758095 0.018571 0.022857
1 0.697857 0.730000 0.017143 0.020000
1 0.713214 0.731905 0.016429 0.021905
3 0.684286 0.767619 0.027143 0.032381
1 0.690000 0.810476 0.041429 0.022857
1 0.649643 0.799524 0.039286 0.020000
1 0.635357 0.812381 0.040714 0.020952
1 0.590714 0.802857 0.034286 0.019048
1 0.689286 0.872857 0.024286 0.031429
1 0.670000 0.965238 0.061429 0.037143
1 0.562857 0.913810 0.022857 0.035238
2 0.477500 0.874286 0.017857 0.043810
1 0.447500 0.906190 0.025000 0.040952
1 0.514643 0.758571 0.012143 0.020000
1 0.470357 0.805714 0.016429 0.032381
1 0.448214 0.798095 0.016429 0.032381
1 0.478571 0.768095 0.012857 0.021905
1 0.457857 0.768571 0.012857 0.022857
1 0.475000 0.740000 0.012857 0.022857
1 0.455357 0.743333 0.013571 0.023810
1 0.462143 0.724762 0.011429 0.017143
1 0.483929 0.714286 0.010714 0.020952
1 0.512143 0.702857 0.011429 0.015238
1 0.483929 0.697619 0.010714 0.014286
1 0.468929 0.698571 0.010714 0.016190
1 0.487143 0.676667 0.008571 0.016190
1 0.472500 0.664286 0.009286 0.012381
1 0.488214 0.656190 0.007857 0.011429
1 0.483929 0.648571 0.010714 0.011429
1 0.442143 0.673333 0.021429 0.009524
1 0.442500 0.678095 0.017857 0.009524
1 0.439286 0.683333 0.021429 0.010476
3 0.392143 0.667619 0.028571 0.020952
1 0.388571 0.677619 0.017143 0.010476
2 0.384286 0.681429 0.018571 0.012381
1 0.383214 0.686667 0.017857 0.011429
1 0.375714 0.690476 0.022857 0.011429
1 0.373571 0.702381 0.021429 0.014286
2 0.365000 0.706667 0.020000 0.013333
1 0.365000 0.716190 0.024286 0.015238
1 0.394643 0.715238 0.022143 0.017143
1 0.418929 0.697143 0.025000 0.013333
1 0.431429 0.708095 0.022857 0.014286
1 0.429643 0.715714 0.023571 0.014286
1 0.420000 0.721429 0.027143 0.018095
1 0.398214 0.734286 0.029286 0.017143
3 0.394643 0.745714 0.035000 0.020952
1 0.370000 0.751905 0.025714 0.018095
1 0.358929 0.760476 0.026429 0.018095
1 0.343929 0.765714 0.027857 0.017143
1 0.317500 0.769524 0.027857 0.020952
1 0.229286 0.762381 0.022857 0.020000
1 0.205714 0.764762 0.025714 0.022857
7 0.153214 0.798095 0.013571 0.009524
7 0.207500 0.798095 0.013571 0.011429
1 0.165714 0.761429 0.027143 0.020000
1 0.148214 0.761429 0.027857 0.020000
7 0.028214 0.800952 0.013571 0.011429
1 0.123214 0.764286 0.029286 0.021905
1 0.100714 0.762857 0.030000 0.020952
1 0.077500 0.765714 0.030714 0.020952
1 0.059643 0.764762 0.032143 0.020952
3 0.040357 0.757143 0.036429 0.034286
1 0.019286 0.764286 0.030000 0.018095
1 0.009643 0.761905 0.019286 0.020952
1 0.011429 0.812381 0.022857 0.024762
1 0.112143 0.810952 0.042857 0.021905
1 0.126429 0.785238 0.038571 0.018095
1 0.162500 0.826190 0.040714 0.021905
1 0.266786 0.832381 0.043571 0.022857
1 0.333571 0.827143 0.041429 0.020000
1 0.296429 0.779048 0.021429 0.024762
1 0.337143 0.787619 0.034286 0.024762
1 0.398571 0.829048 0.031429 0.025714
7 0.326429 0.857143 0.017143 0.013333
1 0.425357 0.863333 0.027857 0.031429
1 0.398929 0.879048 0.036429 0.036190
1 0.201071 0.892857 0.036429 0.040952
2 0.249643 0.892857 0.055000 0.044762
6 0.318571 0.891905 0.061429 0.060000
1 0.321071 0.926190 0.059286 0.031429
1 0.313929 0.954762 0.057857 0.031429
1 0.258214 0.980952 0.065000 0.036190
1 0.051429 0.973810 0.074286 0.048571
1 0.053929 0.989048 0.067857 0.021905
