0 0.164286 0.203333 0.038571 0.020000
0 0.175714 0.260000 0.031429 0.028571
0 0.137143 0.283333 0.032857 0.031429
0 0.101071 0.310952 0.037857 0.033333
0 0.188929 0.356667 0.036429 0.039048
0 0.119643 0.425714 0.050714 0.049524
0 0.066786 0.489048 0.065000 0.056190
0 0.021786 0.548571 0.043571 0.062857
0 0.024643 0.434762 0.049286 0.060000
0 0.032500 0.370952 0.056429 0.060000
0 0.322143 0.625714 0.108571 0.062857
0 0.525000 0.631905 0.108571 0.061905
0 0.677143 0.634762 0.108571 0.061905
0 0.893214 0.628571 0.110714 0.059048
