0 0.151879 0.429035 0.049061 0.038033
0 0.134134 0.459647 0.046973 0.039889
0 0.181889 0.462430 0.049582 0.038033
0 0.291493 0.397495 0.025574 0.064007
0 0.344990 0.410019 0.028184 0.066790
0 0.436065 0.425325 0.023486 0.064007
0 0.466858 0.426716 0.021399 0.072356
0 0.333507 0.700835 0.033403 0.076994
0 0.300626 0.681818 0.031315 0.074212
0 0.365605 0.703154 0.027662 0.081633
2 0.146138 0.549629 0.080376 0.060297
0 0.550365 0.728200 0.024530 0.076067
0 0.649008 0.748145 0.026618 0.086271
0 0.710334 0.762059 0.028184 0.080705
0 0.743998 0.775974 0.029749 0.093692
0 0.780532 0.781540 0.030793 0.089981
0 0.843685 0.774119 0.038100 0.089981
0 0.785230 0.516698 0.051670 0.040816
0 0.966597 0.739332 0.040710 0.096475
0 0.851775 0.245826 0.015658 0.046382
0 0.892484 0.254174 0.021921 0.046382
0 0.901618 0.026902 0.021399 0.042672
