2 0.674750 0.746000 0.217500 0.190667
1 0.901250 0.854333 0.197500 0.204667
1 0.351250 0.632333 0.162500 0.195333
0 0.288250 0.249667 0.026500 0.043333
1 0.543750 0.140000 0.084500 0.072000
4 0.659000 0.081333 0.022000 0.038667
2 0.509750 0.367667 0.093500 0.128667
1 0.582000 0.407667 0.102000 0.135333
2 0.665500 0.441667 0.081000 0.178000
1 0.777000 0.466667 0.093000 0.158667
2 0.899250 0.485667 0.095500 0.198000
1 0.104000 0.050333 0.085000 0.068667
1 0.213750 0.140000 0.082500 0.057333
2 0.981000 0.268333 0.038000 0.131333
