5 0.380500 0.589000 0.047000 0.135333
2 0.081000 0.703000 0.091000 0.160667
1 0.970500 0.357000 0.059000 0.080667
1 0.026250 0.376667 0.052500 0.141333
2 0.112250 0.340000 0.064500 0.109333
2 0.192000 0.338000 0.071000 0.190667
1 0.281750 0.317333 0.070500 0.142667
2 0.352500 0.289000 0.068000 0.114000
1 0.424750 0.283667 0.068500 0.130000
2 0.487500 0.270667 0.062000 0.134667
1 0.039500 0.215667 0.079000 0.066000
2 0.168000 0.183667 0.118000 0.080667
1 0.287000 0.164000 0.104000 0.074667
1 0.373000 0.035667 0.094000 0.059333
1 0.449250 0.127000 0.100500 0.080667
1 0.612500 0.155000 0.077000 0.092667
1 0.827250 0.076333 0.102500 0.068667
