0 0.273571 0.165238 0.065714 0.050476
0 0.186786 0.331429 0.045000 0.068571
0 0.240714 0.386190 0.055714 0.071429
0 0.289643 0.430952 0.065000 0.065714
0 0.307500 0.490952 0.056429 0.088571
0 0.565000 0.682857 0.037143 0.110476
0 0.487143 0.522381 0.028571 0.075238
0 0.494286 0.353810 0.032857 0.082857
2 0.476786 0.202857 0.043571 0.087619
0 0.867500 0.277619 0.062143 0.042857
0 0.955714 0.259524 0.058571 0.050476
0 0.799643 0.386667 0.057857 0.066667
0 0.775000 0.433810 0.067143 0.067619
0 0.854643 0.464286 0.060714 0.063810
0 0.879643 0.437143 0.065000 0.072381
