1 0.955898 0.596475 0.044363 0.063080
3 0.980167 0.447124 0.038622 0.068646
1 0.772704 0.394249 0.031837 0.044527
1 0.965292 0.205937 0.036013 0.048237
1 0.980950 0.200835 0.029749 0.043599
1 0.991127 0.192950 0.016701 0.037106
1 0.541232 0.667440 0.046973 0.069573
4 0.508612 0.584879 0.024530 0.032468
7 0.419363 0.591837 0.012004 0.025974
7 0.441023 0.460575 0.018789 0.017625
7 0.399008 0.391002 0.018267 0.023191
1 0.373956 0.332560 0.038100 0.049165
1 0.361430 0.310761 0.039144 0.046382
1 0.331420 0.252783 0.037578 0.043599
1 0.324113 0.235158 0.035491 0.034323
1 0.307933 0.132653 0.032359 0.033395
1 0.286795 0.037106 0.030793 0.029685
1 0.228079 0.064935 0.017745 0.038961
2 0.212161 0.106215 0.037056 0.045455
1 0.192328 0.109926 0.029749 0.036178
1 0.105689 0.844156 0.054802 0.053803
1 0.123695 0.896568 0.061587 0.054731
1 0.079854 0.700835 0.039666 0.038033
1 0.077244 0.669295 0.051148 0.039889
1 0.058716 0.596939 0.040188 0.045455
1 0.046451 0.530612 0.041754 0.035250
