7 0.943000 0.338000 0.024000 0.021333
7 0.965500 0.364000 0.015000 0.026667
7 0.966750 0.351333 0.015500 0.020000
7 0.993750 0.383333 0.012500 0.029333
0 0.909750 0.401333 0.018500 0.029333
7 0.813500 0.431667 0.017000 0.038000
7 0.814500 0.402333 0.020000 0.030000
0 0.835000 0.411667 0.024000 0.028667
0 0.864750 0.366333 0.022500 0.027333
1 0.796000 0.535667 0.088000 0.084667
1 0.571000 0.654667 0.153000 0.189333
0 0.784500 0.731333 0.028000 0.081333
7 0.501000 0.970333 0.061000 0.059333
7 0.074000 0.900000 0.050000 0.109333
1 0.320500 0.972667 0.176000 0.054667
7 0.374250 0.805000 0.031500 0.108667
0 0.264750 0.693000 0.027500 0.088667
7 0.345000 0.706000 0.064000 0.062667
7 0.443250 0.625667 0.052500 0.062000
7 0.453500 0.597667 0.033000 0.062000
4 0.525250 0.544333 0.060500 0.062000
0 0.772500 0.429333 0.016000 0.026667
7 0.958500 0.317000 0.025000 0.022000
4 0.973000 0.314333 0.029000 0.026000
7 0.871750 0.795667 0.043500 0.080667
