3 0.169885 0.526438 0.041232 0.064007
3 0.207985 0.528293 0.038100 0.062152
4 0.305846 0.717996 0.061587 0.068646
5 0.419885 0.331633 0.020355 0.041744
1 0.445720 0.370594 0.022965 0.052876
1 0.477035 0.374304 0.021921 0.043599
4 0.648225 0.808905 0.077244 0.089054
4 0.631785 0.750464 0.062109 0.059369
5 0.762526 0.835343 0.076200 0.088126
1 0.846033 0.802412 0.070981 0.129870
1 0.897704 0.807050 0.079332 0.126160
7 0.759395 0.479128 0.024008 0.025046
7 0.751305 0.459647 0.021399 0.028757
1 0.612735 0.429499 0.032359 0.046382
1 0.572025 0.458256 0.027140 0.051948
1 0.567850 0.402134 0.019833 0.039889
7 0.701983 0.344620 0.014614 0.019481
7 0.622390 0.353432 0.005741 0.020408
7 0.615084 0.365955 0.007829 0.023191
7 0.599687 0.372449 0.007307 0.026902
7 0.570981 0.361317 0.011482 0.023191
7 0.592119 0.356679 0.009916 0.023191
7 0.588205 0.336271 0.010438 0.025046
7 0.600992 0.339054 0.009916 0.026902
7 0.613518 0.334416 0.006785 0.023191
7 0.606994 0.334879 0.008351 0.022263
0 0.649791 0.265306 0.006263 0.018553
2 0.598121 0.308442 0.018789 0.045455
5 0.515136 0.339518 0.015658 0.048237
5 0.534186 0.350649 0.013048 0.035250
5 0.532881 0.377087 0.026096 0.051020
5 0.507829 0.441095 0.016701 0.051020
7 0.481472 0.339054 0.012004 0.025046
1 0.532098 0.320965 0.028706 0.046382
5 0.547495 0.301020 0.024008 0.032468
7 0.552975 0.363636 0.008873 0.025974
5 0.521921 0.521800 0.018789 0.058442
7 0.544885 0.556122 0.010438 0.036178
7 0.465292 0.644249 0.015136 0.052876
4 0.542276 0.227737 0.024008 0.021336
4 0.551670 0.232839 0.012526 0.024119
4 0.578810 0.187384 0.010438 0.022263
7 0.566806 0.143785 0.005219 0.009276
7 0.563674 0.141929 0.006263 0.007421
7 0.541493 0.143785 0.004697 0.011132
4 0.514614 0.128479 0.006263 0.012059
1 0.481211 0.135436 0.012526 0.022263
1 0.494781 0.094620 0.012526 0.014842
1 0.455898 0.147495 0.018267 0.018553
1 0.458507 0.144712 0.024530 0.018553
1 0.455376 0.133581 0.009916 0.020408
7 0.431889 0.190631 0.008873 0.012059
7 0.434499 0.186920 0.009916 0.010204
2 0.355428 0.289425 0.019833 0.038961
1 0.380219 0.282931 0.018267 0.029685
7 0.383612 0.266698 0.012526 0.015770
7 0.455115 0.104824 0.006263 0.011132
1 0.580898 0.099722 0.018789 0.017625
1 0.554280 0.087199 0.009395 0.016698
2 0.551409 0.079314 0.009916 0.015770
5 0.520355 0.077922 0.006263 0.014842
1 0.495564 0.071892 0.012004 0.012059
1 0.494781 0.057050 0.008351 0.010204
4 0.530793 0.064471 0.005219 0.013915
4 0.525574 0.062152 0.006263 0.011132
1 0.544885 0.046846 0.006263 0.010204
1 0.537578 0.025046 0.004175 0.011132
7 0.516701 0.053803 0.003132 0.009276
7 0.513309 0.034787 0.002610 0.006494
5 0.514092 0.010668 0.003132 0.010204
4 0.531315 0.004174 0.010438 0.008349
