1 0.936000 0.225333 0.021000 0.025333
1 0.902250 0.249000 0.021500 0.028667
1 0.887250 0.253667 0.025500 0.032667
4 0.904500 0.277333 0.015000 0.026667
7 0.876500 0.286667 0.013000 0.021333
3 0.947000 0.292667 0.034000 0.066667
2 0.826500 0.265000 0.063000 0.040667
2 0.825750 0.289000 0.029500 0.043333
2 0.752500 0.339667 0.044000 0.052667
3 0.885250 0.474333 0.149500 0.088667
3 0.515500 0.479000 0.123000 0.091333
7 0.381750 0.740333 0.060500 0.059333
1 0.472500 0.880667 0.242000 0.238667
0 0.530500 0.679667 0.056000 0.067333
1 0.909000 0.656333 0.120000 0.139333
7 0.915500 0.803667 0.090000 0.074000
2 0.965000 0.376333 0.070000 0.066000
