1 0.012500 0.474286 0.025000 0.015238
1 0.008571 0.510000 0.017143 0.016190
1 0.991429 0.715714 0.017143 0.016190
1 0.991786 0.219524 0.016429 0.014286
1 0.074286 0.510000 0.027143 0.014286
1 0.045357 0.509524 0.029286 0.015238
7 0.116429 0.542857 0.008571 0.009524
7 0.109643 0.544286 0.006429 0.012381
1 0.133214 0.645714 0.030714 0.017143
1 0.149286 0.678571 0.017143 0.037143
1 0.166786 0.681905 0.017857 0.038095
1 0.157143 0.742857 0.031429 0.017143
7 0.800714 0.437143 0.004286 0.009524
3 0.748214 0.345238 0.027857 0.080952
7 0.773571 0.303810 0.002857 0.009524
7 0.742143 0.163333 0.002857 0.008571
1 0.739286 0.125714 0.011429 0.019048
3 0.703929 0.095714 0.022143 0.069524
3 0.734643 0.094762 0.015000 0.027619
1 0.727857 0.073333 0.011429 0.019048
1 0.723571 0.052857 0.011429 0.020000
1 0.718929 0.029524 0.010714 0.020952
1 0.715357 0.010000 0.009286 0.016190
1 0.794286 0.165714 0.018571 0.011429
1 0.797857 0.179048 0.021429 0.013333
1 0.802857 0.192381 0.022857 0.013333
1 0.806429 0.205714 0.022857 0.013333
1 0.813214 0.219524 0.019286 0.010476
1 0.841429 0.146667 0.022857 0.013333
1 0.864286 0.156190 0.022857 0.013333
1 0.845714 0.166667 0.022857 0.013333
1 0.867857 0.178571 0.021429 0.014286
1 0.882500 0.226667 0.023571 0.013333
1 0.823214 0.262857 0.022143 0.013333
1 0.826786 0.277619 0.022143 0.014286
1 0.867143 0.273810 0.025714 0.014286
1 0.885000 0.241429 0.022857 0.012381
1 0.889286 0.255714 0.024286 0.014286
1 0.892143 0.270476 0.024286 0.013333
1 0.902143 0.301429 0.025714 0.014286
1 0.830714 0.308095 0.022857 0.012381
1 0.974286 0.150476 0.024286 0.015238
1 0.981071 0.173810 0.025000 0.014286
1 0.985357 0.185238 0.026429 0.014286
1 0.986786 0.197619 0.025000 0.014286
1 0.911429 0.164762 0.021429 0.013333
1 0.933214 0.165238 0.020714 0.014286
1 0.913929 0.178095 0.023571 0.011429
1 0.936429 0.176190 0.022857 0.013333
1 0.919286 0.187619 0.024286 0.013333
1 0.921786 0.199524 0.026429 0.014286
1 0.926071 0.211429 0.025000 0.013333
1 0.926786 0.222857 0.025000 0.013333
1 0.948929 0.209524 0.017857 0.013333
1 0.944643 0.198095 0.022143 0.013333
3 0.955000 0.231905 0.027143 0.016190
1 0.936071 0.246190 0.025000 0.014286
1 0.961786 0.258571 0.025000 0.012381
1 0.966071 0.270000 0.025000 0.014286
1 0.970000 0.284286 0.024286 0.014286
1 0.974286 0.295714 0.025714 0.014286
1 0.979643 0.308095 0.023571 0.012381
1 0.885000 0.326190 0.020000 0.014286
1 0.985357 0.597143 0.020714 0.036190
7 0.972857 0.668095 0.007143 0.014286
1 0.947500 0.785238 0.026429 0.016190
1 0.478929 0.549524 0.010714 0.030476
1 0.465000 0.549524 0.010000 0.030476
1 0.451071 0.549524 0.012143 0.030476
1 0.532500 0.547143 0.010714 0.031429
1 0.545000 0.548095 0.011429 0.031429
1 0.560000 0.546190 0.011429 0.033333
1 0.584286 0.546667 0.011429 0.034286
1 0.597857 0.547143 0.011429 0.029524
1 0.380000 0.516667 0.012857 0.033333
1 0.424286 0.549048 0.011429 0.031429
1 0.444286 0.598571 0.024286 0.014286
1 0.480357 0.598571 0.026429 0.016190
1 0.515357 0.600000 0.026429 0.015238
2 0.546429 0.600476 0.021429 0.012381
7 0.297143 0.533333 0.008571 0.005714
1 0.267143 0.600476 0.027143 0.016190
1 0.299643 0.600952 0.026429 0.015238
7 0.607143 0.478095 0.008571 0.005714
7 0.600714 0.382381 0.007143 0.004762
7 0.597143 0.367619 0.007143 0.005714
0 0.600357 0.401905 0.005000 0.003810
0 0.601429 0.442857 0.005714 0.001905
0 0.601429 0.433810 0.005714 0.002857
0 0.603214 0.456190 0.005000 0.003810
0 0.598929 0.391429 0.005000 0.003810
0 0.603214 0.449048 0.005000 0.002857
0 0.617143 0.519524 0.002857 0.010476
0 0.621786 0.517619 0.003571 0.010476
7 0.625714 0.518095 0.002857 0.011429
7 0.601429 0.626190 0.008571 0.004762
1 0.050000 0.596190 0.027143 0.017143
