0 0.499286 0.330476 0.048571 0.057143
0 0.461429 0.275238 0.045714 0.047619
0 0.400714 0.263333 0.044286 0.044762
0 0.362143 0.300000 0.071429 0.047619
0 0.288929 0.391905 0.047857 0.073333
0 0.239643 0.393810 0.057857 0.096190
0 0.578571 0.230952 0.047143 0.040952
0 0.733571 0.230476 0.051429 0.045714
0 0.792500 0.187143 0.046429 0.035238
0 0.498571 0.040000 0.022857 0.019048
0 0.518571 0.064286 0.022857 0.018095
0 0.729643 0.168571 0.046429 0.034286
0 0.702857 0.141905 0.042857 0.030476
0 0.757500 0.142381 0.040714 0.027619
0 0.908214 0.215714 0.055000 0.042857
0 0.827143 0.177143 0.041429 0.030476
0 0.896429 0.166667 0.038571 0.026667
0 0.877143 0.157143 0.038571 0.026667
0 0.529286 0.490476 0.090000 0.072381
0 0.530357 0.444286 0.087857 0.056190
0 0.611071 0.364762 0.070714 0.045714
0 0.536071 0.293810 0.065000 0.042857
0 0.559286 0.316190 0.064286 0.043810
0 0.528214 0.275714 0.065000 0.042857
0 0.508929 0.257143 0.052143 0.038095
0 0.489643 0.242381 0.056429 0.040952
0 0.478571 0.225714 0.051429 0.034286
0 0.458929 0.210952 0.056429 0.035238
0 0.445000 0.193810 0.047143 0.033333
0 0.432857 0.182381 0.041429 0.033333
0 0.426071 0.172857 0.047857 0.025714
0 0.418571 0.160952 0.044286 0.024762
0 0.409286 0.152857 0.050000 0.025714
0 0.371429 0.112381 0.037143 0.028571
0 0.384643 0.061905 0.019286 0.020952
0 0.394286 0.044286 0.018571 0.020000
0 0.366071 0.023810 0.015000 0.019048
0 0.377143 0.389048 0.087143 0.054286
0 0.364643 0.357619 0.089286 0.050476
0 0.428571 0.457619 0.087143 0.058095
0 0.426786 0.512857 0.086429 0.058095
0 0.293571 0.478095 0.091429 0.057143
0 0.171786 0.413333 0.046429 0.081905
0 0.458929 0.007619 0.013571 0.015238
0 0.501071 0.007619 0.016429 0.015238
0 0.556786 0.042857 0.017857 0.019048
0 0.612143 0.074286 0.025714 0.020952
0 0.657857 0.095238 0.031429 0.022857
0 0.571071 0.021905 0.025000 0.017143
0 0.560000 0.020000 0.024286 0.017143
2 0.654286 0.280476 0.060000 0.069524
0 0.797143 0.118571 0.037143 0.031429
