1 0.306429 0.199873 0.055714 0.194162
0 0.271071 0.299492 0.027857 0.071066
0 0.221429 0.341371 0.032857 0.073604
0 0.342857 0.670685 0.037143 0.074873
0 0.408929 0.682107 0.035000 0.082487
0 0.302500 0.792513 0.035000 0.085025
0 0.464286 0.835025 0.035714 0.091371
0 0.462500 0.976523 0.030714 0.044416
2 0.097857 0.535533 0.058571 0.104061
0 0.455000 0.099619 0.024286 0.054569
0 0.475714 0.469543 0.045714 0.053299
2 0.511071 0.272843 0.050714 0.164975
2 0.554643 0.446066 0.052143 0.153553
0 0.524643 0.731599 0.045000 0.062183
0 0.537143 0.771574 0.045714 0.060914
0 0.571071 0.909264 0.039286 0.049492
0 0.593571 0.949873 0.051429 0.069797
0 0.780000 0.495558 0.032857 0.079949
