1 0.417143 0.610952 0.061429 0.145714
1 0.769286 0.668095 0.110000 0.162857
1 0.848571 0.551429 0.108571 0.133333
1 0.843571 0.282857 0.062857 0.053333
1 0.794643 0.241429 0.046429 0.035238
1 0.717143 0.184762 0.035714 0.032381
1 0.477143 0.318571 0.038571 0.052381
1 0.389643 0.357143 0.042143 0.068571
1 0.335357 0.367143 0.039286 0.063810
1 0.393929 0.292857 0.032143 0.054286
1 0.971429 0.377619 0.050000 0.061905
1 0.907143 0.331905 0.077143 0.058095
1 0.563571 0.076190 0.014286 0.019048
1 0.537500 0.073810 0.016429 0.020000
1 0.360357 0.185238 0.022143 0.029524
1 0.339286 0.164762 0.022857 0.030476
1 0.247500 0.288571 0.082143 0.045714
1 0.260000 0.380000 0.068571 0.057143
1 0.284643 0.248571 0.066429 0.030476
1 0.291786 0.217143 0.066429 0.034286
1 0.755000 0.150000 0.041429 0.021905
1 0.744286 0.143333 0.040000 0.029524
1 0.738214 0.135238 0.049286 0.028571
1 0.733214 0.126667 0.046429 0.026667
1 0.714286 0.122857 0.060000 0.020952
1 0.697143 0.110952 0.054286 0.033333
1 0.587500 0.075714 0.012143 0.014286
1 0.366429 0.162857 0.025714 0.028571
1 0.833929 0.084286 0.026429 0.014286
1 0.820357 0.081905 0.026429 0.020952
1 0.887500 0.114762 0.026429 0.025714
1 0.931071 0.940476 0.132143 0.115238
2 0.303571 0.064286 0.038571 0.016190
2 0.300000 0.072857 0.032857 0.018095
1 0.281071 0.165714 0.027857 0.032381
2 0.371071 0.212857 0.076429 0.031429
1 0.353571 0.148095 0.051429 0.021905
2 0.332143 0.134762 0.052857 0.029524
1 0.466429 0.006190 0.008571 0.010476
1 0.500000 0.016190 0.008571 0.007619
1 0.509286 0.024762 0.010000 0.013333
1 0.598214 0.084286 0.017857 0.016190
7 0.872500 0.366190 0.025000 0.033333
7 0.539286 0.239048 0.012857 0.022857
1 0.690714 0.142857 0.021429 0.024762
2 0.480000 0.177143 0.024286 0.041905
7 0.253929 0.192381 0.022143 0.020952
7 0.194643 0.337143 0.036429 0.022857
7 0.187143 0.314762 0.015714 0.025714
0 0.440714 0.316190 0.008571 0.036190
0 0.509286 0.137143 0.011429 0.011429
1 0.803929 0.106667 0.040714 0.026667
1 0.832857 0.120000 0.027143 0.028571
1 0.880357 0.141905 0.043571 0.032381
1 0.875000 0.102381 0.028571 0.010476
1 0.859286 0.093810 0.031429 0.020000
1 0.988571 0.155714 0.022857 0.025714
2 0.971786 0.141429 0.025000 0.031429
