0 0.104643 0.232868 0.027857 0.019036
0 0.176786 0.256345 0.029286 0.020305
1 0.320357 0.239848 0.075000 0.058376
1 0.388214 0.243655 0.026429 0.043147
1 0.570000 0.117386 0.030000 0.039340
1 0.607143 0.102792 0.035714 0.038071
0 0.598214 0.159264 0.013571 0.013959
0 0.653929 0.102157 0.010714 0.011421
0 0.670357 0.087563 0.009286 0.010152
0 0.678214 0.079315 0.009286 0.011421
0 0.664643 0.102157 0.010714 0.013959
1 0.766071 0.008249 0.013571 0.016497
0 0.799643 0.006345 0.006429 0.007614
0 0.715714 0.097081 0.008571 0.013959
0 0.666786 0.131345 0.010714 0.011421
0 0.680714 0.135787 0.011429 0.015228
1 0.643214 0.145939 0.016429 0.025381
1 0.800000 0.032360 0.011429 0.026650
1 0.801429 0.108503 0.011429 0.036802
1 0.969286 0.093274 0.024286 0.039340
1 0.795357 0.134518 0.020714 0.045685
0 0.996429 0.143401 0.007143 0.017766
1 0.791786 0.286802 0.050714 0.040609
1 0.637500 0.282360 0.086429 0.067259
0 0.605000 0.199873 0.012857 0.013959
0 0.573929 0.246827 0.015000 0.016497
0 0.592857 0.269036 0.027143 0.020305
0 0.455714 0.243655 0.017143 0.015228
0 0.478571 0.277919 0.031429 0.020305
0 0.693571 0.411168 0.011429 0.027919
0 0.604286 0.377538 0.015714 0.034264
0 0.573571 0.375000 0.014286 0.036802
2 0.485357 0.388959 0.025000 0.052030
0 0.395357 0.475254 0.019286 0.031726
0 0.521429 0.517132 0.018571 0.041878
0 0.579286 0.571066 0.017143 0.045685
0 0.658214 0.692893 0.019286 0.055838
0 0.543214 0.700508 0.020714 0.060914
0 0.388571 0.897208 0.025714 0.083756
0 0.889643 0.951142 0.029286 0.085025
2 0.949643 0.953046 0.043571 0.091371
