1 0.688571 0.970000 0.047143 0.060000
1 0.325714 0.057619 0.012857 0.020000
1 0.340357 0.168571 0.015000 0.030476
2 0.267857 0.460476 0.024286 0.052381
7 0.252143 0.657143 0.010000 0.032381
1 0.404286 0.658095 0.031429 0.066667
1 0.387857 0.560952 0.024286 0.072381
1 0.381429 0.480000 0.025714 0.051429
7 0.406786 0.443333 0.007857 0.027619
1 0.422857 0.064762 0.012857 0.019048
1 0.497500 0.102857 0.015000 0.022857
1 0.483929 0.069048 0.015000 0.020000
1 0.475714 0.052381 0.014286 0.017143
7 0.465357 0.056190 0.005000 0.013333
7 0.442500 0.004762 0.005000 0.009524
7 0.658929 0.059524 0.009286 0.008571
7 0.672143 0.079524 0.010000 0.008571
2 0.551786 0.220952 0.020714 0.032381
1 0.842500 0.872381 0.063571 0.108571
