2 0.230357 0.255238 0.019286 0.028571
2 0.712143 0.266667 0.025714 0.022857
2 0.425357 0.310476 0.022143 0.043810
2 0.438929 0.212857 0.017857 0.037143
0 0.581786 0.372857 0.022143 0.033333
0 0.435357 0.269524 0.013571 0.022857
0 0.643571 0.230000 0.024286 0.016190
0 0.639643 0.220000 0.025000 0.017143
0 0.496071 0.131429 0.012143 0.015238
0 0.462143 0.062857 0.014286 0.011429
0 0.244286 0.106190 0.012857 0.016190
0 0.229643 0.102857 0.013571 0.015238
0 0.193571 0.108095 0.011429 0.012381
0 0.317500 0.067143 0.016429 0.012381
0 0.328214 0.050952 0.016429 0.010476
0 0.329643 0.049048 0.017857 0.010476
0 0.331071 0.044286 0.017857 0.010476
0 0.327857 0.040952 0.018571 0.011429
0 0.338214 0.016667 0.016429 0.010476
0 0.462500 0.007143 0.005000 0.008571
0 0.470000 0.019048 0.008571 0.009524
0 0.466429 0.003333 0.010000 0.006667
