0 0.662750 0.948000 0.075500 0.062667
0 0.585000 0.768667 0.057000 0.053333
0 0.570000 0.721667 0.055000 0.047333
0 0.528500 0.615333 0.054000 0.042667
0 0.555500 0.544000 0.049000 0.038667
0 0.101250 0.809667 0.059500 0.056667
0 0.275250 0.632000 0.051500 0.044000
0 0.028750 0.624333 0.057500 0.058000
2 0.028000 0.548000 0.056000 0.086667
0 0.161750 0.533333 0.051500 0.049333
0 0.129000 0.459333 0.045000 0.040000
0 0.222500 0.428333 0.040000 0.035333
0 0.283500 0.321333 0.029000 0.029333
2 0.272000 0.191000 0.016000 0.027333
0 0.423250 0.548667 0.047500 0.040000
0 0.451750 0.507000 0.045500 0.035333
0 0.483500 0.451000 0.041000 0.028667
0 0.491500 0.427333 0.041000 0.030667
0 0.530750 0.371667 0.039500 0.027333
0 0.546750 0.343000 0.035500 0.028667
0 0.561750 0.309000 0.034500 0.023333
0 0.583750 0.269667 0.030500 0.020667
0 0.599000 0.244667 0.030000 0.021333
0 0.352000 0.352000 0.027000 0.026667
2 0.464500 0.228667 0.029000 0.029333
2 0.413750 0.198333 0.061500 0.067333
0 0.531250 0.157333 0.009500 0.012000
0 0.504250 0.124667 0.013500 0.014667
0 0.507500 0.092667 0.017000 0.013333
0 0.633000 0.351667 0.041000 0.031333
0 0.636750 0.336667 0.033500 0.024000
0 0.653500 0.298000 0.034000 0.024000
0 0.668000 0.124333 0.020000 0.014000
0 0.715500 0.147000 0.023000 0.015333
0 0.716500 0.141000 0.018000 0.011333
0 0.720000 0.129333 0.019000 0.010667
0 0.730500 0.097667 0.021000 0.011333
0 0.733000 0.090000 0.018000 0.010667
0 0.736500 0.086333 0.014000 0.010000
0 0.695500 0.077000 0.018000 0.011333
0 0.697750 0.061000 0.014500 0.008667
0 0.735750 0.077667 0.019500 0.011333
0 0.737500 0.073333 0.018000 0.008000
0 0.739500 0.064667 0.017000 0.010667
0 0.737000 0.057000 0.018000 0.010000
0 0.739750 0.051667 0.011500 0.007333
0 0.738250 0.049333 0.016500 0.008000
0 0.702500 0.031667 0.014000 0.008667
0 0.701250 0.010333 0.014500 0.010000
0 0.734500 0.022000 0.012000 0.008000
0 0.736000 0.019333 0.014000 0.008000
0 0.732000 0.008333 0.012000 0.007333
0 0.731500 0.006667 0.014000 0.008000
0 0.733250 0.006000 0.013500 0.006667
