7 0.344750 0.040667 0.028500 0.054667
7 0.287750 0.181667 0.030500 0.056667
0 0.321000 0.245667 0.047000 0.036667
1 0.403250 0.156000 0.064500 0.160000
0 0.435750 0.319000 0.016500 0.059333
4 0.381750 0.538000 0.058500 0.058667
7 0.287250 0.815333 0.028500 0.062667
7 0.308750 0.717667 0.026500 0.056667
2 0.617750 0.349000 0.141500 0.107333
2 0.946250 0.597000 0.107500 0.086000
1 0.749250 0.567667 0.147500 0.108667
1 0.603250 0.529667 0.121500 0.090000
1 0.556500 0.635000 0.138000 0.103333
1 0.563250 0.766000 0.137500 0.097333
1 0.743000 0.819333 0.115000 0.168000
1 0.236750 0.705333 0.122500 0.136000
1 0.145250 0.678000 0.106500 0.145333
7 0.954500 0.881333 0.050000 0.062667
7 0.887750 0.915000 0.055500 0.062000
7 0.681500 0.626667 0.053000 0.041333
3 0.062750 0.254333 0.125500 0.098000
1 0.080250 0.477667 0.146500 0.090000
1 0.047750 0.607667 0.095500 0.076667
