1 0.100143 0.947519 0.087268 0.099237
1 0.098355 0.776718 0.075107 0.179389
1 0.396280 0.912691 0.147353 0.155534
1 0.375536 0.805821 0.161660 0.140267
1 0.363019 0.722805 0.133763 0.107824
1 0.328684 0.595897 0.113734 0.088740
1 0.109442 0.601145 0.082976 0.124046
1 0.313305 0.546756 0.110157 0.089695
1 0.294707 0.504771 0.103004 0.074427
1 0.293991 0.464218 0.090129 0.067748
1 0.273605 0.434637 0.087983 0.065840
1 0.615165 0.410305 0.062947 0.076336
1 0.901645 0.579676 0.105150 0.109733
1 0.781116 0.460401 0.080114 0.083015
1 0.687411 0.367844 0.062947 0.065840
1 0.384835 0.207538 0.037196 0.044847
1 0.358727 0.169370 0.020744 0.035305
1 0.790057 0.391698 0.053648 0.067748
1 0.762160 0.192748 0.045064 0.032443
1 0.813305 0.227099 0.052933 0.041985
1 0.496066 0.363073 0.047926 0.075382
0 0.091559 0.413168 0.037196 0.024809
7 0.198140 0.475191 0.015737 0.041985
0 0.139843 0.407443 0.016452 0.032443
0 0.142704 0.386927 0.019313 0.023855
0 0.161302 0.368321 0.023605 0.026718
0 0.240343 0.412214 0.025751 0.030534
1 0.060443 0.014790 0.023605 0.014313
1 0.060801 0.007634 0.021459 0.013359
1 0.072961 0.053435 0.021459 0.024809
1 0.137697 0.119752 0.022175 0.029580
1 0.086552 0.155534 0.045780 0.032443
1 0.061874 0.119275 0.022175 0.028626
1 0.065093 0.100668 0.024320 0.027672
1 0.134835 0.096851 0.020744 0.023855
1 0.133047 0.081584 0.018598 0.023855
1 0.126967 0.038645 0.019313 0.021947
1 0.123391 0.026718 0.027897 0.019084
1 0.127325 0.020515 0.014306 0.016221
1 0.124821 0.016221 0.012160 0.020992
1 0.079757 0.027672 0.017883 0.020992
1 0.087983 0.092080 0.021459 0.029580
1 0.135551 0.141221 0.023605 0.034351
1 0.233548 0.168416 0.055079 0.023855
2 0.126609 0.007634 0.012876 0.015267
2 0.128755 0.055344 0.017167 0.024809
2 0.209943 0.141221 0.042203 0.034351
2 0.164878 0.170324 0.043634 0.065840
0 0.265737 0.335878 0.019313 0.017176
0 0.311516 0.399332 0.019313 0.025763
0 0.327611 0.374523 0.021459 0.021947
0 0.292203 0.375954 0.022175 0.020992
0 0.263591 0.394561 0.023605 0.010496
0 0.277539 0.367366 0.022890 0.024809
0 0.312589 0.358302 0.025751 0.023855
7 0.267525 0.378340 0.037196 0.023855
7 0.334406 0.335878 0.033619 0.030534
7 0.429542 0.458492 0.026466 0.035305
0 0.443133 0.504294 0.015021 0.033397
0 0.461373 0.540076 0.024320 0.041985
0 0.511803 0.481870 0.029328 0.024809
0 0.510730 0.461355 0.028612 0.035305
0 0.492489 0.430821 0.020744 0.035305
0 0.476753 0.423664 0.025036 0.034351
0 0.454936 0.370706 0.017167 0.033397
0 0.402718 0.395038 0.028612 0.017176
0 0.398426 0.390267 0.024320 0.022901
0 0.397711 0.360687 0.021459 0.024809
0 0.362303 0.343034 0.025036 0.014313
0 0.431688 0.367844 0.020744 0.023855
0 0.417024 0.434160 0.027182 0.032443
0 0.461373 0.405534 0.025751 0.019084
7 0.432046 0.348282 0.027182 0.020992
7 0.548999 0.552958 0.019313 0.044847
0 0.409871 0.417462 0.027182 0.020038
0 0.350143 0.311069 0.027897 0.015267
1 0.438126 0.266221 0.045064 0.062977
0 0.391273 0.271469 0.015737 0.023855
0 0.378040 0.259542 0.019313 0.022901
0 0.571888 0.588263 0.026466 0.050573
0 0.743205 0.949427 0.057225 0.061069
0 0.644492 0.700859 0.035765 0.054389
0 0.684192 0.750477 0.022175 0.041031
6 0.774678 0.574905 0.250358 0.287214
1 0.971388 0.580630 0.055794 0.096374
1 0.927396 0.245229 0.055079 0.038168
1 0.971745 0.271947 0.049356 0.030534
2 0.953147 0.317271 0.092275 0.088740
1 0.610515 0.096851 0.036481 0.025763
2 0.541488 0.061546 0.032904 0.029580
1 0.490701 0.034351 0.021459 0.020992
1 0.457082 0.017653 0.017167 0.016221
1 0.454220 0.060592 0.024320 0.020038
