0 0.081000 0.644333 0.145000 0.112667
0 0.459250 0.704000 0.074500 0.172000
2 0.849250 0.592667 0.193500 0.225333
0 0.838000 0.501667 0.100000 0.068667
0 0.960500 0.525667 0.079000 0.070000
0 0.956250 0.417667 0.087500 0.064667
0 0.791500 0.389667 0.096000 0.067333
0 0.672000 0.331333 0.060000 0.060000
0 0.491500 0.369000 0.045000 0.079333
0 0.522000 0.296000 0.036000 0.061333
0 0.539000 0.228000 0.033000 0.052000
0 0.558000 0.165667 0.030000 0.046000
0 0.659500 0.056333 0.037000 0.024667
0 0.626750 0.056667 0.016500 0.024000
0 0.632750 0.038000 0.020500 0.025333
0 0.634250 0.019333 0.015500 0.016000
0 0.737250 0.177333 0.026500 0.044000
0 0.741500 0.060333 0.026000 0.026000
0 0.735250 0.022667 0.018500 0.022667
0 0.791000 0.061000 0.049000 0.020667
0 0.798000 0.074333 0.046000 0.027333
0 0.868250 0.067000 0.042500 0.023333
0 0.815500 0.148000 0.059000 0.033333
0 0.816000 0.134667 0.028000 0.024000
